Pedestrian -1 -1 1.6369 367.0918 176.8550 389.6779 229.7321 1.8238 0.7028 0.8354 -8.1002 1.5366 25.2807 1.3295 0.2144
Pedestrian -1 -1 3.5492 29.2636 174.9795 71.1518 238.5482 1.6521 0.6386 0.6796 -14.8285 1.3872 19.0716 2.8949 0.1885
Pedestrian -1 -1 2.1692 337.5946 159.6658 386.3097 223.8420 1.8287 0.6003 1.5422 -7.3067 1.1018 21.3038 1.8425 0.1149
Cyclist -1 -1 2.1015 333.8083 159.8525 382.9555 226.5533 1.9017 0.6728 1.5724 -7.4196 1.1797 21.3292 1.7704 0.3631
Car -1 -1 -1.7484 515.7481 166.1309 561.1973 197.7526 1.5075 1.6066 3.9617 -3.5926 0.5988 36.3916 -1.8463 0.9117
Car -1 -1 -1.6990 438.8722 166.7450 477.8085 195.2268 1.4418 1.5782 3.6367 -8.0437 0.5079 38.3614 -1.9045 0.8776
Car -1 -1 -0.2335 696.5196 175.0079 828.1402 222.4990 1.4443 1.5056 3.8078 4.7687 1.1350 22.6663 -0.0290 0.4601
Car -1 -1 -1.3862 218.7890 189.9140 400.3173 317.9608 1.4443 1.6095 4.1256 -4.1089 1.5279 10.4384 -1.7528 0.2982
Car -1 -1 1.5093 373.0755 170.1425 408.3569 198.1454 1.4921 1.6519 4.1134 -12.3024 0.6901 40.5163 1.2161 0.1907
Car -1 -1 1.7382 219.7276 166.4568 266.4846 196.4205 1.6099 1.6767 4.2587 -20.7030 0.6031 40.9006 1.2721 0.1543
