Pedestrian -1 -1 -1.5570 1137.5227 143.1360 1169.9397 213.7442 1.8231 0.6756 0.5486 14.3065 1.0561 19.0502 -0.9204 0.4708
Pedestrian -1 -1 -1.2050 336.0999 185.7824 416.8836 316.0193 1.5212 0.7194 0.7723 -2.9188 1.6885 8.9114 -1.5139 0.3470
Cyclist -1 -1 -3.0112 689.8470 166.5674 730.1783 203.9863 1.8078 0.5970 1.8992 4.8691 1.5044 35.3932 -2.8761 0.4392
Cyclist -1 -1 -3.0038 893.9731 170.8318 927.9781 203.1879 1.8046 0.6583 1.7087 17.0465 1.6922 40.9552 -2.6124 0.2815
Car -1 -1 -1.7404 876.9313 184.0065 979.4563 252.5750 1.4854 1.6552 4.3247 8.0223 1.8098 18.6682 -1.3411 0.9412
Car -1 -1 -2.4487 267.0106 177.8118 524.1584 293.8187 1.6022 1.6560 3.7777 -3.4969 1.6926 11.5969 -2.7361 0.8008
Car -1 -1 -1.6472 845.2621 172.9919 892.0060 215.3097 1.8912 1.7516 4.3944 12.2910 1.8986 34.6071 -1.3092 0.7305
Car -1 -1 1.7947 878.7897 169.5947 906.7338 187.3017 1.5714 1.5538 3.9448 25.9076 1.2825 66.0976 2.1665 0.2515
Car -1 -1 0.2806 664.4659 172.2315 719.3240 194.8197 1.6847 1.6707 3.8691 6.2548 1.6386 55.3237 0.3922 0.2299
Car -1 -1 -1.4984 708.1462 171.5219 738.6543 197.5905 1.5836 1.6361 4.1098 7.2392 1.5031 46.0159 -1.3437 0.2244
Car -1 -1 -2.8418 671.1682 159.5737 725.8326 180.1366 1.8910 1.7856 4.8122 8.3345 0.6701 68.1484 -2.7208 0.2063
