Pedestrian -1 -1 1.9133 1053.6093 118.9068 1124.3868 247.6073 1.7842 0.6343 0.8028 6.9165 1.0367 10.4968 2.4830 0.5523
Pedestrian -1 -1 0.9570 895.0684 90.2854 1012.0063 284.0778 1.8434 0.6607 0.9206 3.4265 1.0584 7.3763 1.3765 0.3033
Pedestrian -1 -1 -0.3618 567.1871 173.8803 578.6691 197.7150 1.6943 0.7647 0.5901 -2.6914 1.7690 51.7959 -0.4139 0.1368
Pedestrian -1 -1 -1.0840 705.3671 174.3425 717.0750 195.2880 1.6770 0.7103 0.6621 8.1570 1.7987 58.3120 -0.9461 0.1227
Pedestrian -1 -1 3.5593 105.7389 128.1244 165.3905 224.6369 1.8732 0.5965 0.8196 -9.4803 1.0054 14.3601 2.9842 0.1195
Pedestrian -1 -1 0.0501 85.5804 118.1487 139.5620 250.0470 1.7428 0.5351 0.5801 -6.8736 1.0203 9.9102 -0.5439 0.1163
Cyclist -1 -1 -2.0217 711.7687 165.5974 736.3188 202.6479 1.7192 0.4583 1.6914 5.3787 1.3828 34.3529 -1.8681 0.2765
Cyclist -1 -1 0.8188 896.3677 90.4703 1024.1268 281.5611 1.7765 0.6235 1.0216 3.4501 1.0110 7.2889 1.2452 0.1083
Car -1 -1 1.7151 575.3946 177.9159 616.1098 209.2353 1.6015 1.6689 4.1197 -0.7655 1.8957 39.7352 1.6954 0.9254
Car -1 -1 -1.4728 698.1733 143.6830 735.9573 182.3629 2.1027 1.7243 4.5707 6.1985 0.5173 41.6480 -1.3262 0.1300
Car -1 -1 1.3604 696.3293 167.5284 727.3598 190.8002 1.8846 1.6950 4.3826 8.4961 1.4536 60.6743 1.4985 0.1012
Car -1 -1 1.5894 592.8387 172.7481 615.4138 194.7969 1.6618 1.6928 4.2407 -0.4523 1.6541 56.5065 1.5811 0.1011
