Cyclist -1 -1 -1.3039 0.0000 72.0102 79.3499 258.6224 1.6816 0.5380 1.6368 -6.0269 0.7732 7.3577 -1.9725 0.4375
Car -1 -1 2.0064 332.8967 175.3865 616.4703 363.2082 1.5098 1.5556 3.5950 -1.2208 1.5443 7.7929 1.8546 0.9567
Car -1 -1 -1.7908 948.1320 196.2296 1242.0000 375.0000 1.4624 1.4713 3.1078 3.8320 1.7166 6.1259 -1.2544 0.9528
Car -1 -1 -1.3223 601.3541 179.4162 723.2205 267.9065 1.4875 1.5431 3.8069 1.1302 1.6382 14.4800 -1.2471 0.9437
Car -1 -1 1.6483 742.4628 168.7630 786.2441 206.9861 1.6339 1.6582 4.0907 7.0807 1.4594 33.0370 1.8571 0.8850
Car -1 -1 -1.6270 886.5886 176.0619 953.2820 239.9693 1.6241 1.5208 2.6914 8.4778 1.7202 20.0085 -1.2322 0.8328
Car -1 -1 -0.7008 0.0000 178.3374 393.4814 375.0000 1.4970 1.5642 3.6437 -2.7233 1.5379 3.3741 -1.3428 0.7940
Car -1 -1 -2.8880 600.2459 167.7136 703.7219 206.1779 1.4418 1.5140 3.8013 1.6170 1.2495 28.3431 -2.8321 0.7637
Car -1 -1 1.4994 860.3250 173.2935 887.4390 195.2840 1.6164 1.6496 4.0910 20.1634 1.6518 55.3144 1.8469 0.6648
Car -1 -1 -1.6430 879.6459 178.7936 941.4495 227.6797 1.4994 1.6510 3.6680 10.1226 1.7188 24.6122 -1.2576 0.6040
Car -1 -1 1.6191 768.8240 172.2546 801.3517 202.1828 1.5893 1.5934 3.9164 9.8106 1.5579 40.4176 1.8551 0.4795
