Pedestrian -1 -1 1.6046 702.6320 161.4896 714.9037 196.3936 1.8604 0.6298 0.8567 5.2966 1.2551 38.9313 1.7384 0.3197
Pedestrian -1 -1 3.6706 0.0000 118.4128 100.1035 310.6859 1.7385 0.6496 0.7532 -5.5210 1.2466 6.8913 3.0138 0.3074
Pedestrian -1 -1 1.5380 731.1149 152.4830 747.6043 198.4034 1.8698 0.6387 0.9130 5.3091 1.0407 29.8737 1.7119 0.2457
Pedestrian -1 -1 1.8826 536.6786 171.7404 551.7396 201.4000 1.7923 0.6896 0.8509 -4.0498 1.7254 44.0903 1.7911 0.2189
Pedestrian -1 -1 1.3802 357.4744 149.6489 391.4704 227.2881 1.7567 0.6397 0.6515 -5.5255 1.2320 16.7632 1.0661 0.2017
Car -1 -1 -1.6753 658.3647 177.3227 718.7246 224.7744 1.4695 1.6131 4.0844 2.5670 1.6360 24.7727 -1.5740 0.9367
Car -1 -1 -1.4673 461.4304 183.2442 536.5367 243.2793 1.4170 1.6160 4.0020 -2.9837 1.7313 19.7673 -1.6159 0.9143
Car -1 -1 -1.8089 700.7831 176.0438 854.2838 274.8820 1.4261 1.6198 3.9752 2.6549 1.4908 12.5530 -1.6062 0.8868
Car -1 -1 -1.3239 323.8327 189.3827 505.0001 314.0715 1.4510 1.6218 4.2136 -2.7888 1.7532 11.0636 -1.5662 0.8815
Car -1 -1 -1.6417 636.4644 174.7203 667.8829 200.5529 1.4256 1.5542 3.6907 2.3775 1.5392 41.9411 -1.5859 0.5614
Car -1 -1 -2.2962 962.7225 0.3906 1242.0000 375.0000 1.9350 1.6704 3.7194 4.3631 1.1265 5.2894 -1.6333 0.1977
