Pedestrian -1 -1 -0.1133 0.0000 78.7881 64.0919 329.1377 1.7946 0.6208 0.7314 -4.8438 1.1207 5.6481 -0.7991 0.4718
Pedestrian -1 -1 -1.3560 295.5315 190.9187 323.4975 248.9013 1.5833 0.5737 0.7926 -8.5418 2.1058 20.4149 -1.7482 0.2689
Pedestrian -1 -1 -3.1585 668.1138 162.6973 684.0601 192.1697 1.8587 0.5486 0.9979 4.1610 1.2185 45.8120 -3.0688 0.2018
Pedestrian -1 -1 -0.9019 820.5875 149.6389 847.4103 203.3019 1.8668 0.5988 0.7066 7.8861 1.0596 25.5449 -0.6061 0.1741
Pedestrian -1 -1 -1.2432 653.7538 172.7646 663.5729 192.9622 1.8177 0.7328 0.6031 4.3888 1.8100 65.3519 -1.1768 0.1596
Cyclist -1 -1 -0.9670 459.9148 180.4378 482.4909 211.1542 1.6754 0.5242 1.4324 -7.8160 2.1094 40.4909 -1.1569 0.3481
Car -1 -1 1.9530 62.1874 200.9657 395.0348 375.0000 1.4524 1.5595 4.0411 -3.6304 1.8313 7.6582 1.5227 0.9679
Car -1 -1 1.8087 330.0624 178.1173 478.9628 291.0338 1.7854 1.7309 4.1967 -3.7417 1.9014 13.7225 1.5464 0.9675
Car -1 -1 1.6456 504.4000 181.6745 550.9964 220.8181 1.4883 1.6462 4.2142 -3.4550 1.8880 30.5303 1.5333 0.7305
Car -1 -1 1.8112 295.9218 191.9177 345.4298 222.3909 1.4748 1.5970 4.0771 -15.8871 2.5807 39.7111 1.4326 0.1851
Car -1 -1 -2.7110 317.9493 187.2257 433.4926 233.4517 1.5810 1.6395 3.6644 -8.5519 2.1267 26.3479 -3.0224 0.1697
