Pedestrian -1 -1 2.2323 219.6966 177.5612 273.7210 258.4156 1.8055 0.6707 0.9559 -8.4479 1.9184 16.7070 1.7701 0.7675
Cyclist -1 -1 2.3769 212.6462 146.2864 266.9853 210.8752 1.8052 0.5711 1.3923 -10.7574 1.0630 20.9144 1.9068 0.1154
Cyclist -1 -1 1.3278 658.2703 178.3891 676.0449 212.9536 1.6445 0.4935 1.6056 2.7590 1.9230 35.4248 1.4042 0.1042
Cyclist -1 -1 2.2323 219.6966 177.5612 273.7210 258.4156 1.8055 0.6707 0.9559 -8.4479 1.9184 16.7070 1.7701 0.1038
Car -1 -1 1.7739 456.3997 174.4633 502.9704 204.5202 1.4953 1.6115 4.1990 -6.8762 1.5856 38.2389 1.5968 0.1585
Car -1 -1 1.3321 1026.2867 161.6656 1079.8502 192.8636 1.5271 1.5517 3.4996 22.7474 0.9798 37.2169 1.8770 0.1469
Car -1 -1 1.4556 1188.1625 179.6950 1242.0000 220.7907 1.4593 1.6120 3.8730 23.9546 1.7482 28.3668 2.1513 0.1395
Car -1 -1 -1.8168 888.4802 156.0180 945.2300 189.5412 1.5163 1.6064 3.8059 14.6137 0.7552 34.6359 -1.4208 0.1267
Car -1 -1 2.3836 260.0202 186.0379 338.4248 217.9661 1.6231 1.6361 4.0336 -17.4616 2.4060 40.6493 1.9799 0.1252
Car -1 -1 1.7266 489.2717 168.0761 533.4460 200.5199 1.6387 1.6954 4.2792 -5.2487 1.3978 38.5996 1.5920 0.1192
Car -1 -1 -0.9492 875.1296 158.2814 934.1589 183.4155 1.7027 1.7213 4.2061 20.7045 0.7159 50.7304 -0.5639 0.1133
