Pedestrian -1 -1 -0.1873 674.2930 171.9865 699.4695 214.5872 1.7458 0.6674 0.9289 3.1435 1.7106 29.9373 -0.0843 0.5790
Pedestrian -1 -1 3.1622 0.0000 135.0059 35.2706 251.1569 1.8244 0.6416 0.8069 -9.9965 1.2303 11.8326 2.4718 0.5087
Car -1 -1 0.7447 337.7200 184.0381 419.1325 213.4653 1.4774 1.5976 4.2370 -12.5849 2.1084 39.0679 0.4346 0.9178
Car -1 -1 1.3794 461.7989 178.8467 511.0834 212.7354 1.3826 1.5152 3.4672 -5.5654 1.6644 31.9922 1.2081 0.9055
Car -1 -1 2.7060 640.3633 175.3303 706.2080 197.6450 1.5820 1.6993 4.5318 4.6270 1.7699 53.0750 2.7920 0.9032
Car -1 -1 2.1819 0.0000 191.6176 200.8027 375.0000 1.4401 1.5708 3.8488 -5.9215 1.6788 7.1949 1.5112 0.8969
Car -1 -1 -2.2456 898.4702 188.1842 1242.0000 375.0000 1.4572 1.5693 3.8000 2.9680 1.5749 3.5999 -1.5963 0.7169
Car -1 -1 1.9103 109.1590 180.8818 213.1437 231.1891 1.5035 1.7138 4.0482 -15.0749 1.7995 24.4084 1.3616 0.6998
Car -1 -1 -1.1467 40.3925 183.0794 143.1256 229.4409 1.4329 1.5675 3.5153 -17.8694 1.8142 25.0002 -1.7624 0.5971
Car -1 -1 -1.1771 0.0000 190.2898 61.5829 237.8812 1.3818 1.5124 3.6297 -20.2273 2.0176 24.3369 -1.8653 0.4997
Car -1 -1 2.5560 533.4727 176.5410 600.7591 201.6995 1.6357 1.6879 4.4106 -2.9411 1.8992 49.4942 2.4965 0.4769
