Pedestrian -1 -1 -1.7529 673.1231 175.2705 694.5550 217.3368 1.7751 0.8328 0.4892 3.1034 1.8794 30.7544 -1.6539 0.2756
Pedestrian -1 -1 -2.7599 665.2113 166.2471 687.1741 202.7208 1.7987 0.5232 0.9673 3.2682 1.4733 36.0329 -2.6706 0.1884
Pedestrian -1 -1 -0.4498 408.9722 165.8029 430.0309 203.6064 1.7249 0.6671 0.7250 -8.8608 1.4035 33.4082 -0.7075 0.1765
Cyclist -1 -1 -1.8540 788.2184 158.0685 832.2649 226.5736 1.7952 0.6208 2.0060 5.4495 1.4081 19.9150 -1.5912 0.8499
Car -1 -1 -1.6488 578.3279 179.9196 655.3728 245.9812 1.6054 1.7986 3.9926 0.0400 1.8222 20.0323 -1.6478 0.9262
Car -1 -1 1.7159 512.7227 176.2181 545.1134 201.5969 1.5835 1.5736 3.8954 -5.3274 1.8146 47.5143 1.6045 0.2007
Car -1 -1 -1.1650 143.5292 106.1835 458.1136 318.1976 2.3289 2.0951 5.4946 -4.0616 1.5969 10.7202 -1.5197 0.1567
Car -1 -1 1.4163 640.2148 179.7502 672.6383 206.3707 1.7003 1.5889 4.0840 3.0975 2.1919 49.2829 1.4781 0.1450
Car -1 -1 -1.3370 402.4246 159.9148 455.0921 192.8604 1.5182 1.6089 3.9904 -8.8205 0.9223 35.2511 -1.5806 0.1342
Car -1 -1 2.4509 114.3788 168.0964 190.0219 195.3126 1.5608 1.6118 3.6449 -27.4674 1.2883 43.3583 1.8889 0.1078
