Car -1 -1 -1.8395 744.1258 174.9513 925.3340 296.5561 1.5419 1.6140 3.7773 3.1680 1.5800 11.1008 -1.5695 0.9623
Car -1 -1 3.6384 0.0000 178.5703 317.0726 300.9382 1.4356 1.6402 4.3290 -6.4260 1.5196 9.5516 3.0588 0.9526
Car -1 -1 -1.7524 676.6386 180.5658 740.6633 227.7075 1.4583 1.5507 3.4187 3.2502 1.7407 24.6375 -1.6235 0.9515
Car -1 -1 3.4842 175.1577 179.8550 404.4625 261.5799 1.5745 1.6536 4.0407 -6.5634 1.7298 15.0149 3.0780 0.9395
Car -1 -1 -2.0192 823.6522 183.9522 1242.0000 375.0000 1.4741 1.5814 3.6022 3.0641 1.5954 6.0564 -1.5714 0.9390
Car -1 -1 0.1943 447.2407 164.9050 532.2337 196.6999 1.6638 1.6818 4.2475 -6.4345 1.2482 38.6589 0.0301 0.9192
Car -1 -1 -2.8059 298.5480 177.6677 464.9505 233.2785 1.4422 1.5766 4.0420 -6.2026 1.5799 19.7154 -3.1074 0.8942
Car -1 -1 -0.1627 728.4243 177.0750 832.8058 215.7645 1.6430 1.7230 4.2543 7.4196 1.8355 31.8502 0.0635 0.8748
Car -1 -1 -2.9172 387.9065 171.9257 503.2894 219.3400 1.5567 1.5396 3.5602 -5.5579 1.5266 24.4612 -3.1387 0.6793
Car -1 -1 3.1347 410.3589 173.3549 510.2573 214.5090 1.5988 1.6377 3.8594 -6.0912 1.6204 29.2628 2.9308 0.5704
Car -1 -1 -2.8403 349.9373 185.6161 495.5974 237.4433 1.4865 1.6339 4.0068 -5.6999 1.8934 22.0620 -3.0909 0.5500
