Pedestrian -1 -1 -1.6550 540.7390 172.4209 560.4754 210.5586 1.6772 0.8006 0.9122 -2.2900 1.2789 32.1017 -1.7307 0.6055
Pedestrian -1 -1 -1.4128 978.6196 145.7457 1015.9188 226.2940 1.7468 0.6086 0.9124 8.8544 0.9727 16.1232 -0.9225 0.5358
Pedestrian -1 -1 2.4466 401.8570 168.7472 442.3327 241.6488 1.7818 0.6055 0.7807 -4.5361 1.4713 18.0478 2.1984 0.4898
Pedestrian -1 -1 3.2009 489.7932 179.4133 521.5518 244.0612 1.6825 0.5163 0.8059 -2.5565 1.6293 18.9810 3.0634 0.4315
Pedestrian -1 -1 0.5539 184.6488 140.6975 255.9595 260.1573 1.7981 0.6902 0.7264 -5.9601 1.1852 11.1785 0.0684 0.3368
Pedestrian -1 -1 -0.0801 499.7088 181.7306 536.4132 253.2273 1.7283 0.6264 0.8499 -2.1007 1.7353 17.7560 -0.2018 0.3226
Pedestrian -1 -1 2.0387 738.7076 142.0400 759.3455 189.7136 1.8634 0.6118 0.5711 5.8360 0.3221 28.4877 2.2341 0.2649
Pedestrian -1 -1 2.1729 393.6206 171.0108 431.1102 241.9565 1.7992 0.5639 0.8506 -4.9498 1.5344 18.7099 1.9124 0.2593
Cyclist -1 -1 -1.7930 639.9778 172.6114 652.8400 201.0776 1.6098 0.3841 1.6136 2.5890 1.1080 41.4487 -1.7360 0.4608
Cyclist -1 -1 -2.0642 538.2416 172.2918 563.0582 210.1020 1.6595 0.7596 0.9187 -2.2870 1.2563 32.1173 -2.1398 0.1158
Car -1 -1 -1.8362 704.3680 154.5898 836.7712 257.0782 1.8337 1.6325 3.8242 3.2766 1.3535 14.8048 -1.6275 0.9648
Car -1 -1 -2.2300 1128.7003 186.1512 1238.0000 374.0000 1.4514 1.5919 4.0068 7.0456 1.5104 6.8210 -1.4529 0.4089
Car -1 -1 -1.4318 539.6251 179.2495 576.2248 205.8047 1.4512 1.5827 3.9809 -2.4521 1.3290 41.2963 -1.4958 0.3086
Car -1 -1 -2.0788 617.0851 165.6514 668.6762 190.7477 1.4738 1.5761 3.6410 2.5066 0.5438 44.1634 -2.0273 0.2962
Car -1 -1 -0.9413 1068.3413 136.5831 1238.0000 374.0000 1.5427 1.6013 4.1702 4.6679 1.3924 3.2758 -0.0249 0.2663
Car -1 -1 -2.1850 639.0206 166.3841 682.7183 186.1331 1.5775 1.6504 3.8890 4.9096 0.3706 59.4710 -2.1078 0.2374
