Pedestrian -1 -1 -1.4166 185.9493 141.5187 222.8081 219.9601 1.8240 0.6298 0.9509 -9.7790 1.0957 17.3302 -1.9239 0.3151
Pedestrian -1 -1 0.5700 387.0454 180.5247 417.2426 233.3743 1.7160 0.5932 0.7633 -6.9368 1.9750 23.9331 0.2902 0.2988
Pedestrian -1 -1 -0.2142 275.2208 182.3950 328.8650 268.8782 1.7827 0.5470 0.9657 -6.6578 1.9945 15.4831 -0.6147 0.2976
Pedestrian -1 -1 1.9812 860.1351 170.7212 933.7086 308.6024 1.7200 0.7256 0.5910 3.7078 1.6937 9.4627 2.3429 0.2578
Pedestrian -1 -1 0.4091 318.4014 183.4771 368.7495 257.2850 1.8240 0.6212 1.0340 -6.7845 2.0983 18.2659 0.0575 0.2375
Pedestrian -1 -1 0.4922 221.1285 183.9934 277.8961 285.5482 1.7686 0.4808 0.7704 -6.4754 1.9717 12.8719 0.0338 0.1722
Car -1 -1 3.3049 254.7589 179.2532 400.9274 228.6422 1.6198 1.8283 4.5446 -9.8280 1.8572 25.3668 2.9383 0.9597
Car -1 -1 -1.5096 467.9966 185.5860 509.5193 221.6941 1.4303 1.5850 3.5322 -5.3170 2.0227 31.7136 -1.6749 0.9075
Car -1 -1 1.6151 486.3842 181.8827 521.8486 212.9019 1.5040 1.6832 4.1684 -5.6183 2.0119 38.3964 1.4703 0.6002
Car -1 -1 -0.5360 0.0000 0.0000 1242.0000 375.0000 1.5808 1.6268 3.9271 -3.3485 1.6799 1.5099 -1.6156 0.2501
Car -1 -1 1.6923 438.0820 182.0500 468.7803 206.2487 1.4828 1.5303 3.8143 -10.3346 2.1159 47.6751 1.4796 0.2084
