Pedestrian -1 -1 -1.5315 280.6494 181.4033 315.2757 262.0620 1.5961 0.6170 0.7137 -6.3034 1.6168 14.4395 -1.9334 0.5050
Pedestrian -1 -1 -3.4506 989.8422 109.8035 1066.2156 241.3689 1.7707 0.4342 0.8129 5.8080 0.8209 9.8092 -2.9280 0.3551
Pedestrian -1 -1 -1.1294 787.3117 162.2407 805.8024 195.3824 1.7523 0.7124 0.7319 10.2556 0.7883 37.8881 -0.8654 0.2941
Pedestrian -1 -1 3.4107 123.6852 107.7842 211.0442 244.8259 1.8233 0.5539 0.9112 -6.0866 0.8575 9.7903 2.8715 0.2547
Pedestrian -1 -1 -0.6604 979.5137 145.4308 1033.8696 215.8782 1.7899 0.6081 1.0815 10.3778 0.9004 18.3411 -0.1511 0.2403
Pedestrian -1 -1 2.9448 510.1398 164.9930 521.6744 186.7249 1.8686 0.5050 0.9096 -7.6904 0.5364 61.1713 2.8221 0.2319
Pedestrian -1 -1 -1.4086 118.5434 154.9479 137.0618 194.9246 1.9342 0.6418 0.7223 -23.4094 0.6994 34.6662 -1.9963 0.2187
Pedestrian -1 -1 -3.1553 773.5521 160.3101 796.8353 192.4951 1.8293 0.5496 1.2869 10.3334 0.6831 40.5985 -2.9062 0.1626
Pedestrian -1 -1 -1.5870 882.3997 152.1261 896.0983 190.0607 1.7817 0.5905 0.7541 13.5133 0.4505 33.6611 -1.2067 0.1544
Pedestrian -1 -1 -1.1833 249.6430 154.5849 267.5852 190.8709 1.8995 0.6522 0.6523 -18.3099 0.5443 37.3541 -1.6337 0.1359
Cyclist -1 -1 -2.1687 971.8077 141.2736 1039.3864 212.3759 1.7574 0.5643 1.8721 10.3644 0.7895 18.4289 -1.6619 0.1620
Car -1 -1 2.7276 848.4141 161.6477 993.2750 208.5379 1.4313 1.5705 3.8798 9.8812 0.8574 22.3648 3.1402 0.9606
Car -1 -1 -0.8774 0.0000 207.6716 291.8114 370.0000 1.4817 1.6005 3.9122 -3.1625 1.6871 3.3224 -1.5904 0.8075
Car -1 -1 -1.3948 61.2666 172.2196 97.9996 194.1192 1.5856 1.5852 3.6783 -39.4645 0.9874 53.1887 -2.0285 0.1551
