Car -1 -1 -1.9657 778.6233 174.8019 1126.7844 375.0000 1.5493 1.5530 3.3825 2.7181 1.5723 6.6863 -1.5961 0.9766
Car -1 -1 3.6516 0.0000 155.6657 298.1557 282.5593 1.6752 1.6363 3.7808 -6.8092 1.4486 10.4460 3.0853 0.9619
Car -1 -1 -0.1997 733.5175 173.7242 853.5856 222.4673 1.6593 1.7268 3.8441 6.3740 1.6916 25.5355 0.0416 0.9520
Car -1 -1 -1.6902 676.6162 182.5340 749.5585 240.5611 1.4574 1.5949 3.7356 2.8048 1.7597 20.6239 -1.5578 0.9484
Car -1 -1 0.6464 0.0000 182.0292 286.0541 333.9068 1.5174 1.6083 4.0542 -6.1007 1.6321 8.1508 0.0192 0.9410
Car -1 -1 0.3940 229.8958 187.5955 436.3438 264.4687 1.5669 1.5785 3.9436 -6.0467 1.9095 15.8921 0.0354 0.8593
Car -1 -1 0.3497 293.6017 182.4620 473.2563 248.1556 1.5437 1.5771 4.0029 -5.6484 1.7970 18.1017 0.0507 0.8502
Car -1 -1 0.9428 0.0000 216.8553 158.8167 375.0000 1.4191 1.5897 4.0435 -5.9335 1.8220 5.5194 0.1453 0.8265
Car -1 -1 0.3018 352.4614 176.7272 493.1960 232.0142 1.6695 1.6033 4.0125 -5.8969 1.7972 22.8149 0.0511 0.8093
Car -1 -1 -2.6509 88.2414 191.0024 346.8531 281.3399 1.4975 1.6231 3.8211 -7.0411 1.8484 13.1110 -3.1358 0.7923
Car -1 -1 -1.6029 634.6572 180.4822 658.6890 201.9978 1.5186 1.6712 3.9770 2.7024 2.1147 54.3469 -1.5540 0.7118
