Pedestrian -1 -1 -0.7699 293.8695 159.6046 350.9480 218.5938 1.7522 0.5741 1.7275 -8.9231 1.3590 22.3348 -1.1462 0.1090
Cyclist -1 -1 -0.7699 293.8695 159.6046 350.9480 218.5938 1.7522 0.5741 1.7275 -8.9231 1.3590 22.3348 -1.1462 0.3495
Car -1 -1 -1.8533 735.8553 178.1225 943.2408 320.1422 1.5347 1.5872 3.7353 2.8017 1.6204 9.8119 -1.5842 0.9649
Car -1 -1 -1.4270 472.0457 179.7632 542.4388 236.3132 1.6093 1.6672 3.9111 -3.2223 1.8484 22.9700 -1.5655 0.9635
Car -1 -1 -1.7726 684.0701 177.9978 799.5154 256.9082 1.4556 1.6278 3.9740 2.6407 1.5814 15.5861 -1.6088 0.9552
Car -1 -1 -2.1425 818.7664 178.9993 1242.0000 375.0000 1.5315 1.6960 4.3462 2.6746 1.5858 4.1317 -1.6011 0.7669
Car -1 -1 1.6726 505.3679 182.7791 549.8774 217.9237 1.4377 1.5784 4.4215 -3.7376 1.9224 32.9862 1.5601 0.7351
Car -1 -1 -1.6868 671.4508 176.4511 736.5141 224.7592 1.4324 1.6384 3.9567 2.9486 1.5607 23.6700 -1.5650 0.7332
Car -1 -1 -1.6761 647.4545 177.0600 689.8771 212.4436 1.4658 1.4984 3.5820 2.5203 1.6640 32.1290 -1.5991 0.7005
Car -1 -1 -1.4311 637.5461 177.0371 672.3757 203.5858 1.4651 1.5459 3.7159 2.6493 1.7228 42.4125 -1.3696 0.4211
Car -1 -1 3.2363 484.7073 173.2675 549.1656 197.1138 1.6136 1.6757 4.2702 -6.4073 1.6430 49.7602 3.1085 0.3135
