Pedestrian -1 -1 -2.6403 237.6437 175.0325 272.9986 236.2767 1.7031 0.5872 0.6983 -9.9048 1.5526 19.9667 -3.0928 0.6510
Pedestrian -1 -1 -2.3143 327.0899 165.4710 369.0225 229.3714 1.7296 0.6630 0.8983 -7.1697 1.3244 19.6351 -2.6574 0.6163
Pedestrian -1 -1 0.9154 560.0909 156.4762 599.4469 224.3447 1.8195 0.6596 0.9232 -0.7358 1.1770 19.5160 0.8802 0.5523
Pedestrian -1 -1 1.6364 396.8810 154.6743 434.1783 239.2036 1.9714 0.8008 1.0234 -4.5969 1.3707 17.0634 1.3797 0.4641
Pedestrian -1 -1 -2.5517 211.8404 170.3246 254.0294 238.0907 1.7140 0.6609 0.7169 -9.6328 1.4582 18.2470 -3.0285 0.4439
Pedestrian -1 -1 -1.6498 194.3286 177.0329 221.4600 236.6014 1.7455 0.6532 0.8131 -11.9639 1.6455 21.2329 -2.1548 0.3984
Pedestrian -1 -1 -2.0944 1137.6984 142.5667 1181.5990 193.5907 1.8420 0.5210 1.6595 20.6432 0.4741 26.3777 -1.4345 0.1340
Pedestrian -1 -1 -2.0616 1043.5876 147.3381 1081.3589 195.9399 1.7671 0.4736 1.6224 17.1201 0.5629 26.5294 -1.4922 0.1110
Pedestrian -1 -1 -0.3563 787.7487 157.1489 832.2093 196.2122 1.6772 0.6869 1.7262 8.8901 0.6761 30.7612 -0.0759 0.1004
Cyclist -1 -1 -3.5468 989.6013 140.1810 1064.7603 200.8978 1.7323 0.6457 1.7691 12.2465 0.5835 20.5998 -3.0153 0.8142
Cyclist -1 -1 2.7715 788.4916 156.9616 831.6152 196.8565 1.7121 0.6721 1.6708 8.8904 0.7034 30.7484 3.0520 0.7884
Cyclist -1 -1 -1.4871 863.7482 152.8230 883.9366 199.2710 1.7388 0.5710 2.0609 10.4514 0.7042 27.5167 -1.1261 0.6170
Cyclist -1 -1 -3.4101 1077.5992 131.7750 1194.4600 216.6809 1.7562 0.6551 1.9101 11.3749 0.7500 15.2654 -2.7779 0.6129
Cyclist -1 -1 -0.2820 280.5423 167.6186 364.5269 241.4930 1.7201 0.5889 1.8115 -6.9097 1.4217 17.2430 -0.6550 0.5054
Cyclist -1 -1 -2.0679 1043.3965 147.6620 1081.5270 196.0136 1.7578 0.4766 1.6244 17.1174 0.5655 26.5263 -1.4985 0.5012
Cyclist -1 -1 -2.1119 1137.7723 142.9782 1182.1194 193.9342 1.8395 0.5175 1.6502 20.6477 0.4865 26.3693 -1.4517 0.3801
Cyclist -1 -1 1.6560 395.3564 156.5852 434.6814 241.9669 1.9870 0.8196 1.1410 -4.6118 1.4321 17.0817 1.3988 0.2150
Cyclist -1 -1 1.4667 332.6601 163.9827 361.9207 229.3383 1.7595 0.6678 0.9898 -7.1945 1.3164 19.6209 1.1223 0.1034
Cyclist -1 -1 0.9991 559.9570 156.3148 598.9269 224.5615 1.8263 0.6585 0.9613 -0.7458 1.1807 19.4981 0.9634 0.1009
Car -1 -1 -1.2954 332.6222 179.6439 485.0660 275.1973 1.4246 1.5678 3.7373 -3.2931 1.4135 12.4238 -1.5464 0.9627
Car -1 -1 1.6325 471.7108 169.1982 496.7104 190.7982 1.5523 1.6040 3.7219 -8.9689 0.7414 52.7424 1.4669 0.6912
