Cyclist -1 -1 1.8330 357.2826 171.8035 430.4946 300.9482 1.8076 0.5729 1.9976 -3.3281 1.7933 11.1019 1.5473 0.9651
Cyclist -1 -1 1.8383 258.7868 166.7961 352.8902 325.7007 1.7204 0.5650 1.8651 -3.6895 1.6552 8.7689 1.4499 0.9573
Car -1 -1 -1.9795 755.6286 173.1066 1028.0280 340.7701 1.4421 1.4879 3.2447 2.7348 1.4458 7.8895 -1.6584 0.9727
Car -1 -1 -1.7378 581.1655 173.9877 638.7983 220.0961 1.5880 1.5641 3.4979 -0.1076 1.6334 26.7958 -1.7425 0.9421
Car -1 -1 -1.8402 646.1035 172.4621 771.4568 249.2162 1.3854 1.5684 3.8321 1.8534 1.3787 15.0330 -1.7208 0.9381
Car -1 -1 -1.4831 406.9344 182.2294 450.7995 217.5309 1.4213 1.5642 3.7387 -8.0297 1.8638 32.0611 -1.7270 0.8515
Car -1 -1 1.8032 268.9358 186.0882 394.4076 266.4820 1.4685 1.6534 4.1309 -6.0503 1.8025 16.0373 1.4473 0.8473
Car -1 -1 -1.3586 155.7616 194.0030 332.5823 311.1612 1.3422 1.5797 3.7107 -5.3723 1.7224 10.9689 -1.8051 0.8250
Car -1 -1 -1.6829 556.3620 174.3429 593.9398 204.1799 1.4507 1.5332 3.5717 -1.8744 1.5316 37.1539 -1.7335 0.8080
Car -1 -1 2.7733 675.9863 160.9689 779.0770 203.2349 1.4979 1.5216 3.4436 4.2743 1.0770 26.6730 2.9301 0.6055
Car -1 -1 -1.8475 533.3596 171.5817 572.1584 198.3256 1.8708 1.7365 4.2098 -4.2571 1.7821 52.7453 -1.9280 0.5715
Car -1 -1 -1.3946 422.7710 173.9895 463.2040 203.8235 1.6072 1.5668 3.9638 -9.4783 1.6754 41.0402 -1.6205 0.5047
