Pedestrian -1 -1 1.3238 702.8464 162.9200 724.6985 208.2377 1.8469 0.7022 0.8664 4.2490 1.4424 29.8715 1.4632 0.6228
Pedestrian -1 -1 0.4378 774.1818 124.2015 868.0370 273.2382 1.8299 0.5308 1.0480 2.6875 1.2329 9.3985 0.7073 0.4482
Cyclist -1 -1 1.7265 518.0942 172.4489 538.4861 214.3270 1.7887 0.6267 1.7628 -3.6195 1.7718 31.7099 1.6132 0.8455
Cyclist -1 -1 1.7101 444.4759 173.1536 479.2896 249.5259 1.7380 0.5666 1.8729 -3.5941 1.7460 17.3774 1.5084 0.7925
Cyclist -1 -1 1.6937 473.3172 174.2152 510.3049 253.7794 1.8490 0.6715 1.9014 -2.9340 1.8847 17.7609 1.5315 0.6868
Car -1 -1 2.0661 0.0000 188.2029 304.9235 375.0000 1.5040 1.5848 3.8158 -4.9547 1.7156 7.9814 1.5248 0.9460
Car -1 -1 1.8079 404.2289 181.4712 486.5304 232.6084 1.4786 1.6294 4.4920 -5.3674 1.7912 23.8820 1.5886 0.8827
Car -1 -1 -2.0439 818.6945 181.5761 1242.0000 375.0000 1.4780 1.5982 3.7470 2.4999 1.5535 4.3199 -1.5495 0.8473
Car -1 -1 -1.5721 639.9520 175.2951 668.8507 201.3895 1.5311 1.7100 4.0662 2.7162 1.6901 44.8028 -1.5124 0.6501
Car -1 -1 1.7823 500.9541 179.7139 543.4999 209.4262 1.6148 1.6358 4.1937 -5.1293 2.0385 42.3716 1.6620 0.5674
