Pedestrian -1 -1 2.3421 568.0522 153.7084 586.9875 192.0299 1.9074 0.5068 0.8482 -1.6742 0.9548 36.3965 2.2962 0.4384
Pedestrian -1 -1 1.4677 416.6503 175.7462 447.7517 250.6020 1.8052 0.5838 1.8338 -4.6080 1.8833 18.4332 1.2254 0.1614
Cyclist -1 -1 1.4691 416.4154 175.5202 447.2804 250.5224 1.8098 0.5820 1.8161 -4.6157 1.8818 18.4290 1.2263 0.8469
Cyclist -1 -1 1.5208 452.4461 175.8616 477.0094 239.4067 1.7188 0.5902 1.9042 -4.2106 1.8092 20.6040 1.3210 0.8159
Car -1 -1 1.0948 792.7939 181.5849 1242.0000 375.0000 1.4714 1.6469 4.0184 2.8808 1.5691 5.9913 1.5228 0.9614
Car -1 -1 -1.8470 665.3004 174.6074 778.2471 255.0258 1.4721 1.4534 3.2159 2.1521 1.5130 14.9716 -1.7080 0.9522
Car -1 -1 -1.4834 323.9482 186.7851 407.1551 255.5301 1.4123 1.5845 3.6437 -5.8891 1.7896 17.5678 -1.8029 0.9180
Car -1 -1 -1.8339 609.0355 173.4194 690.1903 225.2745 1.4366 1.5344 3.7051 1.0693 1.4558 22.0039 -1.7867 0.9123
Car -1 -1 -1.7292 558.5172 178.0923 605.4603 213.6306 1.5434 1.6221 3.7473 -1.4105 1.8045 33.9192 -1.7710 0.8338
Car -1 -1 -1.6656 537.3798 178.6763 568.0392 205.4613 1.5331 1.5325 3.4762 -3.5558 1.9029 43.9427 -1.7463 0.6739
Car -1 -1 1.6351 357.4469 183.0615 420.7457 238.4610 1.5334 1.6540 3.8323 -6.9308 1.8851 22.7796 1.3425 0.6126
Car -1 -1 -1.5501 413.4695 185.6072 446.5634 215.4836 1.4505 1.6460 3.8583 -9.6811 2.1740 38.8516 -1.7931 0.5187
