Pedestrian -1 -1 -0.1054 410.9310 172.4860 436.4759 245.7811 1.7456 0.6792 0.5345 -4.5963 1.7372 17.5936 -0.3579 0.3759
Car -1 -1 -1.7725 638.6915 172.2225 729.9767 238.3415 1.6227 1.6879 3.9692 1.8704 1.6076 19.7705 -1.6804 0.9705
Car -1 -1 -1.3683 318.8037 176.0917 434.7762 264.4244 1.5280 1.5308 3.3023 -4.5434 1.6003 14.3237 -1.6708 0.7165
Car -1 -1 0.6328 0.0000 184.3859 173.5465 375.0000 1.6957 1.7796 4.4738 -6.8948 1.8219 6.6538 -0.1503 0.6112
Car -1 -1 -1.7571 578.2386 174.9943 605.6088 195.2113 1.5422 1.5544 3.4498 -1.4888 1.7180 57.2810 -1.7834 0.5490
Car -1 -1 3.2456 338.7572 184.1236 465.5380 228.7583 1.4901 1.6298 4.2127 -7.3853 1.9122 25.8365 2.9694 0.5338
Car -1 -1 3.2672 383.7619 175.6626 462.1132 207.0345 1.4901 1.5356 3.5596 -9.1713 1.6323 35.4319 3.0153 0.4851
Car -1 -1 3.2203 409.3101 168.0867 491.7159 200.7684 1.7578 1.7551 4.3321 -8.8046 1.5018 39.9711 3.0045 0.3579
Car -1 -1 1.3766 635.9142 176.3105 671.7233 200.8407 1.5139 1.6003 3.9103 2.7870 1.7499 47.1483 1.4348 0.3508
Car -1 -1 3.4234 288.7424 168.9420 421.1096 216.2325 1.4679 1.5492 3.7407 -8.1920 1.3469 23.2680 3.0881 0.3040
