Car -1 -1 -1.3580 431.3510 185.3170 502.8527 234.1742 1.4607 1.5660 3.4591 -4.5050 1.4653 23.2421 -1.5478 0.9571
Car -1 -1 -0.9968 8.3487 186.6737 247.5022 282.2979 1.4396 1.5506 4.0821 -8.3446 1.4711 12.9297 -1.5607 0.9394
Car -1 -1 -1.2836 264.5797 191.9710 442.3455 300.7722 1.4891 1.6172 4.3954 -4.1393 1.6270 12.3318 -1.6013 0.9337
Car -1 -1 -1.3347 381.5134 181.7813 437.4610 219.1692 1.5523 1.5715 3.6007 -8.6992 1.4109 31.6664 -1.6010 0.9100
Car -1 -1 -1.5765 578.4724 181.2100 609.6830 209.4735 1.4805 1.6356 4.0682 -0.8001 1.2718 39.7074 -1.5970 0.8792
Car -1 -1 -1.1867 247.6392 171.3080 338.1108 218.3220 1.7339 1.7546 4.4591 -12.4939 1.2221 28.7568 -1.5935 0.8226
Car -1 -1 -1.4461 476.8981 184.2299 521.2745 218.1303 1.4776 1.5708 3.7595 -4.9987 1.4358 33.2264 -1.5947 0.8026
Car -1 -1 -1.4094 504.4023 182.8944 541.0571 210.9003 1.5946 1.6030 3.6393 -5.0415 1.4636 42.7808 -1.5264 0.7848
Car -1 -1 -1.2194 262.0163 187.2732 358.8772 240.6019 1.4043 1.4998 3.3763 -8.5202 1.4698 20.7703 -1.6044 0.7552
Car -1 -1 -1.0710 363.8889 179.8338 419.3968 206.8654 1.4820 1.5323 3.5627 -12.3864 1.1881 41.3086 -1.3609 0.5492
