Car -1 -1 -1.9164 725.5067 179.1751 1030.9431 375.0000 1.6022 1.6447 4.1687 2.4915 1.6913 8.0062 -1.6266 0.9846
Car -1 -1 3.4923 204.9991 187.8546 418.5286 264.6160 1.5660 1.6627 4.0405 -6.5164 1.9169 15.9619 3.1100 0.9550
Car -1 -1 3.6039 13.1502 193.7429 341.7843 297.9160 1.4278 1.6336 4.0827 -6.5520 1.7792 11.1929 3.0842 0.9437
Car -1 -1 2.0930 0.0000 214.4271 381.2699 375.0000 1.4778 1.5351 3.4637 -2.6888 1.8226 4.2302 1.5536 0.9394
Car -1 -1 -1.6784 639.8004 182.4139 675.8506 209.9820 1.4532 1.6157 4.2605 2.6773 2.0347 41.6969 -1.6153 0.9203
Car -1 -1 0.3782 395.3621 188.6466 501.2417 233.3766 1.4996 1.4751 3.4038 -5.8129 2.0885 25.8897 0.1589 0.5658
Car -1 -1 0.1604 450.8693 188.2906 535.5322 218.7286 1.4411 1.6179 3.9382 -5.7847 2.2245 35.7907 0.0008 0.4748
Car -1 -1 3.4510 248.7442 190.5566 416.7773 255.1781 1.5221 1.5630 3.6862 -6.9966 1.9940 18.3447 3.0909 0.4572
Car -1 -1 2.5085 955.4976 178.2695 1166.0743 241.1739 1.4988 1.6685 4.4433 11.3504 1.6449 18.3914 3.0538 0.4418
Car -1 -1 -2.2606 1103.8798 153.2845 1194.2222 189.0528 1.6386 1.7503 3.3415 25.8376 0.7425 34.7692 -1.6256 0.4385
Car -1 -1 -2.8945 406.5166 187.1072 517.3926 225.8906 1.4402 1.5743 3.9994 -5.7999 2.0174 28.3168 -3.0953 0.3867
