Pedestrian -1 -1 2.5691 970.9137 133.0301 1040.0059 231.4557 1.7978 0.6147 0.9548 7.3489 1.0708 13.5231 3.0575 0.4399
Pedestrian -1 -1 2.6819 848.2839 115.5115 922.3995 244.1113 1.7988 0.6467 0.7957 3.9231 0.9971 10.4552 3.0313 0.3059
Pedestrian -1 -1 -3.1723 728.5384 173.5052 735.6177 193.7700 1.7180 0.6441 0.5745 10.3902 1.7743 61.5501 -3.0063 0.2154
Pedestrian -1 -1 -2.1324 1002.3552 162.0824 1060.0814 243.6876 1.8488 0.6769 1.1054 9.8029 1.6051 16.9111 -1.6152 0.1589
Pedestrian -1 -1 2.3463 985.8732 100.4965 1059.2257 229.6436 1.8031 0.5717 0.7375 5.9150 0.7932 10.4508 2.8495 0.1565
Pedestrian -1 -1 3.4994 65.2074 124.5624 167.1310 308.2282 1.7528 0.5591 0.6879 -4.9833 1.2923 7.2335 2.9129 0.1536
Pedestrian -1 -1 -3.1742 1095.1865 158.8653 1188.9310 337.3143 1.6574 0.7764 0.7089 5.2348 1.5278 7.2171 -2.5666 0.1311
Pedestrian -1 -1 -1.3273 818.1988 159.9601 843.3115 214.0264 1.7810 0.6827 0.6029 7.3610 1.3566 24.1992 -1.0358 0.1166
Pedestrian -1 -1 -1.5938 540.2479 148.1218 554.9715 190.4232 1.9824 0.6768 0.8049 -3.0042 0.8237 34.2480 -1.6809 0.1164
Pedestrian -1 -1 2.4314 598.0430 164.9532 610.6726 189.4363 1.8600 0.6853 0.6871 -0.4588 1.2601 55.2979 2.4228 0.1070
Pedestrian -1 -1 2.8550 315.5020 128.5354 360.5458 206.6474 1.7948 0.5477 0.8784 -6.4794 0.7768 17.0593 2.4969 0.1057
Cyclist -1 -1 2.9311 271.9214 137.7096 330.8626 200.7820 1.7793 0.5572 1.4957 -9.0262 0.7882 21.0101 2.5298 0.1563
Car -1 -1 1.7335 605.0127 176.3171 642.8988 204.4240 1.5684 1.6347 3.9568 0.8428 1.7846 42.8703 1.7525 0.7937
Car -1 -1 0.8165 959.8152 184.3221 1242.0000 367.4951 1.4802 1.5313 3.0809 5.3531 1.6288 7.6787 1.4066 0.1048
