Pedestrian -1 -1 -3.4975 1084.5096 48.2506 1242.0000 280.0875 1.8297 0.6825 1.0523 4.7227 0.8467 6.1633 -2.8660 0.2180
Pedestrian -1 -1 0.9995 133.1482 189.6893 223.1316 347.9984 1.6808 0.5642 0.7447 -4.9398 1.8816 8.1675 0.4692 0.1938
Cyclist -1 -1 -1.6346 720.7621 154.7541 731.2927 188.5459 1.7979 0.4670 1.4657 6.2526 0.8352 39.1378 -1.4776 0.2269
Car -1 -1 1.7668 446.0169 163.5157 555.4538 252.9204 1.8407 1.7074 4.4274 -2.4765 1.6488 17.1089 1.6244 0.9669
Car -1 -1 3.5156 129.5214 174.2970 418.5224 267.2392 1.5440 1.7247 4.3873 -5.9026 1.5723 12.9756 3.0959 0.9654
Car -1 -1 -1.7530 702.1182 162.5871 805.2454 251.6024 1.8087 1.6135 3.7459 3.1089 1.6005 16.5315 -1.5712 0.9603
Car -1 -1 1.6563 532.1190 175.7082 587.2653 220.3187 1.4402 1.6037 4.1539 -1.7539 1.5503 25.6493 1.5881 0.8722
Car -1 -1 -0.2949 599.0223 168.5436 658.0444 193.5275 1.6164 1.6261 3.6026 1.1886 1.3379 47.9442 -0.2706 0.7612
Car -1 -1 1.6688 568.7283 169.9559 606.7963 201.1131 1.5079 1.5615 4.0799 -1.1255 1.3680 37.0058 1.6382 0.4112
Car -1 -1 1.6360 548.8776 165.9713 591.3946 202.9389 1.5205 1.5996 4.2012 -1.7350 1.2378 31.7837 1.5815 0.2360
