Pedestrian -1 -1 -0.5966 1183.2029 96.8545 1242.0000 236.4032 1.7849 0.6578 0.6053 8.1134 0.8132 9.5812 0.0912 0.5020
Car -1 -1 1.8810 268.4942 190.2734 462.4174 308.2185 1.4929 1.7152 4.3567 -3.8148 1.8347 11.9593 1.5777 0.9753
Car -1 -1 1.7778 419.6713 188.2879 500.9861 249.4078 1.4632 1.4957 3.5248 -4.0835 1.9277 19.9304 1.5776 0.9433
Car -1 -1 2.0842 45.1766 205.1309 294.4857 321.7800 1.3650 1.5500 4.0718 -6.7847 1.9762 11.6104 1.5648 0.9352
Car -1 -1 -1.6707 640.3456 177.5323 683.5574 212.5719 1.4834 1.5952 3.6106 2.2733 1.7087 32.8627 -1.6028 0.9183
Car -1 -1 -3.4093 756.8876 166.0986 896.8155 214.1383 1.6680 1.7902 4.5074 7.6749 1.4338 25.9807 -3.1257 0.8551
Car -1 -1 -0.1155 723.2139 169.5027 806.8132 201.0279 1.4934 1.5517 3.8196 7.4533 1.3350 35.1238 0.0915 0.7480
Car -1 -1 2.8316 741.8802 155.0623 859.5433 197.7594 1.6711 1.7186 4.2842 7.6216 0.9751 29.2185 3.0840 0.6546
Car -1 -1 1.4389 483.0384 182.2655 515.3431 207.7598 1.5790 1.6444 3.8054 -7.4783 2.2357 48.2620 1.2856 0.5537
Car -1 -1 1.9638 369.9221 187.4325 462.4615 235.4326 1.4764 1.6112 4.4548 -6.8708 2.0472 25.9138 1.7066 0.3947
