Car -1 -1 -1.8259 695.1050 181.5434 847.1912 280.5040 1.4700 1.6154 4.2516 2.6935 1.6564 13.2674 -1.6310 0.9849
Car -1 -1 0.3897 256.3615 184.4653 466.1817 250.6349 1.4610 1.6369 4.4500 -5.8901 1.7540 17.2248 0.0644 0.9668
Car -1 -1 -2.5163 0.0000 191.4408 277.4550 321.3808 1.4543 1.6107 3.9343 -6.6051 1.7117 9.1417 -3.1285 0.9635
Car -1 -1 0.6297 50.9768 176.8329 349.0462 292.3547 1.6672 1.6419 3.9545 -6.4991 1.7371 11.5475 0.1264 0.9165
Car -1 -1 -2.8087 323.2164 165.4966 464.6049 225.0385 1.7562 1.6553 3.8361 -6.6215 1.5396 22.1940 -3.0959 0.8876
Car -1 -1 -1.7160 673.0578 178.9422 738.5023 226.8130 1.4322 1.5647 4.1033 3.0725 1.6540 24.1778 -1.5918 0.8872
Car -1 -1 -2.2937 0.0000 201.2052 182.5802 375.0000 1.4190 1.6219 3.9558 -6.4365 1.7225 6.7037 -3.0389 0.8665
Car -1 -1 3.4003 295.7738 179.0043 453.6106 234.4554 1.4331 1.5257 3.8322 -6.3778 1.6087 19.6955 3.0905 0.8498
Car -1 -1 -2.3023 912.6708 200.1263 1242.0000 375.0000 1.4499 1.5715 3.7179 2.9746 1.6477 3.3275 -1.6169 0.7844
Car -1 -1 -1.6325 650.3341 173.6680 682.0815 201.3513 1.5840 1.6473 4.0140 3.3049 1.6356 43.4197 -1.5575 0.6205
