Car -1 -1 -1.2984 405.2792 182.2784 566.5313 296.7361 1.4539 1.5269 3.7196 -1.8205 1.6287 11.4174 -1.4541 0.9581
Car -1 -1 2.1442 0.0000 195.0725 406.8567 375.0000 1.4661 1.5713 3.5731 -2.6922 1.6606 4.4761 1.6274 0.9112
Car -1 -1 1.6674 588.9686 171.1834 635.8970 211.0523 1.5939 1.6383 3.9437 0.1243 1.5275 30.8870 1.6708 0.8945
Car -1 -1 -1.7329 742.0156 178.6082 819.5411 243.2216 1.4981 1.4685 2.7701 4.2320 1.6566 18.4065 -1.5112 0.8774
Car -1 -1 0.2585 426.7338 168.1679 547.2032 210.7418 1.4310 1.5375 3.8827 -4.2913 1.2739 25.1920 0.0911 0.8650
Car -1 -1 -1.6643 733.4672 181.1489 794.4943 232.5264 1.4834 1.5754 3.4568 4.8331 1.7714 23.2162 -1.4623 0.8017
Car -1 -1 -2.0719 887.5355 195.9234 1242.0000 375.0000 1.5026 1.5712 3.7408 2.6135 1.6760 3.4682 -1.4673 0.7376
Car -1 -1 1.7116 614.6591 172.1413 655.4455 203.1539 1.5842 1.6309 4.2547 1.3766 1.5482 39.0923 1.7461 0.7307
Car -1 -1 1.5142 709.7086 176.0602 734.2128 197.8859 1.5861 1.6098 4.1154 8.5007 1.8411 55.1816 1.6658 0.4894
Car -1 -1 0.2065 532.5460 163.1822 602.5012 192.0475 1.6501 1.6646 3.8403 -2.5011 1.0976 42.3508 0.1475 0.4338
