Pedestrian -1 -1 2.0807 92.0408 158.4913 141.8320 237.1897 1.8499 0.7048 0.7647 -11.9059 1.5127 17.3687 1.4867 0.5900
Car -1 -1 -1.7404 659.1437 176.0938 737.6082 237.5281 1.7331 1.7101 4.3724 2.6334 1.8460 22.8194 -1.6278 0.9653
Car -1 -1 -2.7521 236.5254 182.4317 426.1652 246.8324 1.4596 1.5932 3.9742 -6.6939 1.7030 17.4550 -3.1138 0.9480
Car -1 -1 -2.2366 884.6788 203.4084 1242.0000 375.0000 1.4868 1.6131 3.8597 2.8729 1.7197 3.5383 -1.5958 0.8181
Car -1 -1 3.4113 337.3201 184.1689 473.1346 232.9323 1.4200 1.5086 3.7386 -6.2536 1.7792 22.1212 3.1384 0.7562
Car -1 -1 -2.9113 385.5674 173.9536 507.0970 218.5439 1.7541 1.7560 4.5357 -6.6224 1.8005 29.3255 -3.1319 0.7507
Car -1 -1 -1.6992 644.9812 179.8647 690.6099 217.5433 1.6206 1.6337 3.8011 2.6012 1.9672 33.6942 -1.6235 0.6897
Car -1 -1 3.4018 294.8548 188.2128 459.4463 246.7728 1.4870 1.6237 3.9908 -6.3017 1.9258 19.6954 3.0954 0.6657
Car -1 -1 -2.8720 380.6114 183.0749 492.2051 226.0608 1.5246 1.6868 3.7352 -6.4632 1.9194 26.9308 -3.1058 0.5156
Car -1 -1 -1.5788 514.6476 175.5540 539.9854 200.2572 1.6313 1.6825 4.1247 -5.8068 1.8278 50.2634 -1.6936 0.4653
Car -1 -1 -1.2964 482.0129 178.0168 530.4875 209.4127 1.5201 1.5968 3.4977 -5.3571 1.8011 37.3768 -1.4383 0.4616
Car -1 -1 -2.2750 0.0000 179.1850 177.4115 375.0000 1.5048 1.6182 3.8966 -6.1923 1.5690 6.2623 -3.0335 0.3847
