Pedestrian -1 -1 -1.5692 1024.9827 145.8164 1066.4164 238.0637 1.7267 0.6722 0.8964 8.4296 1.2210 14.0600 -1.0386 0.6601
Pedestrian -1 -1 1.5414 960.5380 134.7235 981.5577 192.7972 1.8071 0.5682 0.8027 11.4234 0.6209 22.9322 1.9984 0.2809
Cyclist -1 -1 -2.2235 779.1625 170.2031 805.8233 203.7328 1.6591 0.4322 1.5813 9.1861 1.5283 36.5124 -1.9794 0.2332
Cyclist -1 -1 -1.5692 1024.9827 145.8164 1066.4164 238.0637 1.7267 0.6722 0.8964 8.4296 1.2210 14.0600 -1.0386 0.1247
Car -1 -1 1.9720 236.5250 187.5136 350.9547 248.9719 1.4505 1.5336 3.6732 -8.5566 1.8893 19.7425 1.5675 0.9232
Car -1 -1 2.0520 172.4198 192.2812 293.8331 244.9241 1.4149 1.6395 4.2517 -11.9328 2.0946 23.0968 1.5795 0.8533
Car -1 -1 1.7740 445.3918 182.4428 486.9586 208.6633 1.4739 1.6972 4.1050 -8.7691 2.0880 44.1206 1.5785 0.8442
Car -1 -1 -1.6409 596.7872 175.0016 626.4377 201.2778 1.5698 1.6036 3.5791 0.0334 1.7103 45.2447 -1.6407 0.7494
Car -1 -1 -1.0977 141.6521 183.5166 353.0982 279.5041 1.4616 1.6741 4.4783 -6.6394 1.6987 13.7508 -1.5405 0.2431
Car -1 -1 -0.0799 1177.7397 154.1992 1242.0000 194.1028 1.7372 1.5827 3.2908 28.0748 0.9254 33.0093 0.6203 0.2358
Car -1 -1 1.7641 887.9147 172.3653 916.9508 191.5404 1.6018 1.5934 4.0164 25.2898 1.5613 62.3880 2.1472 0.2270
Car -1 -1 2.2635 0.0000 190.4482 75.0436 255.4226 1.3438 1.5520 3.9423 -15.5937 1.8308 17.9754 1.5562 0.2054
Car -1 -1 2.1252 0.0000 187.3407 247.0208 337.5567 1.3965 1.6666 4.2640 -6.5526 1.6270 9.2919 1.5242 0.1986
