Car -1 -1 0.5211 0.0000 179.3410 370.6357 301.3318 1.4776 1.6311 4.3007 -5.6735 1.5720 9.6405 0.0007 0.9456
Car -1 -1 -2.3138 728.6366 176.6629 818.3427 218.1523 1.4771 1.5459 3.2904 6.1989 1.6339 27.8281 -2.0975 0.9383
Car -1 -1 -1.7558 625.5621 175.3385 664.8010 203.1541 1.4730 1.5801 3.4091 1.8882 1.6184 40.3252 -1.7098 0.9203
Car -1 -1 0.3505 254.7387 174.0975 419.5242 236.0175 1.5771 1.6681 3.7689 -7.2335 1.6121 19.2521 -0.0048 0.8963
Car -1 -1 3.8725 0.0000 168.0517 172.2293 337.0870 1.4381 1.5758 3.8063 -6.6597 1.3976 6.9502 3.1276 0.8818
Car -1 -1 -2.8249 328.9032 157.1552 486.8532 219.8802 1.9715 1.7954 4.6658 -6.5946 1.4785 23.6838 -3.0940 0.8811
Car -1 -1 3.6203 59.8230 174.0964 342.2489 265.1886 1.4131 1.5415 3.8226 -6.7105 1.4356 12.0241 3.1203 0.8564
Car -1 -1 -2.3486 929.6163 179.4186 1242.0000 375.0000 1.5390 1.6013 3.7660 2.9013 1.5828 2.8620 -1.6072 0.7427
Car -1 -1 -2.8234 306.4117 177.8941 454.2125 234.0050 1.5711 1.6756 3.8089 -6.7203 1.7258 21.2217 -3.1270 0.6567
Car -1 -1 3.2713 418.4967 174.1395 506.7061 205.0130 1.4870 1.6479 4.1087 -7.2921 1.5529 35.7964 3.0714 0.6221
Car -1 -1 -2.8752 447.8960 176.4447 517.6470 202.3525 1.4990 1.5962 3.8070 -7.5836 1.7181 42.9848 -3.0492 0.5231
