Pedestrian -1 -1 2.3492 220.1011 162.1874 301.2387 302.2978 1.7925 0.6168 0.7792 -4.6131 1.5468 9.6572 1.9082 0.4522
Pedestrian -1 -1 -1.8669 512.3959 167.0047 540.2371 218.2409 1.6551 0.7008 0.8236 -2.5105 1.1879 23.7187 -1.9763 0.3961
Pedestrian -1 -1 -2.3328 346.9114 186.7520 431.2090 323.4707 1.7099 0.6220 0.8984 -2.8561 1.7844 9.5120 -2.6231 0.3686
Pedestrian -1 -1 0.9419 423.2748 182.8288 482.9757 281.5169 1.6667 0.7237 0.7563 -2.6560 1.6923 12.6646 0.7335 0.2962
Pedestrian -1 -1 2.3739 388.1572 183.8685 452.4221 303.8056 1.6956 0.6834 0.6203 -2.7176 1.7334 10.6135 2.1231 0.2624
Pedestrian -1 -1 -1.4377 416.5144 192.4754 469.3906 318.9435 1.5556 0.5626 0.9215 -2.1028 1.7079 9.4002 -1.6580 0.2403
Pedestrian -1 -1 2.5859 725.4376 179.5327 767.5815 250.1542 1.6688 0.6084 0.7986 3.4759 1.6235 17.3990 2.7747 0.1814
Pedestrian -1 -1 -1.4785 518.2254 162.4058 537.3126 203.3307 1.7605 0.7714 0.6644 -3.2133 0.9400 31.2355 -1.5852 0.1812
Pedestrian -1 -1 -1.9247 668.6785 179.5312 696.5319 230.3851 1.6381 0.7015 0.7101 2.6329 1.5758 23.5676 -1.8200 0.1577
Cyclist -1 -1 -1.8763 641.9416 166.0316 660.6331 201.4625 1.6032 0.3941 1.5912 2.2920 0.9042 33.3208 -1.8131 0.3205
Cyclist -1 -1 -0.6790 668.3246 162.3437 703.5654 197.1714 1.7901 0.6743 1.8213 4.4349 0.8064 37.6927 -0.5676 0.2437
Cyclist -1 -1 -1.3125 404.6676 189.5767 476.8304 328.2000 1.6607 0.5419 1.6166 -2.1351 1.7783 9.5161 -1.5336 0.1974
Cyclist -1 -1 1.2038 651.7657 179.8218 679.4705 222.6334 1.6334 0.5059 1.6784 2.4943 1.5704 28.2801 1.2857 0.1624
Cyclist -1 -1 2.0922 0.0000 125.8250 110.2175 330.4447 1.7773 0.5219 1.6592 -5.6324 1.2951 7.0942 1.4334 0.1536
Car -1 -1 -2.0059 801.7996 121.7089 1223.3491 374.0000 1.6812 1.5844 3.8402 3.1109 1.3018 6.5009 -1.5806 0.9601
