Pedestrian -1 -1 -2.3818 258.8292 180.6286 284.8702 217.2474 1.7611 0.6944 0.9358 -16.6167 2.1479 35.3789 -2.8183 0.3786
Pedestrian -1 -1 -0.2479 623.5068 168.3137 659.8552 206.0684 1.7909 0.7020 1.6248 1.4821 1.5759 34.7332 -0.2062 0.2139
Pedestrian -1 -1 -2.5071 635.8226 174.7968 675.9075 214.7178 1.7845 0.6498 1.8024 2.0592 1.8764 33.1586 -2.4463 0.1861
Cyclist -1 -1 -2.5546 636.1161 175.1073 676.4626 214.8694 1.7785 0.6602 1.7819 2.0804 1.8849 33.1626 -2.4931 0.4671
Cyclist -1 -1 -0.2479 623.5068 168.3137 659.8552 206.0684 1.7909 0.7020 1.6248 1.4821 1.5759 34.7332 -0.2062 0.3917
Cyclist -1 -1 -2.3818 258.8292 180.6286 284.8702 217.2474 1.7611 0.6944 0.9358 -16.6167 2.1479 35.3789 -2.8183 0.1202
Car -1 -1 -1.4567 493.0609 181.0107 550.7856 229.9792 1.6534 1.6960 4.0359 -3.2655 1.9825 27.0562 -1.5764 0.9532
Car -1 -1 1.8200 315.4741 189.5841 387.7206 230.8248 1.4371 1.7041 4.4365 -10.4152 2.1695 29.2820 1.4806 0.8436
Car -1 -1 1.5327 576.6721 177.4010 603.7637 202.5976 1.5363 1.5980 3.8408 -1.3460 1.8432 46.6723 1.5036 0.6443
Car -1 -1 1.7578 390.5547 186.2557 427.2834 213.5141 1.6961 1.6777 4.0542 -13.6434 2.6461 49.0375 1.4874 0.5887
Car -1 -1 -1.1253 78.2026 188.4798 303.3509 293.9693 1.4623 1.6960 4.3210 -7.1795 1.7889 12.8565 -1.6262 0.5225
Car -1 -1 1.3752 699.2273 180.9358 732.8027 204.2365 1.5559 1.6169 4.0092 7.5140 2.1576 51.6406 1.5183 0.5149
Car -1 -1 -0.9651 626.3956 178.4143 694.8036 210.3504 1.5402 1.6275 3.8899 2.6429 1.8454 37.5282 -0.8959 0.3804
