Pedestrian -1 -1 0.1289 460.0685 165.3463 473.7515 191.0975 1.8264 0.5623 0.8928 -9.8458 0.7529 50.4489 -0.0608 0.3997
Cyclist -1 -1 -1.1526 405.0598 175.8561 427.0774 207.9116 1.7568 0.5122 1.7784 -10.5955 1.5037 39.6626 -1.4100 0.5897
Cyclist -1 -1 -3.1378 610.1660 164.4897 634.5963 189.3947 1.7856 0.5914 1.7519 1.2607 0.6390 51.0101 -3.1114 0.5129
Cyclist -1 -1 -1.8388 1123.7443 40.7756 1224.0000 330.2422 1.8369 0.3676 1.7776 4.3806 0.9519 5.3737 -1.1810 0.3772
Car -1 -1 -1.5105 531.9381 171.7352 561.0549 195.6080 1.4849 1.6473 3.8840 -3.7614 0.9411 45.9320 -1.5899 0.8562
Car -1 -1 -0.5101 859.6650 142.1862 964.4717 176.3839 1.4754 1.5743 4.0645 13.7218 -0.1891 31.7326 -0.1036 0.8373
Car -1 -1 -1.6883 555.6168 172.8471 582.7607 193.9816 1.5865 1.6687 3.9072 -2.8159 1.0133 55.1353 -1.7374 0.5191
Car -1 -1 2.7848 790.4519 159.7639 860.3637 186.0958 1.5681 1.6202 3.7276 13.3704 0.3346 43.0126 3.0859 0.4743
Car -1 -1 2.1454 37.5629 183.4842 125.7909 223.2691 1.5147 1.4623 3.0161 -21.1657 1.6438 28.6905 1.5167 0.3157
Car -1 -1 1.1570 0.0000 194.4301 38.4787 220.0270 1.5683 1.5965 3.5358 -39.1032 2.5145 46.4522 0.4621 0.3146
Car -1 -1 1.6014 365.4655 175.9004 391.4798 198.8169 1.4940 1.5621 3.6693 -15.3633 1.1955 48.0676 1.2957 0.2691
