Pedestrian -1 -1 -1.9016 858.8653 171.1427 964.8395 349.8309 1.5463 0.6856 0.7068 2.7684 1.4581 6.5828 -1.5234 0.8158
Pedestrian -1 -1 0.6107 537.8766 165.2464 592.2693 261.5775 1.7583 0.7518 0.7336 -0.7248 1.4629 13.6217 0.5529 0.7737
Pedestrian -1 -1 -2.9975 754.6997 161.3362 853.7247 348.3654 1.6010 0.5840 0.8074 1.8135 1.4298 6.5718 -2.7442 0.7569
Pedestrian -1 -1 -2.2227 188.6299 155.4082 305.5112 327.6904 1.6712 0.6676 0.9251 -3.7283 1.4195 7.4710 -2.6776 0.6810
Pedestrian -1 -1 -1.2508 427.6813 173.9039 453.9893 224.5403 1.7807 0.7124 0.7774 -5.7578 1.5146 25.6798 -1.4744 0.6387
Pedestrian -1 -1 -0.6600 1116.1802 148.8960 1206.9419 270.8045 1.7376 0.6174 0.8524 8.1670 1.2742 10.5524 -0.0186 0.5911
Pedestrian -1 -1 1.8652 1090.9719 163.6958 1154.1721 270.3412 1.6800 0.6730 0.7065 8.5154 1.4008 11.7965 2.4746 0.5671
Pedestrian -1 -1 -2.2009 707.9074 159.8507 755.5215 244.1042 1.8654 0.5527 1.0572 2.9452 1.3873 16.4975 -2.0323 0.5463
Pedestrian -1 -1 1.9685 486.2041 168.7578 516.4243 225.5702 1.7688 0.6801 0.8491 -3.2060 1.3732 22.8585 1.8255 0.4705
Pedestrian -1 -1 0.6810 984.6571 152.8603 1060.0853 271.5049 1.6897 0.5506 0.7994 6.2139 1.2831 10.7010 1.1912 0.4586
Pedestrian -1 -1 2.0020 416.2928 173.9560 442.7263 223.9542 1.8127 0.6524 0.8602 -6.3636 1.5402 26.5251 1.7635 0.3742
Pedestrian -1 -1 2.2345 926.0499 150.3577 1008.7828 246.3849 1.6687 0.5488 1.4947 6.6156 1.1288 13.0533 2.6903 0.3338
Pedestrian -1 -1 0.4339 257.9486 172.2646 269.5483 195.1770 1.7703 0.7794 0.5418 -26.2505 1.0573 55.8909 -0.0083 0.3223
Pedestrian -1 -1 1.9244 497.6965 174.1148 538.0300 236.8158 1.8767 0.6723 1.8216 -2.6179 1.6568 22.4620 1.8044 0.1496
Cyclist -1 -1 1.8845 498.7928 175.6828 537.9083 237.6297 1.8271 0.6448 1.9347 -2.5709 1.6567 22.1963 1.7651 0.7582
Cyclist -1 -1 2.3103 920.4510 150.1775 1012.3597 247.4952 1.6879 0.5390 1.6310 6.5721 1.1459 13.0068 2.7649 0.4084
Cyclist -1 -1 1.5829 145.9352 172.3699 208.0473 331.7586 1.6800 0.5746 1.6906 -5.0173 1.5851 8.4458 1.0544 0.3886
Cyclist -1 -1 2.4277 1077.7793 160.0245 1164.2974 265.9245 1.6832 0.6221 0.9858 8.4624 1.3432 11.7766 3.0350 0.1567
Car -1 -1 1.7851 456.1745 160.0998 529.8930 220.1863 2.0846 1.8462 4.5611 -4.0195 1.3432 27.2538 1.6349 0.7953
Car -1 -1 1.3730 554.5922 169.7885 586.4329 191.5604 1.6179 1.6605 4.1188 -2.4112 0.7482 55.5768 1.3250 0.3902
Car -1 -1 0.7559 181.4756 153.2534 326.5786 204.9949 1.5586 1.6010 4.2467 -11.1556 0.7089 23.0362 0.3045 0.3161
