Pedestrian -1 -1 -0.4288 853.6997 148.9352 903.8712 246.0774 1.8200 0.6403 0.6968 5.1041 1.3722 13.8639 -0.0836 0.3466
Pedestrian -1 -1 1.4305 833.0798 142.2160 854.3518 197.5144 1.8994 0.6349 0.5183 8.0787 0.8474 25.0897 1.7384 0.2976
Pedestrian -1 -1 -1.5648 851.4930 151.4143 864.9955 187.5887 1.9700 0.6972 0.5727 13.6154 0.8028 39.6760 -1.2367 0.2508
Pedestrian -1 -1 3.1047 430.1882 140.5837 461.8200 193.6232 1.8523 0.5360 1.0751 -5.8644 0.7257 25.5929 2.8815 0.2070
Pedestrian -1 -1 1.7293 325.0345 175.1705 365.1176 270.5540 1.7237 0.5843 0.7971 -4.9986 1.7688 13.5045 1.3805 0.2052
Pedestrian -1 -1 -2.7749 799.1401 157.7727 842.7601 226.3591 1.7291 0.5874 0.9388 5.4195 1.3493 18.7048 -2.4977 0.1776
Pedestrian -1 -1 -1.6842 807.8413 159.1399 821.8589 190.7120 1.9046 0.7557 0.5963 12.4222 1.0777 43.8800 -1.4104 0.1729
Pedestrian -1 -1 -0.9123 729.1350 168.7821 743.6235 194.7560 1.7509 0.7396 0.6319 8.5740 1.4768 49.1227 -0.7409 0.1544
Pedestrian -1 -1 -0.2243 922.4207 162.7115 979.1356 262.5757 1.7206 0.6328 0.7837 5.9878 1.5462 12.8179 0.2032 0.1506
Cyclist -1 -1 3.1047 430.1882 140.5837 461.8200 193.6232 1.8523 0.5360 1.0751 -5.8644 0.7257 25.5929 2.8815 0.1077
Car -1 -1 1.9244 303.6136 187.7912 512.1548 325.4925 1.5682 1.6434 3.9501 -2.7824 1.8328 10.7090 1.6751 0.9682
Car -1 -1 -1.6930 725.4282 176.8405 856.9515 288.8972 1.4841 1.5405 3.4291 2.6638 1.5576 11.4625 -1.4713 0.9446
Car -1 -1 1.6811 635.6072 175.8761 662.2596 199.5815 1.7183 1.6138 3.8471 2.9658 1.9569 54.8458 1.7344 0.5889
Car -1 -1 -0.3276 729.4979 165.0356 792.6172 188.7848 1.5932 1.6570 3.9088 10.3012 1.0691 49.4647 -0.1237 0.1675
