Car -1 -1 -1.2260 87.7639 192.0023 283.3884 295.8818 1.4333 1.5714 3.9251 -6.9654 1.5696 12.2489 -1.7339 0.9840
Car -1 -1 -1.5293 441.6701 178.3423 497.2295 231.3865 1.6473 1.6862 3.2910 -4.6053 1.4350 24.0708 -1.7167 0.9691
Car -1 -1 -1.6828 539.2386 177.7383 616.6085 242.8970 1.6160 1.6887 3.8519 -0.9638 1.4317 19.8606 -1.7311 0.9677
Car -1 -1 -1.3339 253.0208 184.3683 352.2727 240.8092 1.4617 1.6321 4.4441 -8.7706 1.4409 20.9352 -1.7264 0.9248
Car -1 -1 -1.4649 346.4879 182.5461 395.6167 216.9418 1.4482 1.6528 4.3549 -10.6796 1.3369 32.5640 -1.7797 0.9198
Car -1 -1 -0.9548 0.0000 164.6310 96.9451 268.7482 1.6775 1.5885 3.7549 -11.6633 1.3470 13.5172 -1.6569 0.8447
Car -1 -1 -1.2485 224.1185 164.6314 302.3344 211.4084 1.8711 1.7432 4.3365 -14.7757 1.0488 31.0073 -1.6901 0.7933
Car -1 -1 -1.5906 380.2085 177.7425 411.4946 206.0387 1.5437 1.6458 3.9299 -12.2485 1.1371 41.3340 -1.8772 0.5587
Car -1 -1 -0.9587 0.0000 203.6056 76.2344 376.0000 1.4481 1.5779 3.7919 -6.2533 1.6492 5.8013 -1.7586 0.5474
Car -1 -1 -1.1743 137.9190 182.2920 261.1693 234.4546 1.4335 1.6737 4.4331 -12.3675 1.3543 22.0465 -1.6806 0.5240
Car -1 -1 -1.6244 505.5421 180.6380 528.0959 200.4073 1.5717 1.6367 3.7796 -7.5239 1.2089 59.1523 -1.7507 0.4777
