Pedestrian -1 -1 -1.7201 758.9232 159.6940 782.6874 212.2849 1.8310 0.7156 0.7329 5.6346 1.3732 25.5073 -1.5056 0.5194
Pedestrian -1 -1 0.8858 684.1268 159.4449 705.5154 204.5247 1.7996 0.5664 0.6662 3.3932 1.2647 29.2346 0.9998 0.5058
Pedestrian -1 -1 -3.3377 904.4818 102.8944 1013.6381 286.8808 1.7713 0.5175 0.9025 3.4499 1.0981 7.2985 -2.9119 0.3501
Pedestrian -1 -1 -1.5422 740.4655 161.1360 759.7770 211.6076 1.7899 0.6648 0.8520 5.0246 1.3747 26.0735 -1.3545 0.3262
Car -1 -1 -1.8705 728.1862 178.2480 895.6118 284.1923 1.4339 1.5434 3.6729 3.0503 1.5367 11.8293 -1.6251 0.9750
Car -1 -1 1.8697 317.9642 187.0954 429.8043 260.9552 1.5673 1.5724 3.7919 -5.7744 1.9594 17.9444 1.5620 0.9687
Car -1 -1 1.7892 395.2102 188.8538 467.1882 240.9345 1.4641 1.5094 3.4912 -5.6887 2.0163 23.1235 1.5500 0.9116
Car -1 -1 -1.8507 698.0112 177.8982 800.2581 248.8042 1.5002 1.5075 3.2982 3.1620 1.6330 17.2252 -1.6731 0.9072
Car -1 -1 0.5753 0.0000 186.9384 154.1963 244.2827 1.4483 1.5926 3.7654 -14.8320 1.8491 19.5920 -0.0663 0.8220
Car -1 -1 -1.7175 688.1941 178.9471 758.9450 230.4545 1.4541 1.6259 3.8446 3.4403 1.6628 22.7452 -1.5700 0.7956
Car -1 -1 -2.2966 943.3658 178.3410 1242.0000 375.0000 1.5060 1.5806 3.7753 3.1708 1.5463 3.3479 -1.5820 0.7925
Car -1 -1 1.7332 826.9022 158.5073 855.6354 179.5592 1.6230 1.6325 3.5840 18.4596 0.5173 57.5902 2.0418 0.4127
Car -1 -1 1.2818 0.0000 200.4649 87.3367 267.0702 1.3518 1.4980 3.2611 -14.2437 2.0796 17.4643 0.6049 0.3096
