Car -1 -1 -1.5504 558.3358 180.4143 612.6888 226.2958 1.4450 1.7121 3.3129 -0.7609 1.2950 24.3026 -1.5818 0.9640
Car -1 -1 -1.4109 453.4107 181.4940 535.8788 244.3160 1.6959 1.7796 4.1746 -3.3070 1.5966 21.4974 -1.5622 0.9625
Car -1 -1 -1.1886 38.4021 187.1814 415.3748 376.0000 1.5016 1.5994 4.1763 -3.2313 1.5278 7.0386 -1.6049 0.9498
Car -1 -1 -1.3501 395.7592 181.1324 451.0533 216.6052 1.5075 1.6064 3.8760 -8.2961 1.3351 32.5058 -1.5984 0.9156
Car -1 -1 -1.0227 0.0000 186.7782 177.5260 254.4619 1.4068 1.5711 3.9767 -12.1368 1.4494 17.0649 -1.6336 0.8123
Car -1 -1 2.3164 0.0000 203.6028 113.2364 376.0000 1.4035 1.5510 3.7711 -7.5415 1.6543 7.8729 1.5693 0.7298
Car -1 -1 1.8100 359.1480 179.6738 405.7646 205.4167 1.3950 1.5992 4.1461 -12.8323 1.0958 41.0705 1.5087 0.7105
Car -1 -1 1.9744 254.3144 174.1014 379.3725 236.5661 1.5328 1.6560 4.1533 -7.8544 1.2612 19.7358 1.6001 0.6981
Car -1 -1 -1.3586 417.7382 175.0207 461.8279 205.5936 1.5903 1.6053 3.6592 -9.1402 1.0611 39.2295 -1.5863 0.6846
Car -1 -1 -1.4856 501.0107 182.4487 540.9894 215.4183 1.5082 1.6133 3.6345 -4.1725 1.3827 34.7233 -1.6047 0.6444
Car -1 -1 -1.0359 228.5974 179.1305 321.2922 219.6829 1.4204 1.5323 3.6028 -12.4527 1.2084 27.0478 -1.4638 0.5966
