Pedestrian -1 -1 -3.4353 827.0884 92.6841 917.3512 272.2728 1.7960 0.5740 0.7369 2.7541 0.9092 7.4836 -3.0991 0.2337
Pedestrian -1 -1 -1.0593 129.3383 163.7482 153.1030 203.8206 1.8515 0.6326 0.7885 -21.5314 1.0322 33.5988 -1.6306 0.2038
Car -1 -1 0.0672 117.9324 182.6877 289.3567 237.4327 1.4253 1.6239 4.1118 -11.1413 1.4627 20.3676 -0.4332 0.9703
Car -1 -1 -1.2940 524.2864 170.8524 580.3721 203.9234 1.4487 1.5950 4.0149 -2.2371 0.9832 33.5922 -1.3650 0.9381
Car -1 -1 -1.1260 329.3147 182.0480 390.4429 210.3117 1.4222 1.5888 3.8534 -12.7823 1.4537 38.2270 -1.4517 0.7048
Car -1 -1 -0.1137 0.0000 166.1608 124.5000 208.6646 1.7635 1.7437 4.4724 -24.0676 1.1281 31.9744 -0.7600 0.3881
Car -1 -1 1.4537 557.3428 174.0818 591.4591 200.1658 1.6505 1.7470 4.2851 -1.8326 1.1818 47.7045 1.4105 0.3363
Car -1 -1 1.8514 627.7836 185.6116 682.5421 219.2394 1.4622 1.6132 3.7363 2.5709 1.6680 33.7589 1.9216 0.3149
Car -1 -1 -1.3206 578.8174 170.4172 604.6734 188.3257 1.5805 1.5697 3.4035 -0.8182 0.6028 65.2317 -1.3380 0.2678
Car -1 -1 0.4842 387.0905 169.9613 444.7855 191.0266 1.7425 1.7330 4.4270 -15.6490 0.7885 60.7626 0.2283 0.2264
