Pedestrian -1 -1 -1.6145 281.3366 181.8238 316.6071 263.4323 1.6091 0.6325 0.7785 -6.2991 1.6387 14.4398 -2.0162 0.5358
Pedestrian -1 -1 -0.9955 787.6006 162.7460 805.6446 197.0959 1.8180 0.6411 0.7277 10.2612 0.8798 37.8981 -0.7315 0.3285
Pedestrian -1 -1 -3.2604 773.7305 158.5754 795.2128 190.5853 1.8207 0.5738 1.1338 10.2860 0.5750 40.5696 -3.0121 0.2966
Cyclist -1 -1 1.0217 874.6165 156.9571 907.1277 194.0603 1.7113 0.5369 1.8547 13.5364 0.6269 33.5659 1.4036 0.7270
Cyclist -1 -1 -2.0185 980.2761 142.2454 1033.7555 213.4335 1.7599 0.5027 1.7100 10.3628 0.8158 18.3428 -1.5098 0.4710
Cyclist -1 -1 1.9427 243.1364 163.9045 268.0384 198.3125 1.7823 0.6245 1.6412 -18.5129 0.9241 37.4627 1.4890 0.4092
Cyclist -1 -1 -3.2604 773.7305 158.5754 795.2128 190.5853 1.8207 0.5738 1.1338 10.2860 0.5750 40.5696 -3.0121 0.1050
Car -1 -1 -0.3722 903.8608 159.8462 1056.7192 206.4600 1.5011 1.6733 4.2286 12.5033 0.8375 23.8225 0.1074 0.9035
Car -1 -1 -0.8850 0.0000 204.3503 293.0733 370.0000 1.4866 1.5894 3.8978 -3.1344 1.6667 3.3150 -1.5945 0.8250
Car -1 -1 1.5750 437.4545 173.2112 468.6570 202.1494 1.5367 1.6275 3.9731 -8.5141 1.1510 39.6508 1.3669 0.8157
Car -1 -1 1.9538 245.3700 183.0135 324.6541 217.1678 1.4225 1.6501 4.6221 -14.4278 1.5464 32.1231 1.5370 0.7964
Car -1 -1 -0.9064 370.9647 172.1952 435.8242 201.7202 1.7797 1.6904 4.2548 -12.7316 1.2805 44.9028 -1.1792 0.3973
