Pedestrian -1 -1 1.6577 395.2628 166.8436 415.5154 215.0017 1.8611 0.6948 0.8313 -7.8648 1.3348 27.7910 1.3866 0.5392
Pedestrian -1 -1 2.0738 397.9152 161.3657 459.6133 248.0477 1.8861 0.8602 1.2606 -4.0323 1.4714 16.1006 1.8348 0.2796
Pedestrian -1 -1 1.8388 713.7776 132.7201 761.8636 238.3854 1.8647 0.6575 0.9099 2.4132 1.0232 13.0249 2.0198 0.2218
Pedestrian -1 -1 -1.4299 384.8195 180.7883 400.3742 217.6504 1.6886 0.5860 0.7817 -9.8739 1.7036 32.8199 -1.7179 0.2163
Pedestrian -1 -1 1.4085 360.1996 160.9165 373.9897 199.8530 1.9540 0.5741 0.6101 -12.0903 0.9727 35.8820 1.0880 0.1704
Cyclist -1 -1 2.5000 297.5336 141.8379 341.7834 192.0506 1.8568 0.5253 1.5575 -10.8839 0.4286 26.9421 2.1223 0.2400
Car -1 -1 -1.6179 542.4476 163.5290 582.6260 204.5082 1.8093 1.6945 4.1763 -2.0785 1.0615 33.3793 -1.6777 0.8894
Car -1 -1 1.8269 1130.5555 92.8233 1224.0000 327.0408 1.6135 1.6326 4.0067 6.7470 1.0112 6.5959 2.6016 0.2644
Car -1 -1 1.4781 528.8129 169.3831 567.2802 201.5041 1.6428 1.6863 4.3679 -3.1629 1.0757 38.4533 1.3984 0.2613
Car -1 -1 -1.4317 437.7804 173.8371 472.9200 200.7986 1.5946 1.6051 3.8150 -9.2199 1.2019 43.7690 -1.6361 0.1603
