Pedestrian -1 -1 1.6080 1014.3683 119.0204 1065.3522 234.6081 1.8392 0.7084 0.9124 7.1354 0.9830 12.0529 2.1317 0.3798
Pedestrian -1 -1 -0.1887 895.8668 110.3951 1001.7744 272.4288 1.8518 0.5659 1.0529 3.9742 1.1384 8.6386 0.2293 0.2041
Pedestrian -1 -1 2.0763 715.0065 174.7724 725.7940 196.0608 1.7483 0.6501 0.6512 9.1261 1.9089 59.7919 2.2266 0.1120
Pedestrian -1 -1 -1.5176 519.8459 158.5348 536.6564 202.6156 1.9417 0.7037 0.8305 -3.6854 1.3113 32.2155 -1.6310 0.1058
Pedestrian -1 -1 1.8413 471.2634 167.9851 492.6405 212.9271 1.7922 0.6275 0.9343 -5.2296 1.5984 29.2655 1.6656 0.1051
Pedestrian -1 -1 1.8138 1039.8300 159.4179 1080.0038 240.6071 1.6854 0.5923 0.6625 9.5664 1.4068 15.4188 2.3601 0.1048
Pedestrian -1 -1 -1.6965 867.3393 134.6172 892.0579 192.7890 1.8899 0.6588 0.8725 8.8949 0.6480 23.9381 -1.3448 0.1039
Pedestrian -1 -1 2.6806 581.0151 171.5637 593.9147 195.5465 1.7570 0.7405 0.6961 -1.6950 1.6628 53.3479 2.6486 0.1008
Cyclist -1 -1 1.8799 563.2490 172.8721 579.4554 201.3285 1.6772 0.4838 1.6920 -2.3499 1.6787 43.4061 1.8257 0.2150
Cyclist -1 -1 0.0507 706.7045 130.9777 761.9749 194.8376 1.8793 0.5419 1.6127 3.6914 0.6473 21.6687 0.2170 0.1884
Car -1 -1 1.7304 590.6021 175.3489 629.9372 204.7425 1.5864 1.6489 3.9715 0.0308 1.7371 41.3861 1.7306 0.8959
Car -1 -1 -1.7018 573.1792 163.3465 596.3872 182.8751 1.7638 1.6606 3.9026 -2.3971 0.9054 67.2259 -1.7375 0.1357
