Pedestrian -1 -1 1.8705 1166.1238 126.7981 1242.0000 297.1904 1.8267 0.6161 0.8012 6.8043 1.3333 8.2125 2.5445 0.3664
Pedestrian -1 -1 -0.8361 950.0211 98.3393 1076.1735 295.9718 1.6950 0.6459 0.8013 3.6337 1.0563 6.6271 -0.3533 0.3542
Pedestrian -1 -1 1.1274 417.6926 153.5970 450.8523 222.0631 1.8758 0.6575 0.7240 -4.9826 1.3486 20.2539 0.8887 0.2714
Pedestrian -1 -1 1.5227 919.4571 95.6961 986.1993 262.3910 1.7333 0.6033 1.0704 3.7708 0.9314 8.1082 1.9441 0.2563
Cyclist -1 -1 1.3741 917.7628 98.6691 1010.4973 280.0486 1.7337 0.5488 1.6181 3.6925 1.0250 7.7445 1.8042 0.3136
Cyclist -1 -1 3.5847 112.9213 198.8310 273.6367 312.7863 1.4369 0.5550 1.7881 -5.5563 1.7948 9.5899 3.0710 0.2354
Car -1 -1 -1.4612 501.3158 182.4384 565.0121 233.0518 1.4335 1.5949 4.1353 -2.4350 1.7707 23.2896 -1.5649 0.9504
Car -1 -1 -1.3775 420.1911 187.2346 545.0565 276.3098 1.4219 1.5933 4.5344 -2.4251 1.7579 14.5449 -1.5408 0.9210
Car -1 -1 -1.7262 702.5212 175.7982 812.5939 252.2057 1.4296 1.6641 4.1638 3.0138 1.5029 15.7653 -1.5416 0.8794
Car -1 -1 -1.6992 668.3210 174.1005 724.6836 216.8167 1.5337 1.6326 4.1871 3.2491 1.5863 28.1329 -1.5861 0.8791
Car -1 -1 1.5199 650.5074 174.3373 679.3293 200.2124 1.5494 1.5947 4.0592 3.3893 1.6475 45.4855 1.5933 0.4293
