Pedestrian -1 -1 2.1480 489.3579 173.5771 501.1113 199.2879 1.9517 0.4610 0.9237 -8.8219 2.0080 55.3139 1.9902 0.1735
Pedestrian -1 -1 -2.2709 179.8108 210.7513 217.5145 270.5579 1.6553 0.6229 0.7359 -11.9706 2.7766 20.9201 -2.7856 0.1649
Pedestrian -1 -1 -1.9344 952.5825 144.3986 986.3058 201.2599 1.8246 0.6456 1.0766 11.7572 0.9119 23.7159 -1.4792 0.1613
Pedestrian -1 -1 1.4914 131.4266 203.2108 161.5099 274.6256 1.6994 0.5774 0.7663 -11.6523 2.4797 18.0550 0.9247 0.1289
Pedestrian -1 -1 -1.1070 357.9140 160.3430 376.1632 194.6770 1.9465 0.6081 1.0046 -13.9845 1.2375 41.4424 -1.4308 0.1212
Pedestrian -1 -1 -2.9148 933.2778 164.6095 964.6936 215.0869 1.7571 0.5262 0.9160 11.9836 1.4705 25.6021 -2.4819 0.1078
Pedestrian -1 -1 -0.6426 1107.5918 155.0948 1146.2598 216.0044 1.8535 0.6003 0.7618 15.8991 1.3134 22.2650 -0.0291 0.1077
Cyclist -1 -1 -2.1972 865.8236 172.1065 889.9014 202.7213 1.6763 0.4016 1.5887 14.9233 1.6357 40.3227 -1.8456 0.1045
Car -1 -1 -1.8136 434.8069 178.8771 484.1042 210.3363 1.4851 1.5972 3.7959 -7.7841 1.8107 36.9033 -2.0204 0.1304
Car -1 -1 -1.3186 650.3907 175.9427 696.9213 206.4421 1.4756 1.4964 3.8362 3.3114 1.6448 37.3812 -1.2315 0.1235
Car -1 -1 -1.4159 470.9548 164.9590 505.9936 190.8710 1.6000 1.6383 3.9429 -7.8207 1.1128 46.5300 -1.5817 0.1006
