Pedestrian -1 -1 1.7144 374.4138 177.0099 394.8422 231.1844 1.6846 0.5288 0.6581 -7.1808 1.8187 22.8565 1.4128 0.4054
Pedestrian -1 -1 -0.9088 0.0000 88.9240 142.0015 296.1793 1.9085 0.6456 1.8577 -5.9071 1.1360 7.5756 -1.5543 0.1351
Cyclist -1 -1 -0.9098 0.0000 93.4311 141.6048 299.4647 1.8962 0.6740 1.8546 -5.9194 1.1656 7.5698 -1.5566 0.5330
Car -1 -1 -1.7223 644.0047 170.9595 727.2478 240.6346 1.6533 1.6034 3.7102 1.8410 1.6087 19.0161 -1.6281 0.9756
Car -1 -1 -1.4786 441.8593 181.9052 521.6309 247.0845 1.4554 1.6600 4.0754 -3.2726 1.7178 18.7880 -1.6495 0.9612
Car -1 -1 1.5987 500.4643 178.8837 536.3606 214.1542 1.4572 1.4936 3.3244 -4.0753 1.7404 32.1247 1.4730 0.7888
Car -1 -1 1.5771 528.1258 177.4574 551.0002 202.8560 1.7958 1.6372 4.2519 -5.2856 2.1546 53.9982 1.4795 0.5991
Car -1 -1 -1.7251 622.4785 181.4900 675.7330 220.3096 1.4209 1.5733 3.7852 1.4768 1.7948 29.2454 -1.6758 0.5323
Car -1 -1 -1.6507 602.5527 175.8764 626.1237 194.5152 1.4678 1.6274 3.9357 0.3032 1.7259 59.4980 -1.6460 0.5087
Car -1 -1 2.3712 0.0000 212.7244 236.0392 375.0000 1.5240 1.5971 3.7864 -2.7579 1.7432 2.0082 1.4923 0.4867
Car -1 -1 -1.6473 671.3022 151.7315 704.7614 181.6774 1.5728 1.5517 3.5422 4.2150 0.4638 39.6857 -1.5424 0.3305
Car -1 -1 -1.8271 636.9670 178.8678 713.0950 230.2490 1.5467 1.6021 3.8191 2.0452 1.7657 24.2092 -1.7446 0.3086
