Pedestrian -1 -1 -2.2144 980.0655 158.1130 1161.5752 375.0000 1.6531 0.5689 0.6071 2.3972 1.5807 3.8929 -1.6968 0.3225
Pedestrian -1 -1 1.2656 682.9184 174.5653 714.1182 244.5549 1.6500 0.6038 0.5545 2.0752 1.6923 17.3525 1.3816 0.1479
Pedestrian -1 -1 2.2239 972.0093 128.1473 1051.8535 249.8644 1.6378 0.6116 0.8246 5.5988 1.0366 10.1552 2.7154 0.1308
Car -1 -1 -1.5622 582.0565 176.7528 616.1100 207.1884 1.4054 1.5942 3.5639 -0.5638 1.6075 35.5601 -1.5784 0.9247
Car -1 -1 -1.5348 540.0187 175.9375 570.0222 203.8123 1.5741 1.6496 4.1174 -3.2891 1.7684 43.2948 -1.6106 0.8743
Car -1 -1 -0.6415 789.7253 179.3196 875.3009 211.0860 1.5007 1.5944 3.9175 11.0827 1.8370 36.0737 -0.3462 0.2140
Car -1 -1 0.3740 760.5118 177.1317 817.4099 201.6312 1.5295 1.5630 3.2659 11.6581 1.8189 47.1740 0.6143 0.1618
Car -1 -1 0.7639 1023.4880 177.9701 1101.2635 205.6706 1.5228 1.6280 3.7970 26.5002 1.8388 42.4596 1.3183 0.1391
Car -1 -1 -1.6452 980.4951 162.2419 1242.0000 375.0000 1.4853 1.6037 3.9405 3.4372 1.4446 4.9013 -1.0622 0.1208
Car -1 -1 1.9930 181.2916 184.8273 276.6946 228.8015 1.3879 1.5792 3.7988 -13.5244 1.8481 25.7689 1.5136 0.1090
Car -1 -1 -1.3999 250.8625 177.1736 297.9512 209.0742 1.4924 1.5357 3.6697 -16.8388 1.7217 36.2585 -1.8321 0.1051
Car -1 -1 -0.7085 933.5542 172.9452 1003.6597 196.1140 1.4937 1.6782 4.0497 23.7323 1.5002 47.8399 -0.2507 0.1045
Car -1 -1 1.3136 820.5942 175.5962 851.0684 196.5414 1.8328 1.6864 3.9516 20.4931 2.0904 65.6720 1.6143 0.1024
