Cyclist -1 -1 1.4342 845.4582 174.3737 862.4584 212.7775 1.6515 0.4744 1.7283 10.7664 1.7212 31.9906 1.7555 0.4829
Car -1 -1 -2.6870 128.3448 184.0739 374.5952 270.6097 1.4915 1.5823 3.8053 -6.5995 1.7134 13.4428 -3.1360 0.9671
Car -1 -1 -1.7681 668.3875 173.7718 768.8304 248.8402 1.7312 1.7396 4.2916 2.6494 1.7584 18.8854 -1.6318 0.9571
Car -1 -1 0.4189 212.0092 183.9722 434.8510 260.4066 1.5566 1.6286 4.2676 -6.2476 1.8158 15.8771 0.0491 0.8518
Car -1 -1 -2.7143 271.3937 183.2739 442.5990 243.3702 1.4212 1.5385 3.8131 -6.4096 1.7001 18.3358 -3.0466 0.8387
Car -1 -1 3.3048 333.3835 178.3202 465.7716 228.2271 1.5018 1.6175 3.8296 -6.6482 1.6839 22.9593 3.0255 0.8196
Car -1 -1 1.4369 632.9730 175.5798 669.3563 204.7494 1.5970 1.5878 3.9153 2.3082 1.7632 41.8913 1.4910 0.8002
Car -1 -1 0.2042 347.7809 169.6424 490.8571 220.6913 1.7243 1.7574 4.5998 -6.6489 1.6161 25.3613 -0.0501 0.7850
Car -1 -1 -1.6891 649.9915 180.4762 699.6424 221.6965 1.5505 1.5922 3.6863 2.5639 1.8843 29.6979 -1.6045 0.6869
Car -1 -1 -1.7878 659.8541 180.2971 731.0365 232.7779 1.5917 1.6188 3.5916 2.7471 1.8619 24.2833 -1.6773 0.5058
Car -1 -1 -1.3056 467.9305 175.0784 519.3947 208.5386 1.4509 1.5148 3.3541 -5.3471 1.5593 33.2662 -1.4642 0.4963
Car -1 -1 -2.7655 308.0035 179.5751 452.8496 232.7144 1.4585 1.5636 3.6913 -6.6471 1.6625 20.9450 -3.0696 0.4747
