Pedestrian -1 -1 -2.2343 720.2947 164.1057 743.4341 212.3710 1.8155 0.5581 0.7006 4.6127 1.4868 27.5793 -2.0708 0.2659
Pedestrian -1 -1 3.5126 0.0000 202.7579 35.2409 269.6090 1.7973 0.7309 0.9500 -16.9795 2.6611 20.3353 2.8232 0.2345
Pedestrian -1 -1 2.1310 33.2688 168.1068 82.7161 239.3494 1.7919 0.6516 0.8639 -14.2680 1.6729 18.6043 1.4835 0.1367
Cyclist -1 -1 3.4727 0.0000 200.6885 43.5757 267.3417 1.7884 0.6758 1.2178 -16.8751 2.5934 20.3275 2.7862 0.2368
Car -1 -1 -1.5592 399.6972 169.2660 444.0925 211.2141 1.5718 1.6216 3.3429 -7.5368 1.4377 28.8503 -1.8128 0.8950
Car -1 -1 2.3329 939.1180 148.8274 1242.0000 316.4427 1.4767 1.5869 4.1969 5.7611 1.2654 7.4960 2.9690 0.7426
Car -1 -1 1.6873 411.5471 163.2454 452.5740 192.7637 1.4785 1.6241 4.2998 -9.4361 0.9976 38.3703 1.4475 0.4982
Car -1 -1 -1.9198 572.4955 139.0150 669.6537 204.2870 2.1704 1.9522 5.0532 0.2279 1.0455 26.6968 -1.9118 0.2416
Car -1 -1 -0.5189 735.6240 137.0885 886.0164 196.7133 1.8104 1.7276 4.4054 6.4091 0.7248 23.2946 -0.2538 0.2077
Car -1 -1 1.6191 430.0060 177.6869 460.8451 206.6048 1.6031 1.5891 4.0557 -9.7611 1.9047 42.8448 1.3961 0.1493
