Car -1 -1 -1.7464 622.6280 176.6150 701.5573 237.7314 1.6048 1.6408 3.7877 1.3830 1.7257 21.1599 -1.6829 0.9709
Car -1 -1 0.6631 0.0000 162.6548 230.4378 344.8905 1.7835 1.7729 4.3904 -6.9438 1.6841 8.0199 -0.0342 0.8491
Car -1 -1 1.3604 562.0510 176.1552 592.0685 197.2030 1.6374 1.6602 3.9155 -2.7477 1.9169 58.8940 1.3135 0.5346
Car -1 -1 3.3434 330.7597 185.0685 457.6955 227.8475 1.5197 1.6678 4.3415 -8.0963 1.9982 27.2252 3.0565 0.5269
Car -1 -1 3.3688 380.7451 179.0521 451.5116 209.0507 1.4822 1.5090 3.2278 -9.8835 1.8055 36.7894 3.1077 0.4647
Car -1 -1 -2.7662 298.9645 177.7937 419.5010 223.1005 1.4814 1.5316 3.5727 -8.5442 1.6561 24.6175 -3.0974 0.4200
Car -1 -1 -1.4143 320.7963 174.5344 419.1322 266.6277 1.7624 1.5200 3.1179 -5.1028 1.8028 15.5245 -1.7275 0.3223
Car -1 -1 -2.0896 625.5729 173.6422 671.4930 198.1362 1.5317 1.4956 3.4041 2.4465 1.5856 47.0945 -2.0385 0.2910
Car -1 -1 -1.8905 385.2056 158.3914 425.7990 187.2738 2.3166 1.8230 4.8906 -17.1862 1.1569 60.4051 -2.1668 0.2711
Car -1 -1 3.3716 255.0089 179.3410 396.8176 230.4947 1.4660 1.5884 3.7555 -8.6018 1.6735 21.9880 3.0024 0.2399
Car -1 -1 -1.3223 369.3421 181.7211 458.0238 242.4917 1.5766 1.6147 3.7815 -5.6910 1.8605 21.1704 -1.5824 0.2358
