Pedestrian -1 -1 1.9368 547.4921 174.8035 560.1660 202.9238 1.8217 0.5827 0.7946 -3.7083 1.9510 47.2681 1.8585 0.4450
Pedestrian -1 -1 1.5996 686.5672 165.9886 699.5804 203.0062 1.8964 0.6479 0.9011 4.2792 1.5451 37.4539 1.7120 0.2977
Pedestrian -1 -1 2.8886 689.6935 138.2768 726.5947 209.5923 1.8458 0.5862 0.8416 2.5324 0.9512 19.0148 3.0185 0.2609
Pedestrian -1 -1 1.8936 532.2953 176.0678 557.3768 217.2886 1.8240 0.5689 1.9163 -3.0121 1.9761 33.0776 1.8029 0.1013
Cyclist -1 -1 1.8936 532.2953 176.0678 557.3768 217.2886 1.8240 0.5689 1.9163 -3.0121 1.9761 33.0776 1.8029 0.6216
Car -1 -1 -1.7939 684.9552 176.5825 813.3573 271.3594 1.5764 1.6245 3.6093 2.4903 1.6586 13.9878 -1.6224 0.9709
Car -1 -1 1.8612 337.3153 184.1487 452.1488 257.5222 1.5126 1.5924 3.8477 -5.0880 1.8155 17.3973 1.5801 0.9532
Car -1 -1 1.7495 466.2502 181.3227 518.4356 218.6017 1.5528 1.6372 4.2241 -5.3691 1.9672 33.1454 1.5896 0.8360
Car -1 -1 -0.7367 0.0000 216.7798 146.2583 375.0000 1.5018 1.6251 3.9671 -4.4059 1.8410 3.5631 -1.5908 0.7026
Car -1 -1 -1.5836 632.8263 177.6629 655.8315 199.4510 1.5546 1.6683 3.8850 2.5279 1.9301 54.3181 -1.5378 0.6270
Car -1 -1 1.5666 518.3052 181.5959 541.8742 205.8264 1.6272 1.6244 3.9418 -5.7948 2.2823 51.9837 1.4557 0.4001
