Pedestrian -1 -1 -1.4398 787.5608 152.5306 803.9027 192.9061 1.9230 0.6807 0.6964 8.9254 0.9554 34.8121 -1.1911 0.3110
Pedestrian -1 -1 -2.6991 299.5540 181.7288 320.1683 213.7728 1.7721 0.5717 0.9080 -16.8286 2.2729 40.3779 -3.0919 0.2476
Pedestrian -1 -1 -3.0398 620.3925 170.0531 647.6694 202.3245 1.7843 0.5859 1.4710 1.3100 1.6298 40.2808 -3.0081 0.1911
Cyclist -1 -1 -2.4857 627.6525 170.1990 662.2313 204.2230 1.7887 0.6224 1.8606 1.8327 1.6495 38.7680 -2.4393 0.4140
Cyclist -1 -1 3.0487 618.9045 169.0397 649.2427 200.6116 1.7496 0.5919 1.6460 1.3053 1.5386 40.3289 3.0803 0.3078
Car -1 -1 -1.4998 511.6870 179.5981 553.5133 216.2747 1.5082 1.5863 4.0939 -3.4670 1.8318 32.5049 -1.6058 0.9191
Car -1 -1 2.1479 0.0000 171.6478 217.0386 291.9269 1.9258 1.8251 4.6015 -9.7258 1.9068 13.8731 1.5453 0.8577
Car -1 -1 1.7729 387.7860 182.8071 435.4530 213.0344 1.4976 1.6664 4.3532 -10.8058 2.0727 39.4367 1.5068 0.7649
Car -1 -1 -1.5373 579.2302 176.4448 606.2536 201.1315 1.5140 1.6252 3.8954 -1.1137 1.7569 46.7725 -1.5615 0.6286
Car -1 -1 -1.2126 196.5179 188.2684 352.4587 268.7569 1.4409 1.6834 4.2700 -7.2244 1.8284 15.9332 -1.6325 0.3353
Car -1 -1 -1.0400 468.4512 181.5230 517.3644 205.5387 1.4993 1.5667 3.7468 -7.8580 2.1073 48.5387 -1.2000 0.2477
Car -1 -1 -1.0292 625.5287 176.1991 682.1924 202.9025 1.4971 1.6392 3.8195 2.6240 1.7063 42.9984 -0.9691 0.2445
Car -1 -1 -1.2106 226.2402 165.7013 268.8397 190.7159 2.1619 1.8578 4.7551 -32.5097 1.5441 64.8175 -1.6740 0.2250
