Pedestrian -1 -1 1.0496 384.7392 158.7447 439.3516 248.8813 1.8316 0.7029 1.0213 -4.1327 1.3911 14.9721 0.7875 0.5027
Pedestrian -1 -1 2.0270 769.1636 129.8944 840.5349 273.4820 1.8130 0.6028 0.8689 2.6300 1.1757 9.4476 2.2920 0.3852
Pedestrian -1 -1 1.6855 378.2953 169.9355 399.0925 220.0364 1.8471 0.6616 0.7538 -8.1260 1.4592 26.4924 1.3929 0.3777
Pedestrian -1 -1 -1.2618 367.5722 181.5450 387.3943 220.1672 1.7129 0.6483 0.7522 -10.2321 1.7618 31.7496 -1.5691 0.3410
Pedestrian -1 -1 1.4364 700.2132 140.9105 736.6985 237.1079 1.7830 0.5844 0.7756 2.1129 1.0509 13.4935 1.5902 0.2678
Pedestrian -1 -1 1.1232 1111.6182 30.9673 1224.0000 370.0000 1.7657 0.5942 0.7286 3.2986 1.0178 3.9578 1.7821 0.2164
Pedestrian -1 -1 2.5046 812.7579 132.4537 900.7550 295.6291 1.7457 0.6160 0.7039 2.7745 1.2334 7.9603 2.8298 0.2115
Cyclist -1 -1 1.4223 820.0635 122.8745 889.6743 289.1322 1.7658 0.5777 1.0869 2.7819 1.1555 8.0898 1.7438 0.1026
Car -1 -1 -1.6449 530.1189 163.6571 574.5519 209.6759 1.9631 1.7105 4.3448 -2.4979 1.2461 32.4323 -1.7193 0.7376
Car -1 -1 1.6817 404.7441 173.7167 447.8048 206.8387 1.4908 1.5563 3.9760 -8.5214 1.1869 33.8909 1.4394 0.4325
Car -1 -1 2.0274 478.1730 168.0618 517.9506 188.8997 1.6279 1.6091 3.9478 -8.6157 0.6574 57.3570 1.8809 0.1998
