Pedestrian -1 -1 -1.6369 707.5328 161.4293 724.0771 201.4607 1.8354 0.7134 0.6757 4.8609 1.3120 33.4434 -1.4942 0.2684
Pedestrian -1 -1 0.8581 385.3698 150.0325 426.7695 221.6567 1.8662 0.6631 0.8641 -5.5060 1.2720 19.3124 0.5836 0.2483
Cyclist -1 -1 1.9518 290.3471 146.2230 353.1672 244.1705 1.7935 0.5661 1.6212 -5.6186 1.3062 14.0217 1.5767 0.2617
Cyclist -1 -1 1.6861 516.9705 175.2372 529.2092 207.0033 1.6469 0.4609 1.6502 -4.6497 1.7767 38.3556 1.5658 0.2321
Car -1 -1 -1.7115 661.0073 181.3634 744.1492 245.4064 1.4804 1.6153 3.9347 2.3022 1.7305 19.1895 -1.5948 0.9596
Car -1 -1 -1.4306 382.9384 186.3473 497.2835 276.9885 1.4489 1.6013 4.1633 -3.2508 1.7568 14.3067 -1.6509 0.9432
Car -1 -1 -1.1318 0.0000 201.2218 405.1043 375.0000 1.4666 1.5955 4.0282 -2.8925 1.7591 5.3859 -1.6055 0.9315
Car -1 -1 -1.9179 752.6574 185.9065 1105.7896 375.0000 1.4933 1.6336 3.8681 2.5306 1.6538 6.9074 -1.5819 0.8936
Car -1 -1 1.4917 628.7476 180.5034 666.0241 210.9119 1.4164 1.5826 3.5923 1.7997 1.8213 36.3406 1.5402 0.7614
Car -1 -1 -2.3694 894.7323 0.0000 1242.0000 375.0000 1.5686 1.6127 3.7002 2.6398 0.9734 2.6716 -1.6420 0.3658
Car -1 -1 -1.3861 661.9467 178.7469 689.9969 198.5340 1.4895 1.5618 3.8015 5.2706 1.9767 57.5686 -1.2957 0.2773
