Pedestrian -1 -1 -1.4011 720.0757 198.8988 740.9423 242.3634 1.7228 0.7035 0.9562 4.9480 2.8209 29.8427 -1.2395 0.4040
Pedestrian -1 -1 -2.3266 1087.0397 216.4532 1242.0000 375.0000 1.4385 0.7700 0.7017 3.6768 1.7470 4.7004 -1.6940 0.3329
Pedestrian -1 -1 -2.9281 869.9703 167.0924 902.7375 209.4681 1.8833 0.6602 1.2772 12.4798 1.6276 32.6894 -2.5668 0.2708
Pedestrian -1 -1 1.3023 1062.2513 189.7152 1104.0402 260.6281 1.7433 0.7099 0.7612 12.0229 2.1853 18.4267 1.8722 0.2657
Pedestrian -1 -1 -3.4081 847.4494 193.8450 870.1317 231.9797 1.7686 0.7766 0.8426 11.7922 2.7797 34.3285 -3.0807 0.2242
Pedestrian -1 -1 -0.0983 1176.1021 183.4180 1207.5571 240.1315 1.7262 0.6669 0.6996 18.1728 2.0644 22.6034 0.5718 0.2012
Pedestrian -1 -1 1.4733 756.5387 178.6397 780.3254 233.8417 1.7009 0.6468 0.8765 4.9532 1.8878 22.7997 1.6837 0.1624
Cyclist -1 -1 -2.5066 867.3939 167.2173 904.4451 210.0028 1.8898 0.7069 1.4227 12.4385 1.6412 32.6559 -2.1461 0.3151
Cyclist -1 -1 2.1387 915.3226 134.9100 1002.1033 235.2764 1.8252 0.6402 1.8146 6.6678 1.1355 13.8736 2.5782 0.2956
Cyclist -1 -1 2.2591 417.6796 196.8063 478.0042 265.5602 1.5596 0.4806 1.7065 -4.0318 2.1812 17.8409 2.0391 0.1783
Cyclist -1 -1 -1.4494 720.6978 198.5925 740.7545 242.1492 1.7258 0.7053 1.0127 4.9606 2.8123 29.8617 -1.2874 0.1443
Car -1 -1 -1.4627 548.2661 201.3609 588.7371 237.1380 1.5362 1.6302 3.4760 -2.0374 3.0128 35.5863 -1.5204 0.8414
Car -1 -1 -1.1249 106.9957 143.7275 437.2077 350.6584 2.0225 1.8514 4.8839 -3.9789 1.7382 9.5424 -1.5110 0.2197
Car -1 -1 -1.1013 1080.0422 177.1067 1240.3741 245.1330 1.5576 1.7572 3.7560 13.9447 1.6756 18.3414 -0.4595 0.1918
Car -1 -1 -2.4054 0.0000 0.0000 1242.0000 375.0000 1.5818 1.6083 3.5645 3.0797 1.3657 1.6527 -1.3988 0.1913
Car -1 -1 1.8606 418.5611 190.3802 495.3237 239.0841 1.6600 1.7996 4.2666 -5.9534 2.4032 28.3760 1.6550 0.1902
Car -1 -1 -1.3561 587.8538 188.1126 618.9506 211.1422 1.6805 1.6755 3.9791 -0.5129 2.9432 57.5735 -1.3656 0.1832
Car -1 -1 -1.7832 823.6546 202.2022 1009.7062 333.5897 1.4438 1.6499 4.2218 4.3920 1.9868 11.1264 -1.4177 0.1586
