Pedestrian -1 -1 -1.4760 546.9484 168.1064 565.2816 215.4720 1.7088 0.5949 0.8993 -1.6796 1.2266 26.3699 -1.5441 0.7359
Pedestrian -1 -1 -3.1492 944.2007 121.4882 1073.9702 374.0000 1.6500 0.6162 0.6918 2.5679 1.2969 4.6724 -2.6756 0.6998
Pedestrian -1 -1 2.2535 339.1028 153.3762 474.5134 374.0000 1.7443 0.6370 0.9316 -1.6336 1.5347 5.9409 1.9897 0.6613
Pedestrian -1 -1 -2.1372 1000.6730 102.3015 1238.0000 374.0000 1.5473 0.7063 0.6603 2.1938 1.2456 3.0796 -1.5628 0.5745
Pedestrian -1 -1 -2.2466 960.6008 168.1602 1063.2214 331.1259 1.7123 0.6519 0.7610 4.4899 1.5735 7.9784 -1.7536 0.5693
Pedestrian -1 -1 -2.7058 687.6915 156.7768 726.1359 215.8414 1.7570 0.5932 1.0033 3.1857 1.0227 21.8867 -2.5680 0.5159
Pedestrian -1 -1 -1.2697 684.4785 146.3532 709.2949 198.0819 1.8221 0.6702 0.8405 3.4135 0.5851 25.8216 -1.1445 0.5061
Pedestrian -1 -1 -1.7168 749.0029 151.4423 770.1270 199.5574 1.7103 0.5179 1.5779 5.7647 0.6429 26.3354 -1.5084 0.1211
Cyclist -1 -1 -1.6724 748.9958 152.4019 768.4316 202.6223 1.7841 0.5164 1.6548 5.7407 0.7514 26.3670 -1.4650 0.5602
Cyclist -1 -1 -2.7639 687.6248 156.5966 726.3961 216.3864 1.7801 0.5758 1.0305 3.1894 1.0398 21.8884 -2.6260 0.1540
Cyclist -1 -1 -1.4760 546.9484 168.1064 565.2816 215.4720 1.7088 0.5949 0.8993 -1.6796 1.2266 26.3699 -1.5441 0.1127
Car -1 -1 1.9754 187.9896 111.7752 499.3967 325.0400 1.9010 1.8011 4.4630 -2.7143 1.2809 8.7143 1.6762 0.9132
Car -1 -1 1.7492 435.0987 140.3165 555.2275 241.4286 1.8176 1.7145 4.5620 -2.1022 1.0785 15.2223 1.6091 0.7453
Car -1 -1 -1.6527 664.7376 150.6544 697.4739 179.6558 1.6774 1.6423 3.8568 4.8110 -0.1166 43.7396 -1.5485 0.6515
Car -1 -1 -1.9478 1138.3179 197.7187 1238.0000 374.0000 1.4491 1.4973 3.4869 4.6856 1.5934 4.4275 -1.1689 0.3935
