Pedestrian -1 -1 1.4136 756.7409 137.0708 813.8171 258.6068 1.8263 0.7476 0.7482 2.7495 1.1753 11.0232 1.6534 0.7729
Pedestrian -1 -1 0.4987 810.4323 129.4394 926.9850 316.0146 1.6736 0.6301 0.8692 2.5039 1.2173 6.8711 0.8357 0.7306
Pedestrian -1 -1 -2.0889 415.1278 142.1747 451.6768 214.2291 1.7163 0.6128 0.6821 -4.2375 0.8050 17.2945 -2.3227 0.6395
Pedestrian -1 -1 -1.6443 650.2276 138.0207 673.0024 201.9554 1.8460 0.6062 0.8562 1.6288 0.6211 20.8401 -1.5653 0.5566
Pedestrian -1 -1 -1.2835 109.0758 150.0973 169.4233 263.1963 1.8143 0.6534 0.7337 -7.7899 1.3283 11.7810 -1.8534 0.4684
Pedestrian -1 -1 -1.4243 489.3395 147.3902 517.2136 211.6010 1.7459 0.6441 0.8836 -2.8559 0.8472 19.6632 -1.5641 0.4346
Pedestrian -1 -1 -2.2948 236.5174 135.9956 292.5107 240.3567 1.7217 0.6535 0.5623 -5.8527 0.9891 12.0712 -2.7337 0.3771
Pedestrian -1 -1 1.3336 395.4558 139.2990 428.5074 209.2506 1.8397 0.6508 1.0032 -5.2813 0.7577 19.1864 1.0714 0.3671
Pedestrian -1 -1 -2.3465 259.7749 138.7747 331.0641 247.2955 1.6990 0.6200 0.8914 -5.0864 1.0474 11.5214 -2.7498 0.3467
Pedestrian -1 -1 -2.2777 314.8655 154.2345 339.6041 198.5268 1.8773 0.6882 0.7220 -11.9781 0.7656 30.4377 -2.6470 0.3250
Pedestrian -1 -1 -1.5601 5.8061 158.7989 33.7628 224.4877 1.7812 0.5843 0.8262 -16.3118 1.1944 19.6726 -2.2426 0.2844
Pedestrian -1 -1 -1.0619 353.5894 151.0670 374.4558 191.4743 1.9649 0.7289 0.6870 -11.8672 0.5351 34.7814 -1.3859 0.2594
Pedestrian -1 -1 -1.4785 339.8445 144.7970 359.4395 191.1094 1.9469 0.7354 0.5449 -10.8794 0.4475 30.0728 -1.8201 0.2369
Pedestrian -1 -1 1.7593 542.9295 151.3448 565.2495 195.8849 1.7682 0.6013 1.7033 -2.0946 0.6123 28.9450 1.6898 0.1528
Pedestrian -1 -1 3.0786 606.3154 150.7643 654.3500 199.0551 1.7043 0.6173 1.6805 0.8686 0.6564 25.2803 3.1145 0.1026
Cyclist -1 -1 3.0927 606.6143 150.9000 654.0692 198.5254 1.6835 0.5913 1.6694 0.8696 0.6387 25.2950 3.1287 0.5043
Cyclist -1 -1 1.8573 540.5968 151.2154 566.1551 195.8759 1.7657 0.5589 1.7813 -2.1172 0.6094 28.8789 1.7869 0.4205
Cyclist -1 -1 0.1904 580.3573 158.1060 629.2021 200.9335 1.6530 0.7140 1.8192 -0.0269 0.7902 27.8085 0.1914 0.2761
Cyclist -1 -1 0.5913 252.5157 134.7805 331.0909 245.6537 1.7858 0.5124 1.0955 -5.2373 1.0511 11.7354 0.1838 0.1935
Cyclist -1 -1 1.3806 395.7636 132.8732 427.7824 203.6516 1.8579 0.6541 1.0493 -5.2830 0.6093 19.1691 1.1182 0.1091
Cyclist -1 -1 -1.1956 475.9162 146.1806 509.8882 210.8774 1.7318 0.6319 0.9100 -3.1083 0.8147 19.4350 -1.3495 0.1027
Car -1 -1 1.8523 0.0000 50.5921 283.0010 370.0000 1.7189 1.6786 4.4908 -3.0555 1.4185 4.0354 1.2432 0.4872
