Pedestrian -1 -1 2.8214 177.1476 154.0268 206.5002 206.7264 1.8998 0.6843 0.7579 -15.4138 1.2215 26.5195 2.2991 0.3304
Car -1 -1 -1.9256 222.1071 162.8713 290.5683 199.3535 1.5344 1.6110 3.5449 -15.8301 1.1149 32.1497 -2.3801 0.6959
Car -1 -1 1.2644 153.4489 160.4211 235.8723 205.3609 1.7255 1.7151 4.3793 -17.2540 1.2485 29.8146 0.7435 0.6738
Car -1 -1 -2.0822 287.8534 160.8686 372.7132 196.9737 1.5855 1.7091 4.5239 -13.1818 1.0595 33.7805 -2.4518 0.6338
Car -1 -1 -2.4015 562.2048 160.0429 625.1668 186.9259 1.6081 1.6537 3.8068 -1.0779 0.8421 45.0329 -2.4256 0.5809
Car -1 -1 -2.0977 519.5318 163.4911 576.1440 190.3239 1.5085 1.6134 3.8386 -3.7470 0.9825 42.5955 -2.1852 0.5511
Car -1 -1 0.5170 725.7516 160.2753 784.0873 180.9996 1.5788 1.6492 4.2556 11.3890 0.6209 56.9813 0.7131 0.5287
Car -1 -1 -2.1611 483.2585 157.7450 550.4961 187.0243 1.5252 1.6674 4.0900 -5.2017 0.7385 39.6691 -2.2909 0.4527
Car -1 -1 -2.7242 737.8456 160.3257 798.8250 181.5772 1.6858 1.7226 4.5882 12.9584 0.6923 59.2836 -2.5102 0.3171
Car -1 -1 -1.4861 436.8111 165.7942 470.6247 193.4376 1.4862 1.5562 3.6928 -8.8103 1.1070 40.7206 -1.6981 0.2949
Car -1 -1 1.1315 341.5163 167.9473 396.1810 195.6880 1.6250 1.6235 4.0258 -14.8673 1.3380 44.2813 0.8091 0.2604
