Pedestrian -1 -1 -3.1212 832.9503 150.1371 859.0717 195.9106 1.8913 0.5430 1.0316 9.8509 0.9530 30.2359 -2.8094 0.3815
Pedestrian -1 -1 1.6523 62.8461 136.5947 94.8974 208.9672 1.8635 0.6268 0.6511 -14.0394 0.9303 19.0175 1.0230 0.1593
Pedestrian -1 -1 -1.9994 955.1336 154.9363 1001.4982 221.6454 1.7855 0.7419 1.0970 10.0789 1.3063 19.8708 -1.5364 0.1440
Pedestrian -1 -1 1.1230 1194.6426 133.7916 1242.0000 224.1727 1.8519 0.6537 0.9277 12.9912 1.0519 15.3111 1.8170 0.1263
Cyclist -1 -1 1.4171 782.7831 185.0165 798.7880 220.1006 1.7074 0.5131 1.7915 9.1387 2.3412 36.6611 1.6588 0.1665
Car -1 -1 2.1155 29.2479 193.5334 146.1685 243.7894 1.4568 1.5367 3.5829 -17.4682 2.2058 24.2734 1.4967 0.8997
Car -1 -1 -1.6159 537.7663 173.5868 559.1143 192.5374 1.5685 1.6511 3.7389 -5.3233 1.6336 61.8299 -1.7018 0.5289
Car -1 -1 2.0537 188.9778 189.8608 247.9023 215.9612 1.6473 1.7852 4.4087 -27.4186 2.8934 50.6355 1.5593 0.4832
Car -1 -1 1.3369 711.8146 165.6007 746.9136 188.4744 1.5757 1.6380 3.7735 8.4709 1.0764 51.6415 1.4983 0.1233
Car -1 -1 -1.0843 146.2071 183.3161 198.1025 209.1612 1.7781 1.6163 3.9414 -32.2888 2.5803 53.2812 -1.6272 0.1139
