Pedestrian -1 -1 -1.6329 769.9654 155.8141 792.0239 212.3111 1.8232 0.6553 0.7574 5.5676 1.2737 23.7094 -1.4055 0.3785
Car -1 -1 -1.8945 746.8100 180.8644 961.0831 320.4656 1.5111 1.5743 3.6963 3.0238 1.6422 9.8984 -1.6075 0.9774
Car -1 -1 1.8926 275.8867 188.9185 408.4257 274.8910 1.5903 1.6065 3.7669 -5.7994 1.9883 15.9554 1.5486 0.9707
Car -1 -1 -1.8601 707.4492 179.5298 826.7661 262.0790 1.5083 1.5262 3.3080 3.1237 1.6649 15.1746 -1.6619 0.9378
Car -1 -1 1.8140 370.3382 189.2152 453.2210 246.3589 1.4458 1.5138 3.5289 -5.7286 1.9639 21.0509 1.5508 0.8736
Car -1 -1 -1.7417 690.8007 177.4911 769.1708 230.4127 1.3758 1.6041 3.6954 3.3360 1.5227 20.9407 -1.5866 0.8464
Car -1 -1 -2.7254 388.8188 177.0563 466.4432 203.8039 1.6309 1.7314 4.4365 -11.5336 1.9040 45.6048 -2.9721 0.7319
Car -1 -1 -2.6886 0.0000 0.0000 1242.0000 375.0000 1.5439 1.6075 3.8004 3.0743 1.5210 1.4515 -1.6351 0.4533
Car -1 -1 2.1102 63.2384 186.5978 192.8297 237.6025 1.4286 1.5583 4.1751 -15.5311 1.9163 23.4650 1.5305 0.4515
Car -1 -1 0.5463 0.0000 187.4641 93.2394 253.1966 1.4542 1.5313 3.5527 -14.9198 1.8287 17.4456 -0.1538 0.4450
Car -1 -1 1.2237 341.0002 185.6095 381.4875 208.2604 1.5870 1.6337 4.0600 -19.0192 2.5967 55.0010 0.8919 0.4035
