Car -1 -1 -1.8397 725.5792 181.7598 923.3313 308.0863 1.4239 1.6029 4.0276 2.7772 1.5782 10.4432 -1.5879 0.9743
Car -1 -1 -1.7419 673.2838 172.9771 752.3732 234.4724 1.5223 1.5459 3.3407 2.6509 1.5263 19.5645 -1.6100 0.9317
Car -1 -1 -2.0661 838.0801 173.1967 1242.0000 375.0000 1.5182 1.6456 4.0225 2.7514 1.5217 4.4322 -1.5408 0.8988
Car -1 -1 0.3975 272.9004 172.9897 456.1338 240.1208 1.6073 1.6439 4.0701 -6.1736 1.6112 18.2489 0.0752 0.8964
Car -1 -1 -1.6950 647.8896 175.4750 690.9444 210.0028 1.4960 1.5383 3.5656 2.6551 1.6241 33.3518 -1.6168 0.8929
Car -1 -1 -2.3691 0.0000 186.9367 212.5254 346.2680 1.3937 1.5624 4.0064 -6.5296 1.5559 7.3813 -3.0756 0.8706
Car -1 -1 3.4053 326.1358 155.2949 457.4922 203.1552 1.4808 1.5862 3.7518 -6.9743 0.9379 23.1633 3.1158 0.8526
Car -1 -1 0.1846 398.4641 175.0834 507.3123 213.4653 1.4738 1.5809 4.0000 -6.2168 1.5653 28.6464 -0.0277 0.7196
Car -1 -1 0.5048 335.8840 178.0866 475.1660 232.8979 1.4911 1.5355 3.6111 -5.9688 1.6522 21.0076 0.2308 0.5719
Car -1 -1 3.9758 0.0000 180.1166 81.5480 375.0000 1.4851 1.5863 3.9224 -6.0882 1.5420 4.7229 3.0924 0.4772
