Pedestrian -1 -1 0.4900 173.7546 159.1939 196.6653 194.1655 1.8780 0.6223 0.8799 -23.0358 1.1448 39.0730 -0.0399 0.4252
Pedestrian -1 -1 0.5774 0.0000 153.1758 17.5782 204.8680 1.9539 0.5442 0.8071 -23.3266 1.2105 27.5889 -0.1198 0.2686
Pedestrian -1 -1 0.9799 1182.8887 115.5462 1242.0000 242.3012 1.8655 0.6270 0.9294 9.4280 1.0224 11.1097 1.6705 0.1640
Pedestrian -1 -1 -1.9406 782.2521 155.7742 803.8909 193.6983 1.8180 0.6060 1.2607 8.8971 0.9996 35.2492 -1.6956 0.1522
Pedestrian -1 -1 -2.4078 1173.8021 110.2326 1240.4617 188.5488 1.8546 0.6074 1.1436 14.5744 0.3720 17.6963 -1.7267 0.1277
Pedestrian -1 -1 1.5299 850.4495 173.6010 881.1949 243.0004 1.7449 0.7042 0.9660 6.5760 1.7653 18.7152 1.8621 0.1112
Pedestrian -1 -1 -1.3566 832.4061 169.6011 852.1871 212.9680 1.7299 0.5053 1.3241 9.4562 1.6005 29.4800 -1.0496 0.1087
Cyclist -1 -1 -2.0163 780.0836 154.8390 804.9813 192.8719 1.8212 0.5762 1.5270 8.8941 0.9589 35.3534 -1.7720 0.1556
Cyclist -1 -1 1.7340 832.6094 169.0049 851.6567 213.4381 1.7680 0.5204 1.4380 9.4459 1.6152 29.4665 2.0408 0.1297
Cyclist -1 -1 -1.6815 780.9151 153.5961 794.4847 190.9086 1.8888 0.5260 1.3788 9.1282 0.9143 37.2399 -1.4432 0.1061
Cyclist -1 -1 0.4900 173.7546 159.1939 196.6653 194.1655 1.8780 0.6223 0.8799 -23.0358 1.1448 39.0730 -0.0399 0.1010
Car -1 -1 -2.1685 754.5143 187.0992 941.2178 282.6924 1.4343 1.5498 3.4271 4.1343 1.7331 13.2465 -1.8733 0.9592
Car -1 -1 2.1536 144.3099 181.2528 255.1748 231.8821 1.8739 1.7364 4.5743 -16.8309 2.2488 29.8250 1.6433 0.9326
Car -1 -1 2.3031 0.0000 190.1239 53.8787 253.6702 1.4781 1.6358 3.6574 -17.4133 1.9921 19.6194 1.5839 0.2429
