Pedestrian -1 -1 1.7090 516.5182 177.3673 534.8672 219.9796 1.7844 0.6693 0.8291 -3.6259 1.9795 30.7217 1.5919 0.3970
Pedestrian -1 -1 -0.6158 1163.2070 180.0048 1201.8534 232.1306 1.7725 0.7949 0.7231 19.8310 2.0253 25.0596 0.0473 0.2486
Pedestrian -1 -1 2.1579 254.6846 137.2380 345.6918 258.5464 1.7744 0.5209 1.5863 -4.8940 1.2538 11.3792 1.7597 0.1628
Pedestrian -1 -1 0.6505 1137.3005 133.0167 1242.0000 304.7545 1.7577 0.7192 1.1011 6.6062 1.3504 8.0043 1.3222 0.1368
Cyclist -1 -1 2.1613 245.7378 128.3848 344.4518 251.6716 1.7719 0.5372 1.7205 -4.9152 1.1332 11.2627 1.7580 0.4689
Cyclist -1 -1 1.8732 453.7812 175.9487 489.1748 235.2913 1.6330 0.5021 1.7649 -4.0300 1.7267 20.8520 1.6840 0.1500
Cyclist -1 -1 1.7986 502.6930 185.6461 522.5424 228.5307 1.6414 0.4563 1.5238 -3.9274 2.1673 28.8592 1.6638 0.1474
Car -1 -1 2.1345 0.0000 169.6472 309.4987 375.0000 1.5271 1.5350 3.4001 -3.4839 1.5137 4.8124 1.5332 0.9067
Car -1 -1 1.4832 674.7138 176.0134 705.9091 200.5234 1.5541 1.7003 4.2903 5.3181 1.7762 48.4680 1.5914 0.3568
Car -1 -1 1.5401 650.2001 180.9016 677.3073 206.5981 1.6729 1.7484 4.5204 3.7056 2.2644 50.7037 1.6121 0.2820
Car -1 -1 -1.6020 687.6074 179.7880 735.2529 229.4136 1.4942 1.4361 2.2435 3.1831 1.7294 23.2444 -1.4684 0.2630
Car -1 -1 0.5365 1147.6107 135.9855 1242.0000 375.0000 1.5074 1.6198 4.1638 7.5353 1.2794 6.6710 1.3608 0.1701
