Car -1 -1 -1.2555 305.6560 187.7556 401.5457 240.0531 1.3898 1.5328 3.8468 -7.4194 1.4728 21.2242 -1.5883 0.9357
Car -1 -1 -1.0116 0.0000 188.9496 364.0732 376.0000 1.4279 1.5746 3.8282 -3.5308 1.4695 5.8450 -1.5350 0.9340
Car -1 -1 -1.3894 424.3905 171.8196 521.8364 248.8429 1.7092 1.6371 4.3018 -3.2914 1.4130 18.1017 -1.5671 0.9283
Car -1 -1 -1.3872 396.8069 180.6546 451.5336 216.9522 1.4574 1.6358 3.5588 -7.8045 1.2754 30.6877 -1.6345 0.8963
Car -1 -1 -1.6094 581.1454 180.0752 617.9091 211.8670 1.4779 1.6534 3.6184 -0.4811 1.2401 35.2645 -1.6234 0.8776
Car -1 -1 -1.1828 269.5609 185.9793 345.7682 222.9086 1.4317 1.5492 3.9136 -12.4184 1.4667 29.9052 -1.5736 0.8276
Car -1 -1 -0.9849 60.4638 188.2066 223.2099 249.4494 1.4337 1.5716 4.1475 -12.2082 1.5232 19.1215 -1.5470 0.7942
Car -1 -1 -1.2508 429.9688 178.0899 479.8539 206.2796 1.4913 1.5865 3.8408 -8.4759 1.1155 40.0223 -1.4585 0.3645
Car -1 -1 1.7303 470.5753 177.4448 503.9944 202.1925 1.6275 1.6441 4.0037 -8.2336 1.1176 49.2772 1.5652 0.3480
Car -1 -1 -1.5232 488.1240 180.7133 526.9019 213.3492 1.4411 1.6166 3.9581 -4.6897 1.2434 33.7822 -1.6604 0.3330
