Car -1 -1 -1.9095 774.2870 188.1997 1059.0818 364.4016 1.4419 1.5467 4.0980 3.0739 1.6627 8.3104 -1.5679 0.9691
Car -1 -1 -1.8599 721.8535 185.5895 852.9659 280.8477 1.5045 1.4821 3.1673 3.1193 1.7712 13.4589 -1.6381 0.9531
Car -1 -1 1.7254 464.0709 170.9166 531.0917 216.7455 1.5033 1.7349 4.1567 -3.9597 1.4402 25.7472 1.5738 0.9326
Car -1 -1 1.8727 230.2939 178.8620 449.2079 317.8974 1.4323 1.5445 3.8484 -3.3341 1.5283 9.5422 1.5443 0.9255
Car -1 -1 -1.7396 652.6338 173.4223 717.3175 221.3591 1.5211 1.5908 3.7018 2.4567 1.5425 24.8409 -1.6428 0.9233
Car -1 -1 2.0578 0.0000 0.0000 348.1317 375.0000 1.6855 1.6450 4.0891 -2.8815 1.2258 4.0059 1.4646 0.9165
Car -1 -1 -1.7872 677.3045 175.8550 758.6481 236.6275 1.5434 1.5439 3.3370 2.8876 1.6350 20.2147 -1.6482 0.9060
Car -1 -1 -1.6918 638.8489 173.4205 688.6797 210.6223 1.4716 1.6122 4.0724 2.1762 1.4977 30.6770 -1.6222 0.8110
Car -1 -1 -2.4965 1035.8877 187.2794 1242.0000 375.0000 1.5057 1.5998 3.7710 3.6543 1.6025 2.8808 -1.6426 0.6505
Car -1 -1 1.6308 489.4751 170.9299 533.2261 207.1991 1.4734 1.6379 4.2065 -4.2779 1.3956 31.4678 1.4964 0.5904
