Car -1 -1 0.3421 236.7347 173.5222 453.9083 247.3739 1.5904 1.6545 4.3250 -5.9344 1.6067 16.3793 -0.0008 0.9547
Car -1 -1 -1.6882 661.5332 176.8828 724.2884 224.4774 1.4486 1.6152 3.9717 2.6605 1.5958 24.2902 -1.5811 0.9333
Car -1 -1 0.6212 0.0000 163.7380 291.4314 319.6214 1.6483 1.7073 4.4287 -6.4010 1.5523 8.5012 -0.0095 0.9193
Car -1 -1 -2.6271 30.9516 174.9260 351.6629 281.3217 1.4775 1.5649 3.9192 -6.1766 1.5113 10.8443 -3.1347 0.8731
Car -1 -1 3.2635 382.8117 176.5395 508.5967 219.7475 1.4627 1.6669 4.1837 -5.7919 1.5993 25.6356 3.0430 0.8269
Car -1 -1 -0.1314 721.5518 173.9480 817.8143 215.1327 1.6155 1.6304 3.6278 6.3810 1.6617 29.3086 0.0803 0.7250
Car -1 -1 0.3303 309.7004 172.8527 454.4066 226.2278 1.4942 1.5191 3.7267 -6.6138 1.4945 21.0079 0.0285 0.6389
Car -1 -1 -2.9494 459.7439 172.7373 538.2419 201.7717 1.5111 1.6005 3.8986 -5.9094 1.5053 38.4267 -3.1014 0.6097
Car -1 -1 3.4079 309.8864 166.6376 443.6322 213.4012 1.4547 1.5998 3.8266 -7.5041 1.2617 23.3225 3.0995 0.5990
Car -1 -1 0.1972 406.0453 159.1211 520.4617 204.7535 1.7283 1.6798 4.1273 -5.7050 1.2085 28.1668 -0.0011 0.5466
Car -1 -1 3.3741 251.0331 177.4285 409.3786 238.1259 1.4723 1.5602 3.5497 -7.1731 1.5973 18.6544 3.0113 0.5061
Car -1 -1 -2.2797 0.0000 187.6853 75.7040 375.0000 1.4243 1.5553 3.8989 -6.9727 1.5637 5.9460 -3.1221 0.4541
