Pedestrian -1 -1 2.0419 979.1808 136.9118 1061.8618 278.3101 1.7755 0.6588 0.8228 5.3854 1.3245 9.5615 2.5412 0.6901
Pedestrian -1 -1 1.3372 561.5342 147.8891 584.3411 199.9973 1.8903 0.6722 0.8038 -1.4173 0.9850 26.6521 1.2842 0.6093
Pedestrian -1 -1 -0.1922 896.5668 137.7632 961.4590 267.1941 1.7547 0.6806 0.7117 4.4325 1.2793 10.1851 0.2071 0.4712
Pedestrian -1 -1 0.4245 1026.0967 164.2325 1091.9086 286.1076 1.6538 0.6588 0.5774 6.3014 1.5372 10.2133 0.9637 0.3351
Pedestrian -1 -1 -1.9263 971.5220 129.4460 998.6082 184.2667 1.9810 0.6776 0.6987 13.7031 0.4128 26.4569 -1.4529 0.3294
Pedestrian -1 -1 -2.5705 569.9117 151.7121 589.6334 193.6321 2.0495 0.6023 0.7730 -1.5340 1.0162 35.7283 -2.6135 0.2984
Pedestrian -1 -1 1.8613 1069.4203 133.0636 1146.1995 275.6662 1.7322 0.6552 0.6600 6.3100 1.2492 9.2248 2.4461 0.2822
Pedestrian -1 -1 1.2581 1105.0725 122.6496 1166.6434 232.6046 1.7465 0.6235 0.7121 8.5967 0.9494 11.8904 1.8724 0.2687
Pedestrian -1 -1 2.2371 136.6458 173.1904 369.3092 375.0000 1.6048 0.5193 1.6643 -2.4425 1.6079 5.0627 1.8065 0.1650
Cyclist -1 -1 2.2007 120.9881 156.8587 368.5811 375.0000 1.7190 0.5707 1.7586 -2.4485 1.6289 4.9963 1.7645 0.4935
