Pedestrian -1 -1 -1.3755 277.6971 181.5133 317.9727 261.2947 1.5842 0.6300 0.6890 -6.3087 1.6072 14.4471 -1.7775 0.3785
Pedestrian -1 -1 3.1107 123.4961 111.8483 199.5389 251.3752 1.8407 0.5893 0.8722 -6.1958 0.9367 9.8074 2.5642 0.3114
Pedestrian -1 -1 -1.7277 117.8664 153.3037 136.5867 193.8403 1.9579 0.6518 0.7687 -23.4323 0.6458 34.6480 -2.3161 0.2892
Pedestrian -1 -1 -3.5106 992.0301 108.5526 1064.7812 241.2935 1.7923 0.4375 0.7574 5.8194 0.8225 9.8161 -2.9874 0.2694
Pedestrian -1 -1 -0.9274 786.9987 161.9668 805.2881 196.2258 1.8133 0.6577 0.7004 10.2334 0.8337 37.8926 -0.6640 0.2657
Pedestrian -1 -1 -0.2575 773.4899 159.1915 795.1370 190.7081 1.7961 0.5931 1.0888 10.2835 0.5831 40.5917 -0.0095 0.2491
Pedestrian -1 -1 0.1221 0.0000 166.7633 19.6905 199.1616 1.8924 0.4839 0.9858 -35.2552 1.0914 41.7640 -0.5734 0.2038
Pedestrian -1 -1 3.0132 510.1296 165.1187 521.2177 187.0255 1.8832 0.5097 0.8940 -7.7062 0.5622 61.1341 2.8903 0.1999
Pedestrian -1 -1 -2.8049 977.1334 149.7415 1037.0042 218.4208 1.7170 0.5019 1.2522 10.3637 0.9496 18.3070 -2.2955 0.1791
Cyclist -1 -1 1.0876 875.8506 154.6521 905.8505 192.3189 1.7363 0.5175 1.8413 13.5214 0.5463 33.5286 1.4695 0.7338
Cyclist -1 -1 -2.8612 974.7451 149.6867 1039.0657 219.4666 1.7404 0.5330 1.3533 10.3537 0.9735 18.2977 -2.3519 0.4282
Cyclist -1 -1 -0.2575 773.4899 159.1915 795.1370 190.7081 1.7961 0.5931 1.0888 10.2835 0.5831 40.5917 -0.0095 0.1073
Car -1 -1 -0.8971 0.0000 207.4938 294.0646 370.0000 1.4807 1.5870 3.9044 -3.1310 1.6859 3.3499 -1.6014 0.8383
Car -1 -1 1.6491 432.5339 173.9299 466.1780 201.5166 1.5580 1.6396 3.9049 -9.1976 1.1883 41.9713 1.4366 0.7685
