Pedestrian -1 -1 -1.0338 860.7184 153.2341 888.1652 204.4889 1.8294 0.6526 0.7390 9.5728 1.1295 26.2373 -0.6879 0.3106
Pedestrian -1 -1 -3.1189 992.9597 170.1554 1033.2983 294.0110 1.7700 0.7168 0.5093 5.9512 1.7318 10.7462 -2.6257 0.2998
Pedestrian -1 -1 -1.5210 826.6752 164.1207 840.8727 198.4116 1.8325 0.7043 0.6267 12.0526 1.3661 38.9703 -1.2236 0.2354
Car -1 -1 -1.7201 695.4919 186.6946 787.2565 257.0641 1.4626 1.6170 3.7698 3.0426 1.8379 17.6405 -1.5531 0.9649
Car -1 -1 -1.7205 670.8361 184.3089 743.6119 238.8851 1.5269 1.6826 4.1069 2.9685 1.9274 23.1275 -1.5953 0.9110
Car -1 -1 1.6096 522.5081 180.9293 559.2250 214.5418 1.4902 1.6204 3.8862 -3.3346 1.9037 34.9253 1.5145 0.7230
Car -1 -1 -1.6691 642.5983 180.0200 677.1155 207.9608 1.4910 1.5943 3.8588 2.7847 1.9225 41.4565 -1.6031 0.3617
Car -1 -1 1.4135 628.9189 178.4926 656.5198 199.7609 1.5732 1.5623 3.8639 2.4991 2.0303 56.4409 1.4570 0.3274
Car -1 -1 -1.6474 652.3381 161.4891 711.1743 224.0327 2.3514 1.9752 5.4141 2.8159 1.9245 29.8468 -1.5550 0.3035
Car -1 -1 1.3231 534.8812 181.1992 574.9454 206.0464 1.5108 1.6500 4.1986 -3.7156 2.0881 47.6346 1.2452 0.2817
