Pedestrian -1 -1 -1.5049 346.8770 178.2773 368.3812 227.2688 1.6637 0.6605 0.6671 -8.7839 1.8551 25.0006 -1.8399 0.2825
Pedestrian -1 -1 -0.5283 666.3965 152.0739 688.7369 198.4712 1.9113 0.6360 0.7045 2.7807 1.0556 30.1573 -0.4376 0.1930
Pedestrian -1 -1 3.1593 392.4862 163.5305 403.6959 193.2562 1.9428 0.5868 0.6983 -13.9881 1.3338 47.5309 2.8743 0.1611
Pedestrian -1 -1 0.1611 608.3048 175.6061 620.5629 197.6459 1.8290 0.4611 0.9627 0.3485 2.0604 60.2596 0.1664 0.1431
Car -1 -1 1.8175 287.2585 183.8409 439.4277 296.1442 1.5997 1.5831 3.8104 -4.1581 1.8219 12.6109 1.5044 0.9536
Car -1 -1 1.7111 465.9489 181.1422 511.9196 218.6223 1.5310 1.5477 3.3793 -5.3447 1.9179 31.9350 1.5461 0.9221
Car -1 -1 2.0293 0.0000 199.4844 289.3117 375.0000 1.4506 1.6508 3.7645 -4.1394 1.7426 5.9247 1.4398 0.8547
Car -1 -1 1.6132 508.4887 181.9124 529.0576 201.7789 1.6243 1.6171 3.7621 -7.9218 2.4362 62.7015 1.4876 0.2544
Car -1 -1 2.9593 380.3475 172.9849 444.7028 199.7848 1.5179 1.5391 3.4184 -11.6127 1.5262 42.3117 2.6927 0.2128
Car -1 -1 2.8593 431.7591 175.6655 491.8442 196.7582 1.5384 1.6392 4.1772 -11.2664 1.7588 54.7718 2.6570 0.1909
Car -1 -1 1.8921 613.5223 177.6435 650.5439 201.4472 1.8605 1.7086 4.5930 1.8515 2.2742 59.8276 1.9224 0.1763
