Car -1 -1 0.4077 177.8862 172.5454 430.6445 260.2759 1.6540 1.6753 4.3676 -6.0469 1.6485 14.4774 0.0181 0.9671
Car -1 -1 -1.7134 662.4719 178.5472 734.6417 229.9988 1.4192 1.6233 4.1221 2.6070 1.6131 22.4445 -1.6000 0.9557
Car -1 -1 -2.4889 0.0000 178.8216 304.4299 303.1499 1.3814 1.4949 3.7851 -6.0584 1.4634 8.9821 -3.0689 0.9018
Car -1 -1 0.1946 362.5945 175.1758 503.1516 219.5147 1.4038 1.6312 4.2745 -5.8106 1.4838 23.8421 -0.0424 0.8520
Car -1 -1 0.4163 280.3224 171.4486 441.3129 228.3821 1.4317 1.5217 3.7253 -6.5668 1.3967 19.0642 0.0885 0.8217
Car -1 -1 3.2444 445.9436 172.5245 534.2384 203.9595 1.5456 1.6471 4.2503 -6.0331 1.5298 36.4246 3.0810 0.7932
Car -1 -1 -0.1234 727.4648 173.0352 832.1846 218.9869 1.6836 1.6594 3.6932 6.3455 1.6911 27.4526 0.1008 0.7927
Car -1 -1 3.4000 277.7768 164.4926 430.1864 216.2739 1.4677 1.5469 3.9911 -7.5340 1.2311 21.3738 3.0646 0.7321
Car -1 -1 3.3874 208.4212 177.7431 388.1918 243.0317 1.4023 1.4989 3.5482 -7.1205 1.5224 16.6569 2.9887 0.5968
Car -1 -1 -0.3269 721.5002 171.1807 818.2576 207.2332 1.5363 1.6523 3.8315 6.9622 1.4654 31.7829 -0.1136 0.5929
Car -1 -1 0.2424 377.3237 153.1235 512.4371 205.3129 1.8362 1.7396 4.5148 -5.9859 1.1424 26.2998 0.0205 0.5501
Car -1 -1 0.9540 0.0000 188.0692 204.0793 375.0000 1.4220 1.6313 3.9841 -6.2476 1.5944 6.8965 0.2370 0.5283
