Pedestrian -1 -1 1.4924 568.6108 166.6297 605.7313 256.4643 1.8036 0.6909 0.9424 -0.3456 1.5063 14.9248 1.4641 0.7974
Pedestrian -1 -1 -3.2502 771.5586 157.6967 850.4134 288.3251 1.7892 0.6306 1.0051 2.9177 1.4645 10.2265 -2.9847 0.7754
Pedestrian -1 -1 -2.0819 868.2541 142.1505 1006.4318 349.8202 1.6179 0.7202 0.8457 2.7439 1.3127 6.0527 -1.6780 0.7488
Pedestrian -1 -1 -0.0841 614.7003 162.2735 642.5545 237.7412 1.7902 0.6683 0.6139 0.6177 1.3353 17.3875 -0.0545 0.6807
Pedestrian -1 -1 -1.4852 698.4792 168.5728 722.1553 212.7706 1.6467 0.8247 0.8617 4.1197 1.1661 27.2732 -1.3418 0.6129
Pedestrian -1 -1 -1.6127 751.2135 163.6258 769.8615 209.2789 1.8018 0.6885 0.8366 6.3595 1.0974 28.8179 -1.4025 0.5481
Pedestrian -1 -1 2.7004 102.7871 176.2319 166.0323 277.7133 1.6948 0.5444 0.7612 -8.1370 1.6081 12.4612 2.1260 0.5097
Pedestrian -1 -1 -1.7320 695.1797 163.5224 713.6601 204.1899 1.7473 0.6756 0.7704 4.4622 0.9759 31.2550 -1.5964 0.4438
Pedestrian -1 -1 -0.3165 1174.9359 145.2367 1238.0000 374.0000 1.7047 0.5259 0.6622 3.7120 1.5183 4.0846 0.3840 0.3031
Pedestrian -1 -1 2.7865 591.8735 163.1908 650.2975 234.4040 1.8083 0.6212 1.3957 0.4782 1.3445 18.7607 2.8063 0.2561
Cyclist -1 -1 2.8522 588.6552 163.9448 653.0955 235.0731 1.8024 0.6501 1.5567 0.4695 1.3587 18.7211 2.8716 0.4138
Cyclist -1 -1 2.4072 46.3897 148.9833 146.9591 240.4401 1.7829 0.5813 1.7790 -10.4772 1.1503 14.9334 1.7984 0.2475
Cyclist -1 -1 1.4783 695.0874 161.4848 712.8257 203.4169 1.8018 0.6666 1.0360 4.4606 0.9427 31.3961 1.6133 0.1756
Cyclist -1 -1 -3.3142 769.3542 157.2394 854.2372 288.0093 1.7983 0.6277 1.0605 2.9327 1.4660 10.2381 -3.0475 0.1356
Car -1 -1 1.8463 394.0762 149.5142 555.6940 268.3303 1.9906 1.9549 4.7506 -2.3408 1.4560 14.5022 1.6836 0.8814
Car -1 -1 -1.6347 682.2750 159.7802 711.9143 185.4193 1.6848 1.7307 4.0428 6.5310 0.2582 49.2717 -1.5084 0.5158
Car -1 -1 1.7487 505.5088 161.7207 589.7933 231.2778 1.7890 1.6925 4.3122 -1.4593 1.2814 20.7045 1.6739 0.3739
Car -1 -1 1.7604 404.8253 182.3919 436.3764 204.3961 1.6845 1.6979 4.1935 -14.3557 1.7588 57.3044 1.5109 0.2371
