Pedestrian -1 -1 -3.2484 1167.5840 125.7250 1230.1580 285.4111 1.7674 0.8251 0.4655 6.8288 1.2462 8.4567 -2.5862 0.3358
Pedestrian -1 -1 -0.7070 767.8550 152.1420 808.1612 221.7335 1.7907 0.6358 0.8149 4.6449 1.2581 19.0314 -0.4718 0.3147
Pedestrian -1 -1 1.8167 374.7885 180.0910 411.8478 253.3685 1.8120 0.6919 0.9669 -5.5730 2.0023 18.4359 1.5264 0.1846
Pedestrian -1 -1 -1.2532 744.4163 160.6944 771.9669 214.6804 1.7555 0.6831 0.8029 4.8835 1.3605 23.9782 -1.0552 0.1625
Pedestrian -1 -1 1.8724 284.1506 154.7632 327.5876 240.3777 1.7637 0.6054 0.9132 -6.5046 1.3914 15.3439 1.4772 0.1508
Pedestrian -1 -1 2.4316 865.2878 155.3058 958.4123 254.3055 1.7363 0.5331 1.6193 5.4567 1.4289 13.1638 2.8160 0.1242
Cyclist -1 -1 2.4315 864.8273 154.7571 961.1859 255.9060 1.7730 0.5223 1.7001 5.4788 1.4562 13.1635 2.8173 0.5446
Cyclist -1 -1 -1.8427 740.0433 161.7671 768.5526 214.2135 1.6959 0.5550 1.4558 4.7565 1.3378 24.0766 -1.6505 0.1415
Cyclist -1 -1 1.9757 0.0000 164.6257 111.3047 346.1070 1.6964 0.5413 1.6456 -5.9740 1.6199 7.6057 1.3266 0.1271
Car -1 -1 1.8579 393.3913 184.4171 524.6918 269.4881 1.5338 1.6743 4.0846 -3.1553 1.8194 15.6898 1.6619 0.9657
Car -1 -1 -1.7175 665.8333 175.0230 761.4670 250.8646 1.4629 1.5382 3.4079 2.0979 1.5158 15.7307 -1.5883 0.9108
Car -1 -1 1.6342 614.3369 169.8613 636.4254 191.3478 1.7265 1.6018 3.7749 1.2820 1.4864 59.9242 1.6551 0.5414
Car -1 -1 -1.6647 702.7961 161.6478 744.4173 195.5085 1.5931 1.6763 3.8409 5.5599 1.0662 35.9102 -1.5126 0.1710
