Pedestrian -1 -1 -1.5765 281.1698 179.2230 315.0477 259.8703 1.5950 0.6203 0.7361 -6.3080 1.5713 14.4392 -1.9787 0.5568
Pedestrian -1 -1 -3.4530 991.3466 120.4092 1064.0911 249.5880 1.7402 0.4434 0.7646 5.8089 0.9324 9.8165 -2.9307 0.3986
Pedestrian -1 -1 -1.1921 789.1879 162.5516 806.2565 196.8090 1.8063 0.6820 0.6655 10.2795 0.8613 37.7471 -0.9267 0.3116
Pedestrian -1 -1 -3.2981 775.6743 159.6355 794.0186 191.3502 1.8060 0.5984 0.9381 10.3160 0.6193 40.5991 -3.0494 0.2587
Pedestrian -1 -1 -1.3960 117.7706 153.3564 137.4202 193.5128 1.9434 0.6856 0.6965 -23.4223 0.6312 34.6706 -1.9840 0.2056
Pedestrian -1 -1 -0.3477 0.0000 165.6978 19.4959 199.4157 1.9639 0.4772 0.9868 -35.2685 1.1031 41.7226 -1.0439 0.2036
Pedestrian -1 -1 2.7998 510.8681 164.4763 522.2206 186.3332 1.8777 0.5412 0.8424 -7.6343 0.5023 61.1665 2.6781 0.1809
Pedestrian -1 -1 0.3931 94.9272 107.1257 226.6720 245.5486 1.8427 0.5113 1.4602 -6.1553 0.8676 9.7705 -0.1520 0.1692
Pedestrian -1 -1 -2.0270 981.1418 151.0958 1032.8857 219.4486 1.6908 0.4682 1.6646 10.3562 0.9650 18.3278 -1.5183 0.1224
Cyclist -1 -1 1.1392 876.5381 155.3138 905.2866 193.0106 1.7374 0.5280 1.8613 13.5228 0.5780 33.5242 1.5212 0.7667
Cyclist -1 -1 -2.0270 981.1418 151.0958 1032.8857 219.4486 1.6908 0.4682 1.6646 10.3562 0.9650 18.3278 -1.5183 0.7467
Cyclist -1 -1 3.4764 85.6051 108.9987 224.3441 247.3212 1.8303 0.5337 1.5296 -6.2309 0.8859 9.7749 2.9261 0.2299
Car -1 -1 1.1689 433.9665 173.1186 511.7473 211.7239 1.5266 1.6716 4.4305 -5.7541 1.2362 30.2631 0.9847 0.9561
Car -1 -1 -0.8879 0.0000 205.4108 288.4848 370.0000 1.4967 1.5849 3.8488 -3.1654 1.6851 3.3479 -1.5978 0.8174
