Car -1 -1 -1.2421 306.4380 187.5772 445.9809 270.4677 1.3955 1.5212 3.4150 -4.3724 1.4480 13.9259 -1.5412 0.9615
Car -1 -1 -1.0333 0.0000 194.5113 214.3264 296.1155 1.3538 1.5354 3.8240 -8.2776 1.5339 11.8868 -1.6312 0.9567
Car -1 -1 -1.0193 53.3551 161.3047 229.6822 237.4693 1.8098 1.7504 4.7099 -12.3657 1.2427 19.4397 -1.5798 0.9374
Car -1 -1 -1.3762 424.1586 180.8241 496.3407 228.9745 1.4689 1.5760 4.1474 -4.8629 1.3361 24.0027 -1.5742 0.9353
Car -1 -1 -1.4382 481.7038 180.3293 524.2818 212.5913 1.4147 1.5128 3.3752 -4.8249 1.2016 33.2150 -1.5817 0.8962
Car -1 -1 -1.5726 575.8770 176.2832 609.4874 207.8816 1.5802 1.6814 3.8325 -0.8315 1.1346 37.8809 -1.5948 0.8915
Car -1 -1 -1.2647 281.5871 177.3322 376.5381 233.4946 1.5973 1.6300 3.9552 -8.6183 1.3742 22.4611 -1.6273 0.8649
Car -1 -1 -1.2311 422.4598 181.0037 470.3800 208.1004 1.4969 1.6005 3.5832 -9.3049 1.2654 41.5834 -1.4503 0.7294
Car -1 -1 -1.5236 466.8675 177.8846 491.1699 199.0917 1.4985 1.5876 3.5298 -9.4158 0.9816 52.6433 -1.7001 0.6033
Car -1 -1 1.8030 371.3789 180.3013 423.7480 215.4596 1.4064 1.4259 3.1789 -8.8595 1.2109 30.3743 1.5212 0.5579
Car -1 -1 -0.7212 0.0000 197.6659 146.2663 376.0000 1.5402 1.6475 3.8415 -3.9998 1.6273 3.0099 -1.6043 0.5468
