Pedestrian -1 -1 -0.5091 1069.8545 154.7438 1153.5118 295.1096 1.6835 0.6187 0.6197 6.2495 1.3763 8.8120 0.0926 0.8372
Pedestrian -1 -1 1.0999 328.4604 137.4236 429.3516 317.3474 1.6864 0.6373 0.9053 -2.3523 1.2843 7.1686 0.7979 0.8176
Pedestrian -1 -1 -1.6075 840.8203 176.5093 869.6479 246.2155 1.7046 0.6474 0.8197 6.2443 1.6086 17.7721 -1.2737 0.1660
Pedestrian -1 -1 -3.1909 808.4185 172.2637 858.4322 263.3241 1.7612 0.5876 0.9139 4.4906 1.6035 14.0693 -2.8869 0.1472
Pedestrian -1 -1 0.2854 449.9012 149.2669 502.3117 235.7408 1.7996 0.5497 0.9814 -2.7746 1.1512 15.0355 0.1086 0.1133
Pedestrian -1 -1 0.6078 54.4393 188.2548 93.8233 251.1891 1.7660 0.6697 0.6330 -15.2432 1.9937 20.2643 -0.0282 0.1009
Cyclist -1 -1 -1.5488 862.6958 142.5195 896.9111 247.3326 1.6611 0.5095 1.5649 4.6366 1.0608 12.0212 -1.1875 0.1983
Cyclist -1 -1 0.8292 320.9155 137.3196 435.7449 319.1496 1.7152 0.6335 0.9570 -2.3516 1.3096 7.1791 0.5276 0.1081
Car -1 -1 0.2828 462.6461 194.8243 651.0681 264.2388 1.4424 1.6033 4.0802 -1.1117 1.8015 16.4159 0.2179 0.1472
Car -1 -1 -2.2801 0.0000 184.0382 123.7612 228.0044 1.4972 1.6396 4.4692 -19.9997 1.6328 25.5317 -2.9369 0.1063
