Car -1 -1 -1.1671 226.4786 179.6459 360.9664 248.9117 1.5613 1.6390 4.0336 -7.8181 1.4369 18.2194 -1.5674 0.9585
Car -1 -1 -1.4129 441.5967 178.5552 527.9229 244.3706 1.6394 1.7082 4.2239 -3.3431 1.4746 20.0195 -1.5767 0.9526
Car -1 -1 -1.3443 379.4938 181.1143 438.5417 220.1615 1.5489 1.6210 3.6411 -8.3555 1.3873 30.3631 -1.6110 0.9485
Car -1 -1 -1.5703 556.6342 180.1363 609.8606 229.5301 1.5906 1.7153 3.3943 -0.8910 1.4281 24.8709 -1.6062 0.9407
Car -1 -1 -1.0786 0.0000 190.0316 358.0349 376.0000 1.4559 1.5999 4.2082 -3.2210 1.5050 5.0043 -1.6264 0.9041
Car -1 -1 -1.4832 496.3785 181.2267 537.0139 215.9475 1.5230 1.5628 3.5707 -4.2065 1.3491 33.3411 -1.6082 0.8216
Car -1 -1 1.8104 341.4815 180.7303 393.8768 208.6228 1.4209 1.6852 4.3929 -12.9306 1.1935 38.8719 1.4910 0.7632
Car -1 -1 -1.1606 197.8540 181.5949 291.3459 225.1248 1.4122 1.5421 3.7605 -12.6656 1.2959 25.2346 -1.6218 0.4388
Car -1 -1 1.4815 521.3154 172.7494 550.7736 199.6103 1.6309 1.5433 3.5111 -4.5972 0.8751 45.5123 1.3811 0.4003
Car -1 -1 -1.3816 406.7951 176.0720 452.6349 208.5502 1.5823 1.5997 3.7838 -9.1213 1.1379 36.9475 -1.6222 0.3776
Car -1 -1 -1.4055 441.3184 175.4639 478.0131 202.6265 1.5570 1.5800 3.5929 -8.8442 0.9991 43.0263 -1.6073 0.3387
