Pedestrian -1 -1 0.4538 248.1282 166.8582 265.9197 196.1868 1.9231 0.5171 0.9203 -23.2986 1.5303 47.5667 0.0004 0.4872
Pedestrian -1 -1 -1.9170 989.3920 145.8410 1016.5858 196.8628 1.8355 0.6635 0.7225 14.3076 0.8641 26.3608 -1.4246 0.1869
Cyclist -1 -1 2.0410 85.8881 195.3450 117.8496 230.8809 1.7785 0.5057 2.0768 -27.1410 3.0128 38.5189 1.4302 0.4251
Cyclist -1 -1 1.3219 794.9904 167.8110 811.6338 199.8374 1.6499 0.4763 1.5349 10.1196 1.3905 37.9385 1.5802 0.2298
Car -1 -1 -2.3721 771.4277 186.0377 932.0331 259.1593 1.5010 1.6166 3.5325 5.6659 1.8556 17.4460 -2.0640 0.9603
Car -1 -1 1.9202 322.6065 183.4041 376.7784 210.1797 1.5773 1.7897 4.7059 -16.7986 2.2953 46.7183 1.5765 0.8808
Car -1 -1 2.0280 232.7205 189.9463 297.7993 222.7253 1.4837 1.5797 3.4501 -17.2601 2.3830 36.2053 1.5857 0.8675
Car -1 -1 -0.4389 787.7666 167.5472 880.1013 199.2832 1.4809 1.5954 3.9417 10.7099 1.2336 34.7351 -0.1426 0.2223
Car -1 -1 1.0046 963.7511 196.4679 1124.4226 260.1945 1.3834 1.5624 4.3928 11.4686 2.0963 19.5399 1.5280 0.2031
Car -1 -1 1.7344 765.7092 173.7045 807.1451 203.9121 1.5680 1.6044 3.9309 9.7138 1.6177 39.6938 1.9723 0.1514
