Pedestrian -1 -1 1.6416 600.2500 161.3806 646.2990 268.7978 1.7370 0.7231 0.7480 0.1805 1.5518 12.0678 1.6549 0.8122
Pedestrian -1 -1 -1.0423 630.7733 169.1380 658.3514 212.4921 1.6634 0.9478 0.5082 1.3052 1.5212 28.1521 -0.9971 0.1648
Cyclist -1 -1 -1.7208 894.7297 119.9302 986.6998 296.1761 1.6346 0.5749 1.8054 3.3854 1.1441 7.6352 -1.3181 0.1728
Car -1 -1 -1.6105 638.1330 169.8404 743.5432 270.1518 1.4258 1.4973 3.2991 1.1896 1.3833 11.9420 -1.5147 0.8411
Car -1 -1 -1.6209 624.9072 167.9409 664.7686 204.3323 1.4081 1.4631 2.9822 1.3373 1.2184 29.4120 -1.5763 0.4808
Car -1 -1 1.5771 615.2573 158.9631 642.1835 185.6580 1.6471 1.6618 3.8602 1.1830 0.7904 46.4733 1.6021 0.4031
Car -1 -1 2.9772 656.1501 161.3064 721.9872 188.8136 1.6050 1.6213 3.6827 4.6483 0.9316 43.0142 3.0838 0.3955
Car -1 -1 -1.4203 310.6077 169.5941 367.1120 208.8758 1.4561 1.5578 3.6954 -10.7556 1.3357 28.7117 -1.7760 0.2201
Car -1 -1 -1.1173 0.0000 113.4627 299.3768 375.0000 1.6209 1.7022 4.1858 -3.7205 1.3823 5.0985 -1.7235 0.1809
Car -1 -1 0.2749 478.4036 166.6036 528.7273 186.0684 1.7304 1.6545 4.2106 -9.6236 1.1751 65.2320 0.1288 0.1558
Car -1 -1 1.3610 648.9784 164.8841 685.6453 190.4945 1.6288 1.6456 3.8779 3.7297 1.1223 47.9174 1.4379 0.1414
Car -1 -1 -0.5579 869.2416 102.1703 1242.0000 287.2508 1.6646 1.6429 3.8900 4.8152 1.0292 7.3192 0.0057 0.1251
