Pedestrian -1 -1 1.3208 954.4267 169.6935 978.7250 218.8732 1.7650 0.6180 0.7761 12.9648 1.6520 26.3354 1.7733 0.1812
Pedestrian -1 -1 -1.5211 736.4029 175.5277 771.1673 255.2057 1.6991 0.7191 0.7310 3.1161 1.7598 15.8535 -1.3316 0.1352
Pedestrian -1 -1 0.1253 883.3040 147.6695 914.5156 200.2046 1.8750 0.6024 0.9894 10.4689 0.9765 26.2508 0.5007 0.1189
Cyclist -1 -1 -1.9402 792.5767 161.3001 842.8656 233.8584 1.8184 0.5821 1.9980 5.4183 1.5292 19.1026 -1.6685 0.9047
Car -1 -1 -1.5498 588.1805 173.3504 639.5023 222.9312 1.7075 1.7726 4.5102 0.1449 1.7281 27.1688 -1.5452 0.9223
Car -1 -1 -2.2002 1216.0472 139.6057 1242.0000 184.3635 2.3275 1.8522 4.2510 35.8965 0.5989 39.7265 -1.4691 0.2140
Car -1 -1 1.6287 534.0093 173.5170 554.3298 191.5614 1.5711 1.5948 4.0281 -5.9230 1.6331 65.0106 1.5379 0.1919
Car -1 -1 -2.0004 716.9220 160.1640 752.5808 181.2958 1.9277 1.7291 4.1643 11.7038 0.7704 68.0511 -1.8310 0.1421
Car -1 -1 2.1860 30.1506 191.0806 140.4236 232.8179 1.4958 1.6629 3.9596 -21.3999 2.2935 29.5757 1.5637 0.1129
Car -1 -1 -1.3468 468.6363 156.8971 542.8143 216.7043 2.1854 1.8955 4.8464 -4.0929 1.6027 28.8570 -1.4869 0.1099
