Car -1 -1 -1.8621 734.8217 181.4812 927.0496 306.3097 1.4998 1.6156 3.9005 3.0321 1.6542 10.9114 -1.5992 0.9672
Car -1 -1 1.9845 168.0108 196.7824 358.7960 301.9578 1.4684 1.5811 3.9341 -6.0116 1.9638 12.9483 1.5570 0.9563
Car -1 -1 1.8349 354.6317 180.4452 454.6757 240.9617 1.5622 1.7387 4.4004 -5.9800 1.8108 21.3824 1.5649 0.9078
Car -1 -1 2.2666 0.0000 206.5194 200.0672 375.0000 1.4636 1.5748 3.7666 -6.0474 1.8901 7.2335 1.5881 0.8694
Car -1 -1 1.7461 475.4341 179.8436 518.7231 209.1620 1.4385 1.5944 4.0398 -5.9873 1.8306 38.4057 1.5921 0.6432
Car -1 -1 1.8039 418.8415 181.8973 487.8866 224.9982 1.4934 1.6727 4.2700 -6.0324 1.8724 28.0549 1.5935 0.6387
Car -1 -1 -0.1114 880.4891 156.7751 1006.1656 195.6671 1.4828 1.6014 4.4159 13.2064 0.8701 28.9475 0.3126 0.6241
Car -1 -1 1.6507 550.9787 178.2795 578.6176 201.0276 1.5103 1.6408 3.8582 -3.1730 1.9070 50.7710 1.5881 0.5722
Car -1 -1 -1.5566 518.0503 179.8215 542.9881 203.2284 1.6289 1.7709 4.0230 -5.8958 2.1665 53.5397 -1.6662 0.5238
Car -1 -1 -3.4394 818.3467 171.7786 894.6679 201.6962 1.6143 1.5744 3.6777 13.5068 1.5566 39.7657 -3.1146 0.5141
Car -1 -1 -1.5506 641.3816 174.9420 661.3339 194.8732 1.6004 1.5935 3.5799 3.4495 1.7802 60.1657 -1.4940 0.4752
