Pedestrian -1 -1 -0.9647 844.2418 159.6389 890.8183 249.8531 1.6756 0.6437 0.5417 5.0545 1.2708 13.7586 -0.6241 0.7729
Pedestrian -1 -1 2.6802 458.3474 182.8264 542.8094 305.3091 1.7962 0.7926 1.0573 -1.6139 1.8193 11.1725 2.5340 0.7677
Pedestrian -1 -1 -1.8091 771.5194 158.7232 807.6047 232.1644 1.6859 0.6198 0.8958 4.3901 1.1643 16.9375 -1.5644 0.7435
Pedestrian -1 -1 2.6641 495.0586 168.8741 535.9489 250.4184 1.7247 0.6980 0.6329 -1.9134 1.4589 15.6575 2.5391 0.6484
Pedestrian -1 -1 -1.5916 588.8091 171.4727 611.6813 232.6981 1.7664 0.6493 0.8379 -0.0705 1.4782 21.1499 -1.6002 0.6374
Pedestrian -1 -1 -1.7498 16.4579 165.8518 113.5105 342.2105 1.6003 0.6233 0.8627 -5.3124 1.4597 7.0383 -2.3845 0.6073
Pedestrian -1 -1 1.6381 691.9194 163.0728 711.1454 210.6920 1.8345 0.7029 0.7308 3.9008 1.1256 28.0982 1.7697 0.5808
Pedestrian -1 -1 0.3356 559.4183 172.7055 578.2451 207.1267 1.7249 0.6640 0.7810 -1.6572 1.2851 36.4225 0.2854 0.4982
Pedestrian -1 -1 -1.8867 603.5599 170.7222 625.8307 212.6074 1.8410 0.7322 0.9504 0.5749 1.3682 32.1339 -1.8741 0.4931
Pedestrian -1 -1 1.7465 571.0397 169.1019 590.6530 217.7623 1.7159 0.5833 0.7610 -0.7557 1.2798 25.7461 1.7123 0.4162
Pedestrian -1 -1 3.3829 389.2267 174.0504 433.6603 270.9946 1.6042 0.4775 0.6313 -3.2433 1.4822 12.1294 3.1213 0.3729
Pedestrian -1 -1 -2.1122 515.1240 187.1532 547.3746 246.5479 1.5846 0.5994 0.7088 -1.9598 1.7446 19.7135 -2.2155 0.3279
Pedestrian -1 -1 -1.6235 231.9689 194.7994 295.5840 304.5931 1.5348 0.8181 0.7284 -5.0702 1.7433 10.6776 -2.0633 0.2894
Pedestrian -1 -1 1.4877 630.5640 173.4633 646.1000 213.4913 1.7703 0.6237 0.8179 1.6363 1.4158 32.1877 1.5329 0.2836
Cyclist -1 -1 1.4566 583.5459 171.6833 597.3724 205.1764 1.6933 0.5116 1.7261 -0.5820 1.1979 37.2043 1.4361 0.3295
Cyclist -1 -1 1.5228 743.5456 177.5503 789.2193 296.7203 1.7335 0.5874 1.8096 2.5422 1.6774 11.3868 1.7318 0.2805
Cyclist -1 -1 2.7207 459.0594 182.9899 543.4658 307.2903 1.8260 0.7595 1.0833 -1.6041 1.8518 11.1757 2.5753 0.1821
Cyclist -1 -1 -1.7813 772.5422 158.7136 806.9439 234.3039 1.7332 0.6064 0.8665 4.3883 1.2120 16.9118 -1.5364 0.1305
Car -1 -1 -2.2098 885.6035 0.0000 1238.0000 374.0000 1.7617 1.7247 4.1284 2.5731 1.2100 2.7029 -1.5015 0.4751
Car -1 -1 -1.7909 673.9921 163.1847 703.5700 186.2235 1.7759 1.6121 3.3953 6.9387 0.3646 57.1405 -1.6755 0.2946
