Pedestrian -1 -1 -1.4297 911.9466 151.1241 934.6603 202.5189 1.8152 0.6716 0.6161 11.2130 1.0481 25.9190 -1.0258 0.1881
Pedestrian -1 -1 -3.5560 1005.1877 169.8864 1035.3822 216.4430 1.8590 0.6475 0.8727 16.5406 1.7409 29.1732 -3.0450 0.1838
Pedestrian -1 -1 -0.2742 374.6011 149.9648 415.1189 221.7443 1.9070 0.6370 0.9216 -5.9180 1.2993 19.6823 -0.5630 0.1439
Pedestrian -1 -1 2.4056 876.4154 119.6988 945.4404 243.0171 1.8961 0.5710 0.8567 4.7421 1.0792 11.5078 2.7872 0.1436
Pedestrian -1 -1 0.7909 185.1928 156.4211 239.7601 248.3561 1.7404 0.6010 0.7168 -7.7852 1.4297 14.0476 0.2926 0.1244
Pedestrian -1 -1 1.1416 377.6308 134.4670 419.8403 222.0308 1.8854 0.6828 0.6692 -4.7394 1.0592 16.0100 0.8579 0.1237
Pedestrian -1 -1 -1.2302 469.8764 160.9111 486.8300 197.2389 1.8695 0.6426 0.7875 -6.8880 1.2552 37.5687 -1.4106 0.1213
Pedestrian -1 -1 -2.1653 817.8171 156.7117 840.7321 202.1113 1.8957 0.7274 0.5786 9.2292 1.2220 30.5109 -1.8746 0.1053
Car -1 -1 3.0244 653.0599 181.8684 741.8188 212.2636 1.4405 1.6604 4.1666 4.2155 1.8951 35.5184 3.1410 0.9730
Car -1 -1 -0.0890 640.9240 182.3782 689.3757 201.9694 1.5224 1.6251 3.7321 4.3612 2.2958 57.7227 -0.0145 0.3180
Car -1 -1 1.3571 1170.3104 139.6700 1229.8517 175.9760 2.2298 1.9328 5.1466 38.3325 0.1921 47.0453 2.0377 0.1145
Car -1 -1 -1.9858 1158.0665 118.6122 1242.0000 177.6969 2.4204 1.8178 4.6374 26.4322 0.1987 32.0322 -1.3003 0.1061
