Pedestrian -1 -1 -0.8797 0.0000 150.5687 18.6850 206.5792 1.8930 0.6538 0.7031 -20.9340 1.1402 24.7373 -1.5768 0.2368
Pedestrian -1 -1 1.2271 1041.5542 165.5190 1095.7213 262.8500 1.7022 0.5861 0.7946 8.2377 1.5743 13.0651 1.7789 0.1800
Pedestrian -1 -1 -2.2824 919.1025 158.4611 945.6578 198.1008 1.8162 0.6271 1.0000 14.9785 1.1571 33.6255 -1.8668 0.1654
Cyclist -1 -1 1.0371 1083.7521 82.5863 1242.0000 375.0000 1.7315 0.5284 1.8191 4.0719 1.2096 5.1057 1.6825 0.7345
Cyclist -1 -1 -0.0567 914.5944 158.5273 952.0067 197.5942 1.7949 0.5899 1.5608 15.0473 1.1370 33.6990 0.3597 0.1834
Car -1 -1 2.0096 112.9409 181.3253 292.7471 273.7653 1.7046 1.6843 4.4491 -8.7907 1.9194 15.9878 1.5135 0.9535
Car -1 -1 1.7929 376.9359 187.3710 431.8998 222.4341 1.4599 1.5909 4.2172 -9.6354 2.1868 33.9648 1.5180 0.7458
Car -1 -1 1.8112 432.9132 184.6207 470.3508 209.9939 1.5070 1.5932 3.3053 -10.1030 2.2861 46.0759 1.5961 0.6617
Car -1 -1 1.5415 418.7189 181.2889 442.3313 204.8043 1.5788 1.5358 3.8719 -12.9900 2.2113 51.9986 1.2975 0.2760
Car -1 -1 1.3652 1195.7272 152.0970 1242.0000 288.7557 1.4837 1.6089 4.0928 9.4716 1.2587 10.0003 2.1086 0.2289
Car -1 -1 -1.6476 592.1406 179.1907 611.5153 195.8162 1.5064 1.5767 3.4151 -0.8157 2.1239 68.4960 -1.6599 0.1971
Car -1 -1 2.0541 265.7984 178.9787 324.9338 207.0146 1.6713 1.6888 4.2273 -20.0641 2.0816 46.1290 1.6457 0.1767
