Pedestrian -1 -1 -2.3252 1015.8787 152.4662 1041.5458 195.6156 1.9096 0.7256 0.6808 18.7270 1.0077 32.3448 -1.8045 0.4036
Pedestrian -1 -1 -2.2557 862.3250 134.0472 897.4354 191.8485 1.8430 0.5798 0.9837 8.7602 0.6060 23.5637 -1.9039 0.3625
Pedestrian -1 -1 1.6276 802.8885 143.4698 824.8803 203.5462 1.8459 0.6236 0.8172 6.3604 0.9434 22.6537 1.8977 0.1970
Pedestrian -1 -1 -2.6230 1099.6255 183.6680 1171.6862 315.0710 1.6571 0.6262 0.5353 6.8883 1.8060 9.5340 -2.0129 0.1772
Pedestrian -1 -1 1.5381 633.8895 174.4460 643.8206 202.7434 1.8077 0.5898 1.6349 1.8430 1.9136 47.0019 1.5765 0.1747
Pedestrian -1 -1 -0.4065 976.6254 148.6871 1046.4948 253.8669 1.7119 0.6288 0.8391 6.6609 1.3189 12.0905 0.0863 0.1644
Cyclist -1 -1 1.5992 633.5572 174.5569 643.1751 201.8526 1.7395 0.5816 1.6495 1.8191 1.8526 46.9256 1.6372 0.5034
Cyclist -1 -1 2.4277 859.0646 135.7504 895.9289 193.7225 1.8567 0.5802 0.9920 8.6856 0.6687 23.5547 2.7768 0.1605
Car -1 -1 -1.5896 577.2213 180.8093 603.8524 206.2354 1.5388 1.6470 3.7439 -1.3267 2.0759 46.7689 -1.6183 0.7555
Car -1 -1 0.2627 933.8300 172.3472 994.5958 193.7047 1.6495 1.6591 4.0709 28.2654 1.6107 57.6854 0.7160 0.3014
Car -1 -1 1.8496 381.6979 181.8944 448.3346 223.8554 1.4055 1.4773 3.4472 -7.1674 1.7616 26.6511 1.5889 0.2899
