Pedestrian -1 -1 -0.7150 893.0588 149.6935 914.8690 193.7438 1.9419 0.5647 0.7030 13.0721 0.9213 32.1871 -0.3326 0.2782
Pedestrian -1 -1 3.0624 324.0871 172.0967 336.7032 196.4729 1.8770 0.4617 0.8789 -21.7098 1.8190 55.9542 2.6936 0.1498
Pedestrian -1 -1 -1.9093 1209.7375 156.0571 1242.0000 224.5406 1.8597 0.7771 0.6761 17.2365 1.4039 20.0450 -1.2066 0.1231
Cyclist -1 -1 -0.7541 987.4881 152.9840 1039.1106 197.7260 1.7524 0.6819 1.8344 16.0612 0.9745 28.8144 -0.2501 0.1228
Car -1 -1 1.9789 202.8535 187.9042 281.2612 226.4347 1.3921 1.4925 3.6982 -14.9493 2.0458 29.4321 1.5123 0.7602
Car -1 -1 1.9058 261.5336 175.4483 322.0409 213.9485 2.1641 1.8120 4.8934 -19.0703 2.3295 43.4015 1.4937 0.7460
Car -1 -1 1.5720 586.1212 174.2407 607.2313 195.0044 1.6215 1.6563 3.8725 -1.1053 1.7381 58.5542 1.5529 0.7057
Car -1 -1 1.3059 1032.1307 186.3442 1091.5927 217.7129 1.4959 1.6616 4.0405 23.9542 2.2558 38.4487 1.8591 0.1973
Car -1 -1 1.3218 1008.7599 146.2084 1068.5063 181.5288 1.5638 1.5475 3.6186 20.0182 0.3844 33.8967 1.8515 0.1640
Car -1 -1 1.8027 915.7055 179.0462 957.7158 207.5421 1.7477 1.6669 3.8783 21.3653 2.1705 47.1846 2.2250 0.1359
