Pedestrian -1 -1 0.9635 612.4739 133.1564 673.6873 250.1801 1.8007 0.6197 0.8316 0.5600 1.0738 11.3913 1.0135 0.7358
Pedestrian -1 -1 1.3666 493.9769 148.8955 522.6209 213.7331 1.8350 0.6417 0.9784 -2.8554 0.9421 20.5736 1.2328 0.7279
Pedestrian -1 -1 1.8956 607.2819 136.1114 654.1407 240.2766 1.7745 0.6071 0.8017 0.4202 1.0200 12.5217 1.9305 0.7191
Pedestrian -1 -1 -2.0929 886.1302 161.3920 1017.9750 370.0000 1.6037 0.6677 0.5871 2.4950 1.4725 5.2366 -1.6692 0.7061
Pedestrian -1 -1 1.1909 531.7745 138.5484 591.2466 260.4508 1.7747 0.6114 0.9185 -0.7250 1.1656 10.8343 1.1282 0.6141
Pedestrian -1 -1 1.1034 600.7934 145.8448 629.4130 214.0038 1.6764 0.4859 0.6330 0.2131 0.8256 17.7758 1.1173 0.5565
Pedestrian -1 -1 -1.5681 649.5984 142.8488 671.0837 202.9761 1.8186 0.6486 1.1023 1.6871 0.6814 21.9561 -1.4904 0.5302
Pedestrian -1 -1 -1.9641 235.7847 138.0901 288.6938 240.7887 1.6875 0.6220 0.6284 -5.8900 0.9923 12.0540 -2.4060 0.4420
Pedestrian -1 -1 0.9719 564.1092 136.3462 627.4298 251.9177 1.7611 0.5969 0.9215 -0.2027 1.0899 11.3175 0.9566 0.4356
Pedestrian -1 -1 1.4739 514.0219 138.1869 539.9273 208.9620 1.8863 0.6257 0.8400 -2.1737 0.7602 19.3146 1.3658 0.4167
Pedestrian -1 -1 -1.4209 13.6105 151.9194 51.8021 223.5285 1.8125 0.6709 0.6898 -14.8866 1.0907 18.3572 -2.0918 0.4090
Pedestrian -1 -1 -1.3682 109.9820 147.7931 166.7530 260.1443 1.7960 0.6467 0.7376 -7.7900 1.2748 11.7581 -1.9389 0.4022
Pedestrian -1 -1 1.0737 415.3214 144.0253 442.9061 199.5752 1.8418 0.5755 0.8438 -5.9892 0.6340 23.9439 0.8338 0.3635
Pedestrian -1 -1 1.4706 444.5572 147.5454 466.9804 208.7436 1.7766 0.5694 0.8800 -4.4774 0.8215 21.0263 1.2660 0.3564
Pedestrian -1 -1 1.0418 472.0832 141.1218 509.1738 210.4640 1.8428 0.6454 0.8817 -3.1667 0.7979 19.3309 0.8842 0.3263
Pedestrian -1 -1 1.1100 446.8151 145.4265 481.7087 212.2725 1.8322 0.6843 0.7904 -3.9986 0.8724 19.8967 0.9169 0.3132
Pedestrian -1 -1 1.3458 396.2933 143.9186 429.3096 213.1463 1.8511 0.6912 0.9250 -5.3351 0.8745 19.4710 1.0846 0.3018
Cyclist -1 -1 0.5751 238.5025 137.7254 345.2517 247.0424 1.7573 0.4819 1.6246 -5.2364 1.0714 11.7344 0.1676 0.5366
Cyclist -1 -1 1.3445 493.3250 148.9011 523.1116 214.4012 1.8517 0.6482 1.0165 -2.8582 0.9600 20.5735 1.2106 0.1623
Cyclist -1 -1 -1.5976 649.4131 141.8028 671.5164 201.5769 1.8058 0.6527 1.0280 1.6769 0.6383 21.8849 -1.5202 0.1257
Car -1 -1 0.2095 86.4155 148.9866 219.4496 191.4135 1.6538 1.6664 4.3562 -18.4773 0.4269 29.0836 -0.3494 0.5598
Car -1 -1 1.8503 0.0000 36.8935 281.2061 370.0000 1.7326 1.6856 4.4936 -3.0385 1.4120 3.9811 1.2379 0.4719
