Pedestrian -1 -1 -1.2445 157.6689 151.7124 243.4044 309.3978 1.6841 0.6337 0.7316 -4.6397 1.4587 8.1200 -1.7501 0.5806
Pedestrian -1 -1 -2.7545 624.4297 171.2319 640.3976 200.2343 1.8018 0.5395 0.8612 1.3741 1.7014 45.2446 -2.7248 0.4099
Car -1 -1 -1.7371 664.9863 174.3469 756.8622 237.8736 1.3801 1.5642 3.9288 2.3125 1.4213 17.7599 -1.6105 0.9527
Car -1 -1 -1.7591 638.3918 174.2961 694.4697 213.6154 1.5272 1.5764 4.1705 2.2550 1.5925 30.3426 -1.6862 0.9365
Car -1 -1 -1.5367 515.1388 171.2635 556.9556 211.7999 1.6521 1.6731 4.5383 -3.2251 1.5877 31.7246 -1.6377 0.9151
Car -1 -1 -1.2458 184.5077 189.3624 432.2865 341.9359 1.3703 1.5452 3.8554 -3.4211 1.6180 8.8538 -1.6054 0.9060
Car -1 -1 -0.9789 0.0000 187.0412 413.8123 375.0000 1.5161 1.6278 4.1173 -2.7360 1.6444 4.3988 -1.5097 0.8823
Car -1 -1 -1.6347 516.1813 166.0699 555.3256 199.0582 1.5806 1.7197 3.9580 -3.8594 1.2559 36.6633 -1.7392 0.7446
Car -1 -1 -2.2466 912.2943 181.5470 1242.0000 375.0000 1.5275 1.5785 3.7287 2.1957 1.5750 1.9746 -1.4800 0.6771
Car -1 -1 -1.5713 537.9388 174.5133 565.0428 201.1641 1.5946 1.6289 4.1321 -3.7293 1.7047 45.5604 -1.6529 0.4258
Car -1 -1 -1.6157 634.9526 177.5253 670.7411 208.7314 1.4649 1.6142 3.9190 2.0768 1.7139 36.4263 -1.5597 0.4097
Car -1 -1 -2.7263 238.1823 175.3372 378.5541 225.2440 1.4195 1.5351 3.5248 -8.9281 1.4964 21.4111 -3.1173 0.3774
