Pedestrian -1 -1 0.3369 350.9595 175.2245 365.8066 201.1426 1.8497 0.4835 0.8968 -18.0830 2.0210 51.7783 0.0022 0.3279
Pedestrian -1 -1 -2.1701 423.6123 164.6519 450.1085 217.2288 1.7601 0.6477 0.6092 -5.9469 1.4858 24.5960 -2.4053 0.2598
Pedestrian -1 -1 -2.2920 659.9716 165.1537 698.5629 212.4932 1.6722 0.4865 1.5583 2.4641 1.4005 26.2573 -2.2001 0.1278
Cyclist -1 -1 -1.7869 645.6725 169.9134 667.2880 213.5903 1.5802 0.4647 1.6116 1.6804 1.4742 26.9340 -1.7259 0.3736
Cyclist -1 -1 -2.6036 659.9744 164.0303 714.9515 218.1429 1.7082 0.5457 1.7466 2.4678 1.4300 23.5155 -2.5010 0.3502
Cyclist -1 -1 0.8901 663.1763 165.6534 704.8729 213.8609 1.6880 0.4840 1.7823 2.6205 1.4362 26.1396 0.9883 0.2528
Car -1 -1 -1.4184 435.0052 175.9933 530.5315 248.2025 1.5240 1.6590 4.0228 -2.9884 1.6089 17.4252 -1.5864 0.9391
Car -1 -1 1.9361 267.4421 185.4735 345.0702 227.6344 1.5740 1.6562 4.0133 -12.6379 2.1378 30.1793 1.5423 0.8967
Car -1 -1 2.2096 0.0000 200.7521 133.3511 326.7867 1.4661 1.6163 4.1103 -9.6752 1.9889 11.4133 1.5178 0.8351
Car -1 -1 1.5840 584.8387 175.1686 611.4965 199.1152 1.4722 1.6533 4.0125 -0.7737 1.6290 46.7554 1.5671 0.7449
Car -1 -1 1.7145 419.9409 180.1153 457.9159 206.6610 1.5343 1.6781 4.5968 -10.7247 2.0150 45.3580 1.4832 0.5856
Car -1 -1 -1.2681 389.1455 177.4827 423.9037 200.0338 1.7175 1.6039 3.8317 -16.2472 2.1004 57.6852 -1.5418 0.2546
