Pedestrian -1 -1 -2.4404 436.9164 184.7210 462.3184 227.2321 1.6959 0.6589 0.7715 -6.6009 2.1894 29.5147 -2.6591 0.6412
Pedestrian -1 -1 1.0162 0.0000 218.1690 54.0920 305.5496 1.6868 0.6109 0.7315 -12.0005 2.6402 14.7622 0.3423 0.2292
Pedestrian -1 -1 0.0485 472.0755 175.3280 485.4636 201.9435 1.7838 0.5277 0.8655 -8.8910 1.9524 48.7333 -0.1314 0.2267
Pedestrian -1 -1 1.9162 86.9385 165.0144 124.3314 233.4117 1.7652 0.6267 0.6386 -13.3267 1.5632 19.0077 1.3111 0.1123
Pedestrian -1 -1 -1.3303 325.8476 159.1055 342.5753 198.7352 1.9799 0.6720 0.5658 -13.9353 1.2934 36.3671 -1.6940 0.1096
Pedestrian -1 -1 -0.7392 56.6203 189.1905 127.9049 280.9034 1.7473 0.6255 1.0036 -10.4365 2.0887 14.5000 -1.3547 0.1090
Cyclist -1 -1 -2.0465 981.6722 164.2365 1011.5351 205.6364 1.7260 0.4102 1.6478 16.5025 1.3671 30.9051 -1.5604 0.1051
Car -1 -1 -2.1884 826.6503 172.9889 890.3905 199.1754 1.4757 1.6120 3.8784 14.6259 1.4844 42.7676 -1.8614 0.1330
Car -1 -1 -1.0539 395.4997 163.2546 438.7233 187.9864 2.0824 1.8028 4.2050 -16.8132 1.2745 63.0127 -1.3138 0.1252
Car -1 -1 -1.8181 454.9609 163.7484 485.7060 187.9383 2.2270 1.7977 4.6437 -13.3935 1.3891 68.9089 -2.0096 0.1144
