Pedestrian -1 -1 1.7272 357.7514 164.7021 390.6396 235.4970 1.8064 0.6836 0.9088 -6.0775 1.4049 18.5372 1.4172 0.5010
Pedestrian -1 -1 1.6373 624.0737 153.9593 635.6198 188.9309 1.9557 0.6084 0.6623 1.3960 0.4729 39.8951 1.6739 0.4583
Pedestrian -1 -1 -0.7400 151.3496 142.3935 315.3793 350.8282 1.7083 0.7473 1.1060 -3.3955 1.3977 6.4402 -1.2032 0.3641
Pedestrian -1 -1 -2.4329 396.7532 167.1385 424.0212 211.3935 1.7065 0.6288 0.8195 -7.6535 1.1928 27.7199 -2.6975 0.2575
Pedestrian -1 -1 -0.9725 695.4376 142.0799 734.9612 224.6870 1.8191 0.6570 0.6074 2.4565 0.9746 16.0108 -0.8212 0.2098
Cyclist -1 -1 1.6853 517.1586 164.1130 529.3095 193.6920 1.7703 0.5429 1.7111 -4.9897 0.7909 43.1682 1.5729 0.6833
Cyclist -1 -1 -0.7248 166.0662 140.6491 322.9666 346.6416 1.7204 0.7118 1.0950 -3.3492 1.3893 6.5425 -1.1765 0.2223
Car -1 -1 -1.6261 580.6473 149.9438 632.9523 208.5345 1.9799 1.6812 4.2567 -0.0372 0.9489 26.0588 -1.6257 0.9296
Car -1 -1 -1.7819 559.9351 166.4729 616.0808 203.6685 1.5216 1.6244 4.1817 -0.8417 0.9493 31.1424 -1.8068 0.5035
Car -1 -1 1.5668 435.3402 173.1623 457.7660 195.3224 1.6613 1.6466 4.2211 -12.3706 1.1125 55.2401 1.3494 0.3109
Car -1 -1 1.7247 450.6292 174.7224 473.6851 191.2884 1.4805 1.4824 3.9925 -13.1179 0.9653 65.2102 1.5288 0.3029
Car -1 -1 -1.3951 414.9149 177.9145 460.4287 208.4948 1.4408 1.5645 3.7414 -8.2888 1.3205 35.2172 -1.6225 0.1958
