Pedestrian -1 -1 -1.2481 316.2664 139.3498 358.8418 217.7860 1.8534 0.7611 0.7570 -6.6232 1.0621 17.4382 -1.6063 0.1078
Pedestrian -1 -1 -2.8507 600.0061 169.4323 618.7598 191.7888 1.7614 0.5590 1.3878 -0.0729 1.4922 57.3117 -2.8523 0.1076
Pedestrian -1 -1 -2.5347 143.2696 165.6490 167.2714 205.2293 1.8374 0.6302 0.7214 -21.3525 1.5033 33.8238 -3.0944 0.1001
Cyclist -1 -1 0.6814 1082.5607 198.5116 1144.2598 256.9903 1.7618 0.5949 1.6189 16.2182 2.6231 23.3505 1.2816 0.2995
Cyclist -1 -1 -1.9034 847.4777 164.8654 866.3645 197.5204 1.7013 0.4891 1.4746 13.0709 1.2854 38.3267 -1.5774 0.1448
Car -1 -1 -1.5006 532.0661 178.5654 562.0181 203.7286 1.5099 1.6331 4.0829 -4.0274 1.8929 46.2803 -1.5874 0.8797
Car -1 -1 1.9800 241.5599 180.4537 307.2326 212.4994 1.4152 1.4691 3.7833 -16.0808 1.8009 34.6740 1.5484 0.8762
Car -1 -1 -1.5842 584.2874 180.6468 614.8712 211.1580 1.4903 1.5309 3.2867 -0.6082 1.9164 37.7559 -1.6008 0.8127
Car -1 -1 -1.5556 599.4530 169.1933 619.5995 194.3887 1.9959 1.5958 3.3513 -0.0393 1.7063 58.8422 -1.5567 0.1639
Car -1 -1 1.8946 191.6516 179.4382 251.1093 209.3454 1.4263 1.5853 3.7440 -20.0233 1.7847 37.2563 1.4042 0.1317
