Pedestrian -1 -1 -2.1665 768.5995 125.7162 827.2200 237.3652 1.7899 0.5429 0.8818 3.0791 1.0345 12.0718 -1.9231 0.5143
Pedestrian -1 -1 2.3942 978.0457 128.7788 1060.2054 264.1896 1.7407 0.5768 0.7711 5.4073 1.1745 9.6473 2.8918 0.3947
Car -1 -1 1.8450 297.8273 188.7348 439.2585 295.6611 1.6758 1.5642 3.7412 -4.4732 2.0210 13.7662 1.5356 0.9736
Car -1 -1 -1.9287 774.8716 184.3883 1063.7590 362.6566 1.4358 1.5564 3.6386 2.9591 1.5913 7.8735 -1.5827 0.9719
Car -1 -1 1.9895 33.9343 203.8053 354.5331 375.0000 1.5131 1.6510 3.9551 -4.4718 1.9624 8.4421 1.5145 0.9698
Car -1 -1 -1.7576 695.1129 188.9211 800.2896 266.1187 1.4585 1.5951 3.9113 2.9415 1.8682 16.4139 -1.5845 0.9522
Car -1 -1 1.7879 398.2379 186.7185 494.9441 262.4320 1.7325 1.6487 4.1758 -4.2935 2.1450 19.3610 1.5717 0.9500
Car -1 -1 -1.7589 674.5664 184.6714 752.4106 238.1942 1.4579 1.6490 4.0817 3.0961 1.8635 22.6541 -1.6257 0.8848
Car -1 -1 -2.2564 998.3479 195.8128 1242.0000 375.0000 1.4930 1.5876 3.6602 2.5517 1.6180 1.9812 -1.4160 0.5085
Car -1 -1 1.5335 523.2241 189.5485 547.2995 211.3180 1.4889 1.6593 3.8790 -5.7031 2.7977 54.5092 1.4292 0.3734
