Pedestrian -1 -1 1.5572 300.3185 144.3464 331.4536 218.8124 1.8436 0.7196 1.0427 -7.5866 1.1382 18.4809 1.1724 0.4892
Pedestrian -1 -1 1.4939 910.8808 167.1584 932.0132 216.3990 1.7341 0.6361 0.7345 11.1115 1.5339 25.8570 1.8952 0.2939
Pedestrian -1 -1 -0.2648 1002.9644 197.1417 1042.3850 253.4650 1.7744 0.7453 0.9541 13.4515 2.5860 23.6186 0.2465 0.1521
Pedestrian -1 -1 -0.4757 987.7271 179.6662 1020.2758 232.2634 1.8100 0.6641 0.7805 13.7395 2.0520 25.2538 0.0170 0.1500
Cyclist -1 -1 -1.9058 793.6006 184.7418 811.8602 216.1520 1.6530 0.4324 1.6742 10.4960 2.3176 39.4644 -1.6483 0.1459
Cyclist -1 -1 -0.1124 999.8199 192.9798 1053.0930 252.1003 1.8545 0.6965 1.4379 13.5800 2.5312 23.6427 0.4026 0.1313
Cyclist -1 -1 0.7841 289.8893 144.6857 341.5339 218.6056 1.8401 0.6662 1.0661 -7.5806 1.1393 18.4730 0.3994 0.1124
Car -1 -1 1.5266 372.2831 177.6589 416.0677 216.3569 1.4086 1.5034 3.8582 -8.7185 1.6148 28.8440 1.2352 0.6833
Car -1 -1 1.8646 407.7269 184.4465 438.0145 203.8966 1.5996 1.5640 3.7397 -16.4530 2.6509 63.5045 1.6117 0.2524
Car -1 -1 1.7016 463.3090 171.3713 495.5163 202.2781 2.5071 1.9561 5.8178 -11.0835 2.3871 61.4779 1.5236 0.2247
Car -1 -1 1.6290 891.5825 156.8675 939.7170 197.1894 1.4412 1.5201 3.3288 11.6951 0.8701 27.6154 2.0256 0.1806
Car -1 -1 -0.5846 917.3371 165.5965 1000.6451 193.6901 1.5038 1.6473 3.8622 19.1377 1.1157 39.7035 -0.1386 0.1684
