Pedestrian -1 -1 -1.9855 716.9421 162.5754 746.1555 219.2599 1.8229 0.6060 0.9679 3.9472 1.4927 23.7451 -1.8234 0.6852
Pedestrian -1 -1 0.2379 636.8851 175.6311 651.0256 201.4096 1.7895 0.4811 0.9015 2.3496 1.9857 50.5206 0.2836 0.4169
Cyclist -1 -1 1.9554 131.6941 177.3528 323.7722 375.0000 1.7291 0.5942 2.0244 -2.9718 1.7718 5.7593 1.4965 0.8989
Cyclist -1 -1 1.6044 467.8162 179.9769 491.9060 249.2732 1.7529 0.5764 1.8958 -3.5367 1.9548 19.4304 1.4259 0.7082
Cyclist -1 -1 2.0298 10.2310 157.7771 230.6146 375.0000 1.7172 0.5831 1.8238 -3.6011 1.6236 5.4322 1.4660 0.2894
Cyclist -1 -1 -1.9855 716.9421 162.5754 746.1555 219.2599 1.8229 0.6060 0.9679 3.9472 1.4927 23.7451 -1.8234 0.1071
Car -1 -1 1.8740 291.2155 191.4899 428.6135 282.2315 1.6573 1.6701 4.2969 -5.4692 2.1327 16.2270 1.5531 0.9393
Car -1 -1 1.7785 473.3549 186.3875 525.9703 222.0750 1.5418 1.6751 4.2715 -5.3158 2.2397 35.0043 1.6283 0.8227
Car -1 -1 -1.5251 641.4190 180.1131 677.7319 214.4734 1.6305 1.6941 3.8515 2.5574 2.0243 37.0944 -1.4574 0.7870
Car -1 -1 -1.4173 658.9923 177.4777 691.1093 203.3783 1.5948 1.5568 3.6176 4.2468 1.9091 47.0602 -1.3284 0.3230
