Pedestrian -1 -1 1.6678 957.2698 140.0999 985.5496 203.3078 1.8266 0.6701 0.9321 10.6884 0.8804 21.4210 2.1250 0.2680
Pedestrian -1 -1 2.9626 358.8203 175.2062 371.7151 199.4290 1.8404 0.4990 0.8616 -18.7937 2.0226 55.3291 2.6363 0.1435
Cyclist -1 -1 2.1089 281.9731 178.0871 304.5188 205.2264 1.6691 0.5599 1.6019 -20.0051 2.0056 45.5210 1.6967 0.4732
Cyclist -1 -1 -1.1324 205.0293 176.2284 227.3351 207.9041 1.7480 0.4921 1.5532 -22.2778 1.9427 40.7721 -1.6300 0.1515
Cyclist -1 -1 3.0463 24.3471 173.4497 67.9055 212.3221 1.7906 0.6197 1.5683 -26.6185 1.8197 34.0206 2.3860 0.1490
Cyclist -1 -1 1.5811 957.6803 140.2771 984.0444 203.4364 1.8268 0.6869 1.0046 10.6911 0.8849 21.4703 2.0375 0.1054
Car -1 -1 2.0861 201.8008 189.9192 281.1020 227.4721 1.4636 1.6220 3.3568 -15.9867 2.2471 31.3924 1.6182 0.9028
Car -1 -1 2.2977 0.0000 194.9022 74.3736 263.0621 1.4653 1.6188 3.6026 -15.9588 2.0868 18.5044 1.5931 0.7202
Car -1 -1 2.0697 386.3338 181.8141 430.4131 202.9336 1.5174 1.6006 3.9076 -15.5358 2.2352 55.6893 1.7986 0.6088
Car -1 -1 1.5932 163.3204 179.2417 198.5310 210.0468 1.5851 1.5850 3.9313 -23.8303 1.9590 40.0974 1.0597 0.2342
Car -1 -1 1.9094 371.7331 165.6780 410.8675 190.2901 2.1086 1.8242 4.8557 -19.4409 1.4942 64.2822 1.6166 0.1417
