Pedestrian -1 -1 2.7171 459.1705 173.6833 496.6633 246.5166 1.7584 0.7087 0.6837 -3.1019 1.5709 17.8253 2.5418 0.6058
Pedestrian -1 -1 -0.8469 67.9937 161.0757 289.7396 374.0000 1.6297 0.8095 0.6662 -2.3300 1.5310 3.9297 -1.3609 0.3801
Pedestrian -1 -1 -1.1455 710.4869 163.0023 767.5436 260.7455 1.7303 0.8140 0.7163 2.4982 1.4041 13.2391 -0.9681 0.3623
Pedestrian -1 -1 -1.9455 745.0499 152.5220 787.6884 234.8952 1.6657 0.6300 0.7429 3.3837 1.0810 14.9406 -1.7317 0.2814
Pedestrian -1 -1 -3.4892 862.0495 160.4687 914.7456 259.2090 1.7113 0.6012 0.7002 5.0435 1.3481 12.7538 -3.1250 0.1908
Pedestrian -1 -1 -1.3990 819.4952 154.7887 856.1514 235.1603 1.6632 0.5424 1.3942 5.1120 1.1116 15.6058 -1.0926 0.1695
Pedestrian -1 -1 1.0959 25.4764 121.8907 136.0216 305.6306 1.8376 0.6267 0.8772 -5.5974 1.2428 7.6608 0.4755 0.1465
Pedestrian -1 -1 -2.7833 716.6967 141.1356 770.9866 231.4653 1.7102 0.7547 0.8420 2.7681 0.9472 14.1381 -2.5986 0.1122
Pedestrian -1 -1 -2.0578 902.8351 220.6893 1031.7102 374.0000 1.3363 0.6241 0.5417 2.5121 1.6306 5.0776 -1.6247 0.1097
Pedestrian -1 -1 1.2921 1135.0989 93.9702 1229.4795 268.7044 1.8147 0.6323 0.6712 6.3020 0.9070 7.8855 1.9452 0.1061
Pedestrian -1 -1 -3.1839 1183.1891 96.0415 1238.0000 309.3001 1.7939 0.6901 0.6412 5.6504 1.0764 6.5084 -2.4939 0.1037
Pedestrian -1 -1 1.2351 1007.7728 111.1776 1073.9846 250.1026 1.8407 0.5799 0.6703 5.9946 0.9103 9.8995 1.7628 0.1008
Cyclist -1 -1 0.3863 371.0757 166.0650 485.7874 270.0274 1.6008 0.5554 1.6949 -2.7910 1.3644 11.4571 0.1470 0.3891
Cyclist -1 -1 1.6072 814.6107 135.3959 842.7814 216.7934 1.7242 0.5619 1.6086 5.0603 0.7488 16.0657 1.9026 0.2505
Cyclist -1 -1 -1.2601 732.4597 144.7309 784.1252 230.3396 1.6623 0.6038 1.5639 3.2078 0.9496 14.7751 -1.0551 0.2132
Car -1 -1 0.6028 0.0000 182.0123 353.3812 374.0000 1.5521 1.6136 3.7368 -3.7135 1.5574 4.4335 -0.0725 0.1303
Car -1 -1 -3.3783 682.1062 178.7897 968.3162 282.4180 1.4481 1.5646 3.8638 3.1786 1.4115 10.8854 -3.1062 0.1026
Car -1 -1 0.6041 0.0000 195.9537 285.7972 303.2202 1.4646 1.5509 3.9724 -7.1391 1.7012 10.8596 0.0279 0.1009
