Car -1 -1 0.4612 99.2457 186.1303 382.2528 277.7098 1.4528 1.6179 4.0762 -6.2903 1.6981 12.4945 0.0029 0.9657
Car -1 -1 3.7521 0.0000 183.7706 249.3344 344.7451 1.4869 1.6149 3.9955 -6.3192 1.6180 7.7118 3.0823 0.9229
Car -1 -1 -1.6752 654.3376 176.0488 693.8304 205.5026 1.4494 1.6282 4.2288 3.2898 1.6279 38.0962 -1.5902 0.8781
Car -1 -1 -2.1236 822.8624 148.4491 1242.0000 375.0000 1.5579 1.6642 4.1482 2.6449 1.4885 4.1486 -1.5885 0.8262
Car -1 -1 3.4902 169.5134 182.1099 385.1367 258.4621 1.4564 1.5179 3.7423 -6.7745 1.6590 14.8696 3.0689 0.8040
Car -1 -1 0.4568 323.4460 180.6988 473.7085 234.8469 1.4033 1.5388 3.7194 -5.8898 1.6338 20.0899 0.1746 0.7910
Car -1 -1 0.2780 361.6877 179.4811 500.2436 232.4574 1.5726 1.5394 3.9159 -5.5555 1.7871 22.4701 0.0377 0.7484
Car -1 -1 3.2238 449.9588 186.3296 536.2482 220.4309 1.4487 1.5142 3.6962 -5.2128 2.0683 32.2567 3.0643 0.7472
Car -1 -1 -2.9477 449.4117 164.0654 543.8885 203.9269 1.8700 1.7361 4.2465 -5.4542 1.4581 34.7976 -3.1024 0.6972
Car -1 -1 0.1147 385.9389 184.4635 509.3200 230.0103 1.4638 1.5335 3.9606 -5.5092 1.8764 24.6474 -0.1035 0.5927
Car -1 -1 0.1680 412.4879 177.8161 517.7971 218.4130 1.5114 1.5295 3.7865 -5.5805 1.7091 27.8778 -0.0283 0.5776
