Pedestrian -1 -1 1.6299 716.9500 166.7229 773.2665 309.9381 1.6678 0.6445 0.8918 1.7423 1.4971 8.8729 1.8124 0.8753
Pedestrian -1 -1 -2.2486 929.0660 145.5932 1101.1549 374.0000 1.5949 0.6284 0.6456 2.4100 1.3988 4.3278 -1.7715 0.7449
Pedestrian -1 -1 1.6122 855.5591 158.2681 909.6765 290.8480 1.7052 0.6569 0.8478 3.7789 1.4077 9.7542 1.9673 0.6823
Pedestrian -1 -1 -0.0346 757.2542 163.7816 840.8304 330.0690 1.6112 0.5632 0.7886 1.9432 1.4409 7.3153 0.2104 0.6755
Pedestrian -1 -1 -3.0675 806.5549 181.4366 886.4396 323.2061 1.5889 0.5996 0.8624 2.8555 1.5895 8.4873 -2.7581 0.6660
Pedestrian -1 -1 1.0284 858.5905 167.7770 978.2051 374.0000 1.6169 0.5820 0.7440 2.5113 1.5141 5.8654 1.4110 0.6541
Pedestrian -1 -1 -1.9403 807.6934 160.7096 867.2797 267.6316 1.8357 0.7525 0.8192 4.1382 1.4800 12.7641 -1.6383 0.5963
Pedestrian -1 -1 -2.1051 690.1052 168.2649 723.4871 227.0307 1.8028 0.6166 0.9889 3.2820 1.3979 22.6097 -1.9679 0.5486
Pedestrian -1 -1 -1.0434 297.9828 159.8558 347.0500 234.2556 1.8135 0.6606 1.1647 -7.0573 1.2871 18.1332 -1.4150 0.4873
Pedestrian -1 -1 -2.1010 525.6182 160.2189 585.4885 254.3144 1.7470 0.7966 0.9279 -0.9367 1.3531 13.9418 -2.1723 0.4706
Pedestrian -1 -1 -1.6595 561.3957 164.6508 576.1846 202.4777 1.8127 0.6584 0.6308 -1.5925 1.0062 34.7783 -1.7099 0.4528
Pedestrian -1 -1 1.8961 787.6013 172.2916 844.4954 298.4631 1.6512 0.5729 0.6612 2.8974 1.5320 9.8327 2.1698 0.4471
Pedestrian -1 -1 2.2609 758.7181 160.9959 784.0970 205.5026 1.8334 0.6716 0.8147 7.1074 0.9898 30.1030 2.4858 0.3889
Pedestrian -1 -1 -3.3357 758.4733 162.0150 801.2786 264.5712 1.6581 0.5478 0.5866 2.9047 1.3444 11.8953 -3.1067 0.3209
Pedestrian -1 -1 1.7048 783.6738 158.3901 803.3602 205.0973 1.8586 0.6712 0.8352 7.7667 0.9400 29.0946 1.9584 0.3086
Pedestrian -1 -1 -3.1600 709.2254 171.4835 742.8965 253.4953 1.6526 0.5586 0.6662 2.5217 1.4520 14.7964 -2.9996 0.2809
Cyclist -1 -1 -1.3047 193.7181 168.9523 250.0782 263.1558 1.6440 0.4642 1.8500 -7.1300 1.4263 13.4870 -1.7884 0.4049
Cyclist -1 -1 -1.0434 297.9828 159.8558 347.0500 234.2556 1.8135 0.6606 1.1647 -7.0573 1.2871 18.1332 -1.4150 0.1621
Cyclist -1 -1 1.6122 855.5591 158.2681 909.6765 290.8480 1.7052 0.6569 0.8478 3.7789 1.4077 9.7542 1.9673 0.1176
Cyclist -1 -1 -1.8924 527.6680 160.0276 584.5488 254.1323 1.7531 0.8381 0.9626 -0.9332 1.3543 13.9841 -1.9633 0.1060
Car -1 -1 1.7080 537.5071 178.2434 600.2379 227.0187 1.4768 1.5585 4.0040 -1.0206 1.3793 23.8110 1.6604 0.9162
