Pedestrian -1 -1 -2.0270 756.0578 165.7606 784.9030 222.2551 1.7739 0.6599 0.6848 5.3729 1.2808 22.9625 -1.8048 0.5874
Pedestrian -1 -1 -1.2975 700.7886 169.3600 739.4865 249.4148 1.7806 0.6953 0.7879 2.6932 1.5118 16.4770 -1.1435 0.5332
Pedestrian -1 -1 -1.5714 500.5298 188.8827 526.7116 245.4355 1.5977 0.7414 1.0470 -2.6004 1.8205 21.0051 -1.6985 0.2917
Pedestrian -1 -1 -1.9408 531.0233 173.5712 546.1273 203.6879 1.7888 0.6195 0.8959 -3.7805 1.3187 43.2033 -2.0326 0.2628
Pedestrian -1 -1 -0.9274 521.3849 174.0447 537.5421 204.2947 1.7449 0.6214 0.7372 -4.1962 1.3157 41.9089 -1.0316 0.2377
Pedestrian -1 -1 -0.4521 569.1129 174.9676 586.7761 197.4213 1.7326 0.6082 1.2344 -1.8089 1.2291 55.9863 -0.4893 0.2065
Pedestrian -1 -1 -1.6974 685.1053 174.9415 712.8284 234.2207 1.6315 0.5418 1.8630 2.7633 1.4522 20.6998 -1.5716 0.1735
Cyclist -1 -1 -1.6870 685.1218 174.9433 712.6909 234.8339 1.6457 0.5470 1.9337 2.7617 1.4667 20.7058 -1.5614 0.4114
Cyclist -1 -1 -0.4521 569.1129 174.9676 586.7761 197.4213 1.7326 0.6082 1.2344 -1.8089 1.2291 55.9863 -0.4893 0.1830
Cyclist -1 -1 -1.6725 498.5413 189.5756 527.4215 248.2090 1.6553 0.7350 0.9885 -2.6231 1.8989 20.9975 -1.8008 0.1186
Car -1 -1 1.8252 274.7478 156.0008 499.6211 342.4652 1.9043 1.7091 4.3633 -2.5439 1.6453 9.5202 1.5648 0.8743
Car -1 -1 2.2216 0.0000 0.0000 358.9197 374.0000 1.8206 1.7054 4.1790 -2.7572 1.3446 3.3997 1.5701 0.7897
Car -1 -1 -1.6638 647.5620 169.7073 687.7728 206.6861 1.8850 1.7286 4.3634 3.5140 1.2848 38.8041 -1.5792 0.7611
Car -1 -1 1.1127 613.1077 170.7968 647.9786 187.6583 1.5391 1.5981 4.1498 2.7480 0.5625 67.7880 1.1482 0.2152
Car -1 -1 1.5091 639.8102 177.6064 665.8340 201.7205 1.6434 1.5806 3.7746 3.6172 1.3787 50.8416 1.5747 0.2042
Car -1 -1 -1.8324 751.0872 171.6613 809.3821 208.5855 1.5131 1.5348 3.6579 7.6995 1.1109 31.2824 -1.5980 0.1929
