Pedestrian -1 -1 -1.7419 778.2922 169.1974 799.2862 212.4962 1.7189 0.6594 0.9946 7.1764 1.5741 29.1592 -1.5035 0.6588
Pedestrian -1 -1 -3.2789 965.6705 162.4646 1014.7512 245.9804 1.6979 0.5467 0.8342 7.8741 1.4870 15.0618 -2.8058 0.4995
Pedestrian -1 -1 0.0307 675.7103 170.5083 687.6351 196.0328 1.8690 0.5353 0.8591 5.2542 1.6976 53.1499 0.1283 0.2449
Pedestrian -1 -1 -2.9665 722.6945 169.0132 744.2570 204.9280 1.7700 0.6544 0.9635 6.1299 1.5810 36.0258 -2.7998 0.2041
Cyclist -1 -1 -1.9724 918.9274 150.6815 996.8654 268.5412 1.8930 0.5435 1.7657 5.9171 1.5373 12.4773 -1.5394 0.9449
Cyclist -1 -1 2.9312 540.3646 147.6145 588.8019 199.2034 1.7243 0.5369 1.5694 -1.5940 0.8810 24.5848 2.8668 0.2828
Cyclist -1 -1 -3.5890 971.6160 155.6178 1034.6790 242.1368 1.7699 0.5335 1.0241 8.1357 1.4177 15.0446 -3.1019 0.1296
Car -1 -1 -0.2568 796.4345 180.6495 870.4106 205.8655 1.5101 1.5958 4.0972 13.7425 2.0022 44.6291 0.0395 0.3761
Car -1 -1 1.3708 1026.3983 175.4238 1059.3776 195.3079 1.6589 1.6705 4.1143 37.7182 1.8915 62.9861 1.9080 0.2375
Car -1 -1 1.3580 889.2481 180.3119 930.9784 206.2060 1.5166 1.6199 3.9301 18.8463 2.0090 45.5293 1.7477 0.2253
