Pedestrian -1 -1 1.3254 629.1339 128.1237 678.1087 239.3192 1.8614 0.6507 0.8943 0.7905 0.9863 12.3292 1.3900 0.7916
Pedestrian -1 -1 1.2037 587.3460 137.1037 641.0742 242.4651 1.7369 0.6733 0.8171 0.1036 1.0232 12.1513 1.2142 0.7696
Pedestrian -1 -1 -2.1139 685.9426 142.6084 716.4481 203.6694 1.8529 0.5610 0.8855 2.9512 0.7046 21.9679 -1.9803 0.7371
Pedestrian -1 -1 1.3537 436.9955 138.9629 476.1337 231.5158 1.7785 0.6187 0.7353 -2.9973 0.9820 14.0436 1.1502 0.6900
Pedestrian -1 -1 1.3183 559.6473 137.2588 602.7076 227.9175 1.8334 0.7080 0.8601 -0.5498 0.9606 14.8063 1.2842 0.5329
Pedestrian -1 -1 0.7424 972.2486 100.7706 1224.0000 370.0000 1.8535 0.6169 1.0645 2.6625 1.4763 3.9503 1.3014 0.5075
Pedestrian -1 -1 3.1749 509.9185 145.8791 555.4350 229.0563 1.8768 0.6516 1.0231 -1.6963 1.0972 16.3075 3.0752 0.4642
Pedestrian -1 -1 1.2842 470.3719 144.5538 515.6260 231.3201 1.7890 0.7436 0.8625 -2.4445 1.0495 15.1225 1.1293 0.4592
Pedestrian -1 -1 -2.1954 925.2085 136.1640 1071.0414 370.0000 1.6347 0.6170 0.6968 2.7388 1.3425 5.0728 -1.7238 0.4520
Pedestrian -1 -1 1.1214 1050.5640 121.3873 1203.7468 370.0000 1.6383 0.5303 0.7498 3.3859 1.2798 4.7135 1.7152 0.4344
Pedestrian -1 -1 -1.3535 110.8428 149.1341 166.8077 262.3018 1.8139 0.6381 0.6904 -7.7863 1.3128 11.7621 -1.9239 0.4127
Pedestrian -1 -1 1.4206 585.7198 138.0272 609.3262 198.9498 1.8023 0.6067 0.7483 -0.2637 0.5474 21.3299 1.4106 0.3969
Pedestrian -1 -1 1.8640 359.4072 138.3702 386.6030 196.3274 1.8716 0.6685 0.7127 -7.6340 0.5127 23.1899 1.5523 0.3485
Pedestrian -1 -1 0.8084 992.0388 158.1641 1152.9617 370.0000 1.9386 0.5663 0.9760 3.7129 1.7751 5.7623 1.3576 0.3303
Pedestrian -1 -1 0.9392 239.3623 139.3895 338.9028 252.8032 1.7787 0.6031 1.7561 -5.3253 1.1356 11.7859 0.5270 0.1568
Pedestrian -1 -1 0.4334 406.4489 148.3232 454.2369 199.3761 1.8187 0.5683 1.5905 -6.3519 0.6740 25.6160 0.1953 0.1284
Pedestrian -1 -1 3.1296 308.2964 152.7630 350.8232 195.8531 1.8189 0.6465 1.6910 -11.8797 0.6496 30.4534 2.7632 0.1088
Cyclist -1 -1 0.9152 239.9648 132.2648 340.7897 246.3594 1.7929 0.6113 1.7396 -5.3063 1.0366 11.7939 0.5047 0.6017
Cyclist -1 -1 3.1667 307.7005 152.4396 349.7535 195.1054 1.8027 0.6335 1.6698 -11.9024 0.6186 30.4466 2.7996 0.5923
Cyclist -1 -1 0.4334 406.4489 148.3232 454.2369 199.3761 1.8187 0.5683 1.5905 -6.3519 0.6740 25.6160 0.1953 0.3927
Cyclist -1 -1 0.7428 964.3222 101.2341 1224.0000 370.0000 1.9052 0.6281 1.1411 2.6542 1.5331 3.9634 1.2989 0.2123
Cyclist -1 -1 1.3254 629.1339 128.1237 678.1087 239.3192 1.8614 0.6507 0.8943 0.7905 0.9863 12.3292 1.3900 0.1128
Cyclist -1 -1 -2.1139 685.9426 142.6084 716.4481 203.6694 1.8529 0.5610 0.8855 2.9512 0.7046 21.9679 -1.9803 0.1059
Cyclist -1 -1 1.3936 562.0008 141.6498 603.1685 232.2134 1.8438 0.7211 0.8853 -0.5240 1.0545 14.8979 1.3612 0.1010
Car -1 -1 1.8428 0.0000 51.8519 283.3629 370.0000 1.7470 1.6846 4.5199 -3.0578 1.4460 4.0700 1.2369 0.5211
