Pedestrian -1 -1 -1.4089 759.9084 164.4366 782.9647 216.2259 1.7757 0.6646 0.8382 5.6095 1.4874 25.2481 -1.1933 0.3640
Pedestrian -1 -1 1.5163 345.2717 187.5816 383.5000 292.7754 1.7058 0.5766 0.7581 -4.2418 1.9664 12.2854 1.1895 0.2725
Pedestrian -1 -1 -3.2791 787.6456 151.4763 811.5854 199.9850 1.8450 0.6658 0.8061 7.2617 1.0323 27.8170 -3.0266 0.1091
Cyclist -1 -1 1.1276 983.1833 170.0713 1047.9698 262.2267 1.6983 0.4692 1.5402 7.8272 1.6473 14.0758 1.6255 0.1082
Cyclist -1 -1 -0.1129 698.3320 171.6138 739.2559 209.1183 1.7195 0.6274 1.8137 4.9907 1.6630 33.4225 0.0335 0.1079
Cyclist -1 -1 0.9280 1051.9150 184.1234 1156.1327 297.9089 1.6225 0.4437 1.6139 7.6063 1.8117 11.2674 1.5088 0.1069
Car -1 -1 -1.9567 749.8356 189.7940 1013.9552 343.1892 1.4049 1.5514 4.0994 3.0403 1.6700 9.1731 -1.6475 0.9578
Car -1 -1 -1.7171 641.8108 170.3033 712.0980 229.7619 1.9529 1.8320 4.6793 2.2661 1.8695 26.0875 -1.6322 0.9512
Car -1 -1 0.3709 402.3203 173.1111 470.5111 198.7236 1.5134 1.6368 3.6739 -10.5235 1.5297 43.7130 0.1357 0.3649
Car -1 -1 0.3037 414.0436 166.7193 471.0215 187.1782 1.5727 1.6519 4.0327 -13.0992 1.1015 56.4398 0.0765 0.1843
Car -1 -1 -1.3635 475.3342 160.0120 505.7697 181.7047 1.6579 1.6204 3.8378 -9.4373 0.6768 57.0932 -1.5268 0.1359
Car -1 -1 -1.4339 378.7169 157.8492 427.8914 192.5109 1.4951 1.6473 3.9152 -9.4736 0.8483 33.1740 -1.7102 0.1127
Car -1 -1 -2.7220 443.1958 170.0446 523.3034 198.3951 1.5214 1.6334 4.0622 -7.0470 1.3710 40.0052 -2.8956 0.1069
