Pedestrian -1 -1 -3.4631 914.1293 161.9938 1035.7346 322.7989 1.7442 0.6164 1.0805 4.1672 1.5340 8.1654 -3.0098 0.8000
Pedestrian -1 -1 1.7784 409.0577 177.2986 452.1121 267.3390 1.6448 0.6382 0.8168 -3.2478 1.5693 13.5367 1.5416 0.6826
Pedestrian -1 -1 2.9893 573.0182 180.5052 598.8350 225.0579 1.7575 0.7317 0.9296 -0.6442 1.7192 28.7764 2.9618 0.6771
Pedestrian -1 -1 -0.9027 676.4486 180.9488 708.4885 228.7062 1.6832 0.8011 0.8366 3.2600 1.6648 25.8936 -0.7840 0.6566
Pedestrian -1 -1 0.2556 620.4276 179.7904 643.2037 223.1655 1.7774 0.6930 0.8009 1.2510 1.7083 29.8798 0.2918 0.6520
Pedestrian -1 -1 -1.6274 368.3719 195.8760 406.4855 271.5598 1.5587 0.7446 0.6437 -4.6261 1.8764 15.3843 -1.9205 0.6380
Pedestrian -1 -1 3.3586 273.9511 137.5029 389.8343 312.7219 1.8252 0.7746 1.0565 -2.9904 1.3683 7.9365 3.0031 0.6039
Pedestrian -1 -1 -0.9785 0.0000 185.2616 122.5513 374.0000 1.6262 0.6701 0.7536 -4.9701 1.6638 6.5103 -1.6176 0.5347
Pedestrian -1 -1 -1.4555 429.2091 175.1254 453.1992 241.4422 1.7287 0.5372 0.8272 -4.2994 1.5637 19.1620 -1.6787 0.3785
Pedestrian -1 -1 -0.3084 515.0927 181.4436 542.7001 236.7181 1.6387 0.6037 0.6763 -2.2230 1.6381 21.7054 -0.4146 0.3522
Pedestrian -1 -1 -0.1738 163.2691 170.7211 185.4658 218.7339 1.7726 0.6893 0.6055 -16.0614 1.3757 26.9769 -0.7116 0.2330
Cyclist -1 -1 -1.2853 444.7754 181.2075 478.2820 236.9354 1.7195 0.5827 1.7962 -4.5021 1.7116 23.0825 -1.4812 0.2593
Cyclist -1 -1 -0.9975 675.9075 180.5865 708.5835 228.8268 1.6980 0.8247 0.8809 3.2523 1.6670 25.8849 -0.8791 0.1825
Cyclist -1 -1 3.3481 274.3210 136.9265 390.8396 314.6714 1.8467 0.8002 1.0635 -2.9804 1.3849 7.9346 2.9936 0.1526
Cyclist -1 -1 -3.5080 913.1136 161.6136 1036.7029 323.2768 1.7609 0.6088 1.0977 4.1725 1.5457 8.1729 -3.0545 0.1404
Cyclist -1 -1 -0.1228 573.3988 179.7542 598.7006 224.8445 1.7800 0.7263 0.9273 -0.6395 1.7121 28.7828 -0.1501 0.1044
Car -1 -1 -1.7200 722.3898 108.6372 865.7397 228.5533 1.7297 1.7023 4.0743 3.0907 0.6800 12.4602 -1.4867 0.6467
Car -1 -1 1.3282 532.7834 188.2892 589.1968 223.3922 1.4643 1.6286 4.0611 -1.9356 1.7976 32.9870 1.2648 0.2477
