Pedestrian -1 -1 1.5844 521.6401 170.4311 544.1353 217.5548 1.7536 0.8346 0.9572 -2.6159 1.3428 27.2420 1.4844 0.6275
Pedestrian -1 -1 2.1541 320.4633 164.8551 377.3075 264.2049 1.7611 0.6306 0.8382 -4.6740 1.4673 13.2137 1.8147 0.5183
Pedestrian -1 -1 -0.6639 1142.2358 121.3538 1227.0017 244.0342 1.8050 0.5798 0.8101 8.7555 0.9214 10.8571 -0.0021 0.4309
Pedestrian -1 -1 2.5434 305.0772 167.6295 362.8079 263.3800 1.7840 0.5357 0.9033 -5.2096 1.5268 13.9045 2.1855 0.4244
Pedestrian -1 -1 -1.7467 420.5957 189.1384 467.1028 288.1613 1.7050 0.6784 0.8443 -2.8943 1.8497 12.9664 -1.9680 0.4062
Pedestrian -1 -1 2.1655 276.1915 125.1712 330.2263 217.9838 1.8422 0.6413 0.8834 -6.1502 0.7254 14.7525 1.7718 0.3034
Pedestrian -1 -1 -1.8023 654.4005 179.4796 682.0974 223.0645 1.6065 0.8428 0.9141 2.4825 1.5331 26.9882 -1.7168 0.2535
Pedestrian -1 -1 1.6127 691.5894 175.6018 709.7127 227.5030 1.6725 0.5647 0.7406 3.2328 1.4835 23.5587 1.7423 0.2205
Cyclist -1 -1 2.6641 687.0673 157.8372 726.1417 192.8147 1.7134 0.7365 1.7915 5.2373 0.5552 35.8310 2.8033 0.5706
Cyclist -1 -1 -1.7621 633.9550 170.9392 647.8316 203.1619 1.6078 0.3782 1.7103 2.0026 1.0818 36.7139 -1.7130 0.3079
Cyclist -1 -1 1.5156 522.1677 170.9824 544.6454 220.0469 1.8195 0.7883 0.9700 -2.6007 1.4305 27.1767 1.4159 0.1041
Car -1 -1 -1.8898 735.9651 146.1404 953.2498 303.2682 1.7895 1.6446 3.8437 3.0982 1.3882 10.1279 -1.6057 0.9631
Car -1 -1 -1.7171 649.1196 177.5309 701.6975 216.9700 1.4772 1.5666 3.4642 2.8733 1.3296 28.6744 -1.6233 0.3125
Car -1 -1 -1.3225 523.4081 171.4587 564.5643 201.9771 1.4695 1.4852 2.5451 -2.8513 0.9869 35.9639 -1.4060 0.3018
Car -1 -1 2.9676 483.4747 171.5676 546.5049 195.4439 1.6131 1.6829 4.1168 -6.0055 0.9427 49.9363 2.8436 0.2729
Car -1 -1 -2.3043 0.0000 0.0000 1238.0000 374.0000 1.5958 1.6095 3.9726 2.7023 1.5717 1.1341 -1.2170 0.2578
