Pedestrian -1 -1 -0.7425 995.4702 140.4168 1049.7175 218.5737 1.7672 0.6392 0.8970 9.5088 1.0341 16.7264 -0.2333 0.2193
Pedestrian -1 -1 2.4033 892.2014 167.4709 950.3323 264.4890 1.8300 0.6165 0.8451 6.0005 1.7288 14.0395 2.7988 0.2172
Pedestrian -1 -1 1.2508 505.0347 137.6206 529.2140 191.8438 1.9119 0.6994 0.6218 -3.3765 0.6699 25.8697 1.1221 0.2006
Pedestrian -1 -1 -1.9045 587.6924 153.3788 610.1924 199.4848 1.8343 0.6960 0.7668 -0.4930 1.0599 29.1830 -1.9217 0.1245
Pedestrian -1 -1 -3.4240 965.7834 165.7463 1023.3922 280.4408 1.7628 0.6761 0.6380 6.0517 1.6539 11.4795 -2.9503 0.1114
Cyclist -1 -1 -1.7083 1197.5757 117.2470 1242.0000 245.2834 1.7913 0.4861 1.8510 9.3764 1.0137 11.0065 -1.0158 0.3803
Cyclist -1 -1 -2.0466 1173.6099 187.7681 1242.0000 276.8472 1.5727 0.3529 1.5089 11.3337 1.8737 13.7695 -1.3692 0.3530
Cyclist -1 -1 -1.9892 996.4503 139.4673 1047.9817 217.4094 1.7442 0.6137 1.1531 9.4971 0.9974 16.7454 -1.4810 0.1256
Car -1 -1 -1.8564 718.0983 178.4281 911.7340 300.2779 1.4793 1.6349 4.1177 2.8121 1.5811 11.0411 -1.6145 0.9817
Car -1 -1 0.6602 1122.3378 150.1263 1242.0000 375.0000 1.7374 1.7406 4.5705 6.8269 1.6230 5.9915 1.4859 0.1488
Car -1 -1 1.3464 376.9795 153.1240 425.1417 188.8192 1.7705 1.7039 3.3856 -10.9842 0.7922 37.6793 1.0644 0.1264
