Pedestrian -1 -1 -1.7645 662.5856 155.1503 675.9357 187.4228 2.0103 0.7527 0.4917 3.6809 0.9079 45.2296 -1.6841 0.6290
Pedestrian -1 -1 -0.2424 734.2883 167.0343 771.2117 230.3630 1.7852 0.6270 0.9115 4.0360 1.6215 20.6737 -0.0530 0.4053
Cyclist -1 -1 -3.6244 949.7246 165.5562 1047.5933 230.8544 1.6048 0.6920 2.0788 9.6667 1.4258 18.0776 -3.1406 0.3238
Car -1 -1 1.7416 11.8030 148.6198 289.5199 375.0000 1.9835 1.7382 4.6204 -4.8829 1.7870 8.3275 1.2245 0.9635
Car -1 -1 -1.4948 298.8306 183.9537 356.9568 232.3966 1.5610 1.6700 3.8997 -10.2509 1.9987 26.3211 -1.8632 0.9462
Car -1 -1 -1.7704 515.1795 182.6147 607.8643 249.0278 1.4759 1.6491 3.7751 -1.4055 1.7565 18.6724 -1.8454 0.9392
Car -1 -1 -1.7293 494.3412 182.3159 556.7034 233.7624 1.5779 1.5830 3.4387 -2.9974 1.9266 24.6867 -1.8496 0.9038
Car -1 -1 -1.7389 470.3928 182.4358 526.1578 225.2571 1.5508 1.6043 3.7546 -4.6032 1.9643 29.0733 -1.8951 0.8932
Car -1 -1 -1.5553 451.8567 180.6804 482.1863 208.4469 1.4818 1.6410 3.8023 -8.2561 1.9559 41.6565 -1.7502 0.7990
Car -1 -1 -1.5537 430.1427 179.8696 449.0458 198.1901 1.5880 1.6196 3.4742 -15.5451 2.2467 65.8395 -1.7850 0.3383
