Pedestrian -1 -1 -2.1576 1151.7767 105.2268 1220.2845 208.1530 1.8336 0.6130 0.8311 10.6484 0.4943 13.0319 -1.4825 0.4341
Pedestrian -1 -1 -1.4094 435.9869 167.1571 453.4398 205.1595 1.7979 0.6809 0.8891 -7.6988 1.1681 33.9087 -1.6289 0.3437
Pedestrian -1 -1 1.9664 453.9610 168.5491 474.2387 203.9221 1.7392 0.6759 0.9553 -7.0433 1.1530 35.2943 1.7729 0.2952
Pedestrian -1 -1 -0.3272 312.2811 183.0510 346.5289 215.9712 1.7537 0.6982 1.6024 -15.0370 1.8970 38.5617 -0.6947 0.1358
Cyclist -1 -1 -0.4607 569.7833 165.6714 599.9795 194.0348 1.7452 0.6044 1.8062 -1.2573 0.8342 44.1899 -0.4872 0.8842
Cyclist -1 -1 -3.1629 712.4160 154.7384 751.8024 192.8060 1.7922 0.7014 1.8329 6.0433 0.5808 33.7712 -2.9856 0.8025
Cyclist -1 -1 -0.9945 343.8172 175.9823 379.1427 219.4189 1.7414 0.4763 1.7975 -10.0852 1.5618 29.2708 -1.3213 0.7171
Cyclist -1 -1 -0.1348 651.5956 163.4758 688.9636 199.2477 1.8771 0.5356 1.9137 3.4361 0.9852 37.4047 -0.0422 0.6129
Cyclist -1 -1 -1.6915 321.0500 182.9388 339.3660 215.0647 1.7099 0.7512 1.5933 -15.0362 1.8476 38.6397 -2.0583 0.3408
Cyclist -1 -1 1.8312 755.5729 160.6659 771.7250 189.2397 1.7685 0.5766 1.7053 10.0232 0.5423 44.6447 2.0523 0.3033
Cyclist -1 -1 -1.7561 740.4764 149.5605 759.8581 194.8854 1.8032 0.4507 1.8026 5.9258 0.5738 29.0282 -1.5549 0.2827
Car -1 -1 -1.4551 490.9394 174.0592 540.6292 210.7513 1.4235 1.6291 3.5322 -3.6450 1.1752 29.1968 -1.5762 0.9449
Car -1 -1 -0.8723 1119.4298 134.2275 1224.0000 206.5590 1.4609 1.5816 3.8777 13.5259 0.5279 15.3630 -0.1589 0.6804
Car -1 -1 -0.5145 938.3666 147.8439 1015.6685 172.4069 1.5343 1.6658 4.1320 23.9796 -0.5316 45.6521 -0.0319 0.5403
Car -1 -1 -2.7759 928.8043 157.7807 992.1057 181.7991 1.6123 1.6626 3.5887 24.7785 0.0885 49.3435 -2.3114 0.3780
