Car -1 -1 -2.0452 839.7667 174.7222 1200.6101 375.0000 1.5179 1.5766 3.3126 3.5414 1.5409 7.0436 -1.5970 0.9556
Car -1 -1 -1.7087 719.8727 182.6635 801.5736 244.1071 1.4620 1.6097 4.1433 4.0014 1.7624 19.9536 -1.5145 0.9533
Car -1 -1 1.3219 760.1407 179.4420 909.3076 278.6976 1.5738 1.6470 4.2600 4.0487 1.7205 13.8759 1.5991 0.9481
Car -1 -1 -1.4297 442.8205 162.9004 548.7236 254.8146 1.7750 1.7031 4.4382 -2.4449 1.5832 16.1570 -1.5782 0.9129
Car -1 -1 2.0073 0.0000 205.3560 362.7597 375.0000 1.4842 1.5086 3.4933 -2.8317 1.7722 4.5722 1.4774 0.8688
Car -1 -1 -1.7413 709.1635 181.6299 768.2883 229.4351 1.5217 1.4883 3.1786 4.3757 1.8472 25.1384 -1.5717 0.8532
Car -1 -1 -1.7467 677.4492 177.6378 720.3630 210.7137 1.5610 1.5552 3.4165 4.3867 1.8136 36.3050 -1.6280 0.8172
Car -1 -1 1.6082 556.4879 173.5431 591.5483 203.9139 1.5012 1.6837 4.1948 -1.8739 1.5397 37.8649 1.5586 0.8101
Car -1 -1 -1.6032 698.5267 176.3414 739.1868 214.8704 1.5830 1.6391 3.8464 4.7326 1.7477 32.0075 -1.4583 0.6509
Car -1 -1 -1.4648 493.3828 183.3176 562.4180 240.0755 1.4892 1.6372 4.0202 -2.4180 1.8333 21.6852 -1.5753 0.5770
Car -1 -1 -1.7109 671.8719 174.5956 709.2628 204.1109 1.6357 1.6205 3.9844 4.6317 1.7429 42.2386 -1.6029 0.5035
