Pedestrian -1 -1 1.6544 561.5233 166.4776 585.3102 233.6023 1.8275 0.6039 0.7033 -1.0563 1.6543 20.0023 1.6015 0.3500
Pedestrian -1 -1 -1.5440 185.3802 173.6798 208.9958 228.6471 1.8098 0.6686 0.6777 -13.8983 1.8384 24.2238 -2.0604 0.1957
Pedestrian -1 -1 -1.1793 215.8658 151.9560 248.4272 208.1146 1.8039 0.7319 0.6929 -12.3718 1.1330 23.5514 -1.6586 0.1568
Pedestrian -1 -1 1.2709 538.3966 132.6240 591.6249 237.5650 1.7914 0.7756 0.6676 -0.8545 1.1050 12.7650 1.2047 0.1561
Pedestrian -1 -1 -1.6653 543.6011 161.0240 559.3012 198.6119 1.8770 0.7434 0.5033 -2.9888 1.2866 36.3413 -1.7472 0.1503
Cyclist -1 -1 1.5235 549.9656 183.4802 561.0807 215.0116 1.6655 0.5268 1.6578 -3.0273 2.2608 39.5402 1.4470 0.2096
Cyclist -1 -1 1.3719 520.2372 187.7701 531.5301 213.3993 1.6139 0.4464 1.4834 -5.5284 2.6042 47.1097 1.2552 0.1714
Car -1 -1 -0.1555 419.5757 199.3508 494.3469 228.9246 1.5771 1.5660 4.1229 -9.0636 3.1948 42.5710 -0.3647 0.7170
Car -1 -1 -2.1837 992.7307 172.1790 1068.1602 200.9548 1.5234 1.5651 4.0729 23.3438 1.4880 40.2942 -1.6621 0.6539
Car -1 -1 -1.6341 980.8063 144.9542 1015.6596 182.1355 2.4479 1.8143 4.6842 26.8190 0.6114 50.0079 -1.1443 0.3909
Car -1 -1 1.3600 517.6089 174.5647 549.7363 197.5502 1.6759 1.6398 3.9631 -5.8874 1.8118 55.0613 1.2536 0.2452
Car -1 -1 1.3858 509.4406 177.7946 545.9996 203.2027 1.5166 1.6380 3.7775 -5.3068 1.8453 45.9077 1.2710 0.1900
Car -1 -1 1.7806 450.7299 161.7847 484.8646 188.6506 1.9141 1.7148 3.8278 -10.4938 1.1258 53.3325 1.5870 0.1606
