Pedestrian -1 -1 2.1770 676.0685 153.8482 698.1099 196.9238 1.8935 0.5747 0.8921 3.4069 1.0584 32.2395 2.2810 0.3227
Car -1 -1 -1.8057 707.3275 172.6889 827.4565 253.8913 1.4705 1.5686 3.6180 3.0522 1.4679 14.9009 -1.6084 0.9684
Car -1 -1 1.8320 365.8920 179.5988 454.8124 240.0151 1.5726 1.5791 3.7174 -5.7590 1.7872 21.0552 1.5676 0.9560
Car -1 -1 -2.0673 816.7645 181.7394 1242.0000 375.0000 1.4418 1.5710 3.9995 3.1852 1.5446 6.2783 -1.6177 0.9300
Car -1 -1 2.2810 0.0000 202.2100 209.2528 375.0000 1.4481 1.5298 3.8451 -5.5002 1.7895 6.4395 1.5943 0.8995
Car -1 -1 0.5230 66.6024 176.7070 215.1500 223.5491 1.4131 1.5109 3.6656 -14.7483 1.5394 22.7435 -0.0471 0.8964
Car -1 -1 1.7685 422.4852 180.6485 483.3575 223.5702 1.4117 1.4907 3.4899 -5.6570 1.7132 26.1212 1.5568 0.8624
Car -1 -1 -1.7990 687.3760 172.1304 767.5024 229.8900 1.4910 1.4889 3.3126 3.1736 1.4727 20.3309 -1.6471 0.8611
Car -1 -1 0.7799 184.2673 183.9677 283.9346 220.7144 1.4203 1.4889 3.6865 -15.6121 1.9007 29.9063 0.3021 0.3286
Car -1 -1 -1.7711 675.9383 172.7141 741.7515 217.4226 1.4644 1.5611 3.8009 3.3768 1.4602 25.5821 -1.6419 0.3284
Car -1 -1 1.9399 378.7472 174.2681 420.9127 197.1605 1.4530 1.4951 3.5729 -13.9239 1.5508 47.8664 1.6580 0.2982
