Car -1 -1 1.9286 242.1562 178.6891 399.1172 270.4929 1.6954 1.7501 4.2501 -6.1259 1.8402 15.7256 1.5622 0.9477
Car -1 -1 -2.1101 808.4370 174.8124 1242.0000 375.0000 1.5551 1.6287 3.9643 2.9002 1.5756 5.3757 -1.6392 0.9326
Car -1 -1 2.2438 0.0000 206.8399 215.2459 375.0000 1.4405 1.5883 4.0043 -6.0835 1.8906 7.5340 1.5815 0.9033
Car -1 -1 -0.0406 1019.0270 147.8198 1198.1499 204.5206 1.6099 1.7040 4.4259 15.2119 0.8995 22.3679 0.5505 0.8899
Car -1 -1 1.8432 357.0066 185.3602 447.2023 240.6373 1.4723 1.5938 4.1516 -6.3233 1.8941 22.2333 1.5687 0.8797
Car -1 -1 1.6281 527.1230 179.3081 560.3442 207.5348 1.5100 1.6759 4.1711 -3.8136 1.9021 41.6761 1.5369 0.8297
Car -1 -1 1.7840 443.4914 182.4313 492.0944 215.5827 1.3887 1.4509 3.6250 -6.5043 1.8528 33.1050 1.5910 0.7424
Car -1 -1 -1.4794 498.2692 180.7215 527.1257 205.4694 1.5339 1.5673 3.6481 -6.4338 2.0752 47.7541 -1.6131 0.6404
Car -1 -1 -1.5361 635.4152 174.3884 657.9100 195.5190 1.5381 1.5813 3.6488 2.7792 1.6588 54.6773 -1.4860 0.5131
Car -1 -1 1.4685 553.9103 174.4034 579.5276 196.3475 1.6149 1.5590 4.0105 -3.3881 1.7390 55.4988 1.4075 0.4489
