Pedestrian -1 -1 1.7274 359.3997 133.9882 425.6774 289.0678 1.8224 0.6462 0.9636 -2.7427 1.3660 8.9964 1.4388 0.2508
Pedestrian -1 -1 2.2250 46.2451 150.5567 79.6188 209.4590 1.8551 0.6243 0.5798 -17.4907 1.1532 23.0144 1.5806 0.1838
Pedestrian -1 -1 -0.4681 966.7947 157.5257 987.2062 193.8813 1.8511 0.6162 0.7338 18.8016 1.0710 37.0438 -0.0018 0.1412
Pedestrian -1 -1 1.9015 97.6748 140.2534 132.0767 199.3199 1.8067 0.6110 0.9498 -15.5477 0.8099 22.6063 1.3045 0.1123
Pedestrian -1 -1 1.1351 944.9434 136.5175 966.1678 182.9993 1.9593 0.6298 0.5736 14.6590 0.4280 30.7006 1.5768 0.1058
Cyclist -1 -1 -3.0372 1012.9508 172.8347 1048.8816 205.5953 1.7483 0.6441 1.6317 22.8528 1.7476 39.2426 -2.5136 0.1171
Car -1 -1 0.7216 25.6409 182.4612 252.7197 258.3507 1.4939 1.6723 4.0307 -10.1625 1.7174 15.6199 0.1523 0.9829
Car -1 -1 -0.3559 886.9448 175.5267 1220.4031 277.2094 1.5619 1.7477 4.5505 7.2767 1.6127 12.3800 0.1644 0.9714
Car -1 -1 2.0947 23.9241 175.1279 84.3459 200.1224 1.6345 1.6482 3.6973 -38.0640 1.7968 49.4730 1.4413 0.2374
Car -1 -1 0.5985 233.5603 171.4204 283.6252 188.5950 1.5660 1.6080 3.9553 -32.5723 1.4357 66.8743 0.1467 0.1294
Car -1 -1 0.7657 18.3558 157.6311 170.6649 206.7913 1.4685 1.5579 3.9039 -16.1541 1.0141 22.6144 0.1509 0.1235
Car -1 -1 1.5692 920.0003 165.4563 972.0272 208.5276 1.3996 1.5533 3.7261 11.7833 1.1595 25.4605 1.9980 0.1204
