Pedestrian -1 -1 -1.6599 798.9633 188.2355 836.0428 271.8208 1.6100 0.5749 1.7584 4.2832 1.9528 15.1487 -1.3905 0.1425
Cyclist -1 -1 1.4613 798.6371 189.5685 837.2733 270.7440 1.5611 0.5792 1.6798 4.2813 1.9318 15.1090 1.7311 0.7344
Car -1 -1 -1.7246 669.8762 179.6779 764.6860 255.4074 1.6220 1.6951 3.7814 2.4601 1.8078 17.7013 -1.5898 0.9545
Car -1 -1 1.7251 443.3139 191.9151 533.1526 265.2693 1.4744 1.5701 3.5752 -2.8451 1.9772 17.2255 1.5629 0.9422
Car -1 -1 -1.6868 645.1523 180.9925 702.1711 228.4507 1.6206 1.6624 4.2012 2.3012 1.9551 27.4942 -1.6050 0.8803
Car -1 -1 0.9821 915.0488 174.1100 1242.0000 375.0000 1.5064 1.6223 3.7329 2.6907 1.5154 3.0425 1.6588 0.8514
Car -1 -1 -1.6778 660.0616 190.3319 722.0463 244.8377 1.4765 1.5271 3.3821 2.3891 2.0587 22.3225 -1.5735 0.8155
Car -1 -1 2.2859 0.0000 204.5929 299.2216 375.0000 1.4919 1.5958 3.6793 -2.8032 1.6965 2.7793 1.5429 0.8145
Car -1 -1 1.6446 534.9054 185.9087 568.3207 215.7995 1.5621 1.6236 4.0577 -3.3472 2.3505 41.5173 1.5640 0.6195
Car -1 -1 -1.6863 638.1301 176.7274 675.8546 210.7067 1.8424 1.7053 4.0347 2.6268 2.0774 41.6486 -1.6243 0.4401
