Car -1 -1 -1.3518 382.2195 175.8318 480.9641 249.6182 1.6623 1.6251 3.6883 -4.3418 1.4520 18.0466 -1.5849 0.9671
Car -1 -1 -1.6197 581.3071 172.2023 653.7028 235.0398 1.4743 1.6819 3.3710 0.1237 1.1701 18.5820 -1.6136 0.9606
Car -1 -1 -1.1019 0.0000 178.4807 372.9058 376.0000 1.5639 1.5947 4.0926 -3.7375 1.5200 6.8629 -1.5845 0.9484
Car -1 -1 -1.3787 463.3587 179.7636 517.3062 217.7002 1.4665 1.5261 3.6254 -4.8087 1.2568 29.6204 -1.5386 0.9143
Car -1 -1 -1.0965 208.6624 184.7872 348.9972 245.9976 1.4556 1.6048 4.2975 -8.6642 1.4465 19.2813 -1.5139 0.7801
Car -1 -1 1.9399 291.6742 174.9823 357.9777 209.3256 1.5084 1.5722 3.8844 -13.1360 1.0601 33.5139 1.5688 0.5879
Car -1 -1 -0.9268 208.1687 180.6831 313.8477 222.7887 1.4184 1.5110 3.7482 -12.5547 1.2668 26.1991 -1.3699 0.5373
Car -1 -1 -1.3445 496.6904 177.0185 543.0421 206.6990 1.4750 1.5912 3.8431 -4.5833 1.0688 37.7161 -1.4649 0.5116
Car -1 -1 1.8911 178.3730 182.5302 223.6057 204.7504 1.5439 1.6642 4.0249 -29.4234 1.3585 52.0794 1.3787 0.3966
Car -1 -1 -1.5954 398.9455 179.6088 437.0482 214.2482 1.5097 1.6138 3.6000 -8.8595 1.2664 33.2791 -1.8539 0.3579
