Pedestrian -1 -1 1.0591 410.1527 169.5843 442.5765 231.3902 1.8447 0.7302 0.6589 -5.6519 1.7475 22.0236 0.8102 0.4709
Pedestrian -1 -1 -0.0064 720.0132 191.2286 739.5208 237.4471 1.7140 0.7307 0.7239 4.5176 2.4254 27.5026 0.1538 0.4217
Pedestrian -1 -1 -3.3810 856.8560 193.6390 880.0728 234.3729 1.7625 0.7971 0.8029 11.4521 2.7002 32.0991 -3.0421 0.2800
Pedestrian -1 -1 -1.1285 706.7737 189.1157 727.9592 231.1864 1.8186 0.6970 0.7061 4.7308 2.5523 32.0502 -0.9841 0.1862
Pedestrian -1 -1 2.3120 366.2687 195.8785 448.3123 282.8733 1.6706 0.6361 1.7818 -4.3094 2.1888 15.2882 2.0408 0.1167
Cyclist -1 -1 2.3120 366.2687 195.8785 448.3123 282.8733 1.6706 0.6361 1.7818 -4.3094 2.1888 15.2882 2.0408 0.2359
Car -1 -1 1.6663 536.1255 198.6066 581.4084 237.5194 1.5468 1.7140 4.1148 -2.3549 2.8173 33.5074 1.5958 0.9228
Car -1 -1 -1.5878 667.3313 193.0474 692.2676 216.9415 1.5610 1.7218 3.5968 4.9836 3.0725 52.1358 -1.4938 0.7739
Car -1 -1 2.1705 0.0000 99.1669 396.7785 375.0000 2.0923 1.9003 5.1207 -4.0037 1.6556 6.9126 1.6614 0.3502
Car -1 -1 2.4651 219.0311 191.7617 440.6678 281.0978 1.4278 1.6373 4.0217 -5.5138 1.8667 14.5841 2.1090 0.3485
Car -1 -1 -0.9796 1115.5294 171.1083 1242.0000 258.3941 1.7467 1.7040 3.9723 13.3575 1.7122 15.8175 -0.2881 0.2791
Car -1 -1 1.4716 692.5128 181.8268 726.3222 209.9837 1.5017 1.5660 3.5494 5.6317 2.0396 41.4269 1.6052 0.1690
