Pedestrian -1 -1 -2.1735 1197.8702 158.4563 1242.0000 229.0374 1.8478 0.7896 0.8907 16.4768 1.4712 19.3676 -1.4765 0.1600
Cyclist -1 -1 -2.0540 956.8195 172.8288 983.2053 210.6780 1.7084 0.4440 1.4859 16.5705 1.7076 33.3140 -1.5964 0.1469
Car -1 -1 1.5766 594.1162 173.6086 616.2167 194.6216 1.5827 1.6691 4.0283 -0.3946 1.6443 56.5038 1.5693 0.7122
Car -1 -1 1.7569 331.4096 183.7842 375.6234 214.5318 1.5907 1.6374 4.0554 -14.5332 2.2439 40.9675 1.4177 0.5596
Car -1 -1 1.8669 369.9857 175.6178 407.1465 200.5569 2.0244 1.7196 4.7217 -18.8215 2.2692 61.4522 1.5706 0.3835
Car -1 -1 1.8001 430.0867 178.3285 457.5562 196.6917 1.5792 1.5584 3.9671 -15.0036 2.0895 65.2189 1.5745 0.2746
Car -1 -1 -1.8583 831.8174 151.8728 875.7943 178.4822 1.7008 1.7082 3.9749 16.1732 0.3601 48.1332 -1.5360 0.2542
Car -1 -1 -3.2247 964.8318 176.0253 1044.7786 205.2928 1.4976 1.5189 3.6350 21.0346 1.6741 38.6501 -2.7299 0.2006
Car -1 -1 0.6215 829.2361 152.8820 898.1400 183.0667 2.1084 1.8229 4.5361 18.4650 0.7137 52.7741 0.9562 0.1795
Car -1 -1 1.9109 329.1286 162.6564 368.7215 193.3560 2.0850 1.6215 3.2416 -18.3036 1.3928 50.6265 1.5654 0.1576
