Pedestrian -1 -1 -2.2776 1083.2549 139.5652 1221.2527 309.8139 1.6332 0.7888 0.8044 5.4391 1.3142 7.3548 -1.6602 0.5945
Pedestrian -1 -1 -1.6991 686.9547 168.3212 701.9566 202.5102 1.7778 0.6741 0.8834 4.4028 1.5425 37.9639 -1.5850 0.4494
Pedestrian -1 -1 1.9738 853.7944 161.5453 887.8751 219.1480 1.7190 0.6993 0.8707 7.9411 1.3819 22.0872 2.3142 0.4335
Pedestrian -1 -1 2.9744 708.2604 171.0327 722.8120 199.2679 1.8211 0.5068 0.8606 6.8118 1.7040 46.7992 3.1176 0.3406
Pedestrian -1 -1 -3.1881 753.6311 168.3142 768.2064 196.8910 1.8030 0.5553 0.8804 9.5586 1.5170 45.8655 -2.9843 0.2419
Pedestrian -1 -1 -1.4861 681.3538 173.4597 691.4843 196.3339 1.6637 0.6399 1.2710 5.6111 1.7093 53.1971 -1.3820 0.1987
Cyclist -1 -1 -1.8337 718.1453 160.5459 749.1176 218.5566 1.7945 0.5173 1.8261 3.9199 1.4141 23.2517 -1.6694 0.7821
Cyclist -1 -1 1.7925 847.7404 158.6082 877.2557 216.9262 1.7363 0.6365 1.0864 7.6978 1.3126 22.1096 2.1230 0.1399
Cyclist -1 -1 -1.6991 686.9547 168.3212 701.9566 202.5102 1.7778 0.6741 0.8834 4.4028 1.5425 37.9639 -1.5850 0.1060
Car -1 -1 -1.3875 676.5969 169.9914 707.6578 193.5489 1.7165 1.6331 4.0682 6.2432 1.5083 54.7566 -1.2750 0.1761
