Car -1 -1 -1.7696 688.5701 182.5372 799.9836 260.3077 1.4428 1.6220 3.7970 2.7433 1.6809 15.7849 -1.6017 0.9782
Car -1 -1 0.5134 155.4530 170.7767 406.2544 261.9170 1.6770 1.6728 4.2608 -6.4702 1.6392 14.3090 0.0952 0.9663
Car -1 -1 -1.6854 655.2637 175.3129 712.3846 224.3956 1.6610 1.6490 3.6978 2.5918 1.7579 26.4654 -1.5895 0.9610
Car -1 -1 3.4208 279.8472 166.3552 454.7475 233.9282 1.6954 1.7074 4.0575 -6.3380 1.5327 19.0319 3.1030 0.9328
Car -1 -1 -2.3723 0.0000 168.9560 190.1510 361.9311 1.5233 1.6746 3.9702 -6.3464 1.4929 6.5729 -3.1199 0.8580
Car -1 -1 -2.4340 0.0000 174.2250 245.8843 303.3417 1.4751 1.6694 3.9499 -7.0903 1.4948 9.2242 -3.0756 0.8076
Car -1 -1 -2.2282 899.2322 190.9367 1242.0000 375.0000 1.5202 1.5854 3.7428 2.9133 1.6560 3.5259 -1.5789 0.7914
Car -1 -1 3.3359 385.6346 171.6249 499.2728 218.9844 1.6896 1.6903 3.8323 -6.1599 1.6461 26.6437 3.1104 0.7339
Car -1 -1 -1.7128 636.0645 173.3803 673.0461 203.1953 1.6539 1.6367 3.6441 2.5130 1.6863 41.9729 -1.6539 0.7317
Car -1 -1 0.2515 367.2513 183.4235 489.3449 228.7028 1.4465 1.5503 3.7023 -6.0769 1.8131 24.2055 0.0076 0.6710
Car -1 -1 -1.6671 649.1100 177.5462 693.5092 214.2772 1.5271 1.6040 3.9017 2.6588 1.7513 32.4605 -1.5867 0.5571
