Pedestrian -1 -1 1.7184 556.1588 160.3149 605.2689 265.3528 1.8594 0.7796 0.9532 -0.4075 1.4856 13.2304 1.6826 0.8515
Pedestrian -1 -1 -3.2370 800.2736 152.3498 888.1021 293.8237 1.7279 0.6254 0.9967 3.0319 1.3732 9.1804 -2.9320 0.7694
Pedestrian -1 -1 -2.0558 896.2809 147.8719 1039.1155 371.8297 1.5737 0.6344 0.8431 2.7045 1.3388 5.4821 -1.6219 0.7570
Pedestrian -1 -1 2.9098 593.0435 160.9289 629.3270 242.9232 1.8283 0.6533 0.6929 0.1808 1.3708 16.4105 2.9152 0.7525
Pedestrian -1 -1 -1.7259 704.6226 161.8464 723.6533 204.4813 1.7687 0.6681 0.8059 4.7179 0.9544 30.2026 -1.5773 0.5680
Pedestrian -1 -1 -1.2670 708.1561 163.8404 733.9950 211.9561 1.7218 0.7332 0.7863 4.3488 1.0909 26.2173 -1.1093 0.5144
Pedestrian -1 -1 -1.7876 758.6916 159.9423 780.7566 203.8964 1.7119 0.6786 0.8377 6.6282 0.8733 28.3957 -1.5653 0.4620
Pedestrian -1 -1 2.7156 596.0163 169.5713 638.9973 245.2759 1.7835 0.5559 0.8864 0.3515 1.5036 17.3520 2.7301 0.3501
Pedestrian -1 -1 1.0641 66.6249 134.9671 179.3647 279.5508 1.8032 0.5495 1.5924 -6.4294 1.2242 9.5671 0.4796 0.1457
Cyclist -1 -1 -1.4785 544.8834 174.0011 572.6447 244.0968 1.6712 0.5408 1.8514 -1.0885 1.4936 18.0567 -1.5433 0.7675
Cyclist -1 -1 1.4196 867.9208 174.2653 924.2090 281.6999 1.6996 0.6074 1.7067 4.9527 1.5865 12.2606 1.7905 0.6285
Cyclist -1 -1 1.0498 68.9673 135.7654 193.8071 285.6764 1.8621 0.5422 1.8621 -6.3357 1.2953 9.5854 0.4728 0.5282
Cyclist -1 -1 -0.6076 0.0205 133.0155 114.3288 233.4207 1.8007 0.4852 1.7946 -10.4422 0.9324 13.8084 -1.2510 0.3140
Cyclist -1 -1 -0.2997 285.1564 186.4414 369.8429 254.9717 1.6671 0.5878 1.9437 -7.0375 1.8007 18.4223 -0.6654 0.2764
Cyclist -1 -1 -3.2611 797.6607 151.4842 890.0303 293.9767 1.7429 0.6234 1.0413 3.0284 1.3771 9.1856 -2.9566 0.1492
Car -1 -1 1.8407 381.8462 138.5710 553.1333 263.9961 1.9163 1.9079 4.7040 -2.2731 1.2617 13.4075 1.6705 0.8892
Car -1 -1 -1.4219 518.5115 142.0605 591.9709 196.4799 1.4503 1.6310 3.6592 -1.2921 0.4004 21.0332 -1.4873 0.4622
