Pedestrian -1 -1 -1.3580 678.8043 174.9544 702.0101 221.4087 1.7528 0.7711 0.6293 3.0449 1.8350 27.6809 -1.2503 0.2187
Pedestrian -1 -1 -1.3929 395.6044 157.9481 430.2709 230.8961 1.7602 0.6706 0.9605 -4.9304 1.4009 17.9155 -1.6582 0.1943
Pedestrian -1 -1 -2.8839 667.6970 170.2570 686.5834 209.7026 1.7846 0.6114 0.7311 3.0383 1.6675 33.0529 -2.7936 0.1836
Cyclist -1 -1 -1.8380 782.7397 160.0663 823.4080 226.9222 1.7981 0.6024 1.9496 5.3800 1.4546 20.3823 -1.5841 0.9189
Car -1 -1 -1.6100 585.2319 173.7903 649.0728 238.4464 1.7808 1.7544 4.6870 0.0728 1.8132 22.3128 -1.6076 0.9350
Car -1 -1 -2.7285 218.7088 161.5444 456.5388 242.7236 1.5062 1.7002 4.0925 -5.3537 1.2967 14.3593 -3.0798 0.3988
Car -1 -1 1.3927 581.0425 171.2975 611.8555 194.7078 1.6270 1.5866 3.7086 -1.0424 1.5192 52.1189 1.3725 0.3344
Car -1 -1 -1.6303 603.7703 182.5849 648.5140 222.8795 1.5008 1.5984 4.0108 0.5661 1.9318 29.8925 -1.6123 0.2470
Car -1 -1 -2.7107 485.0836 174.8444 566.2323 207.5041 1.5361 1.6290 3.6073 -4.1675 1.6378 35.4272 -2.8274 0.2271
Car -1 -1 -1.6094 520.8450 178.3143 544.8104 201.4780 1.5814 1.5767 3.5403 -5.6176 1.9894 52.0030 -1.7169 0.2013
