Pedestrian -1 -1 -2.8575 740.6824 173.9141 768.4550 219.4942 1.7315 0.6223 0.9176 5.5525 1.7736 27.9172 -2.6639 0.2801
Car -1 -1 1.6875 482.4610 182.2139 556.3062 241.0132 1.5177 1.6682 4.4738 -2.6419 1.8270 21.5748 1.5664 0.9572
Car -1 -1 1.3965 672.5394 188.5868 775.0559 263.0025 1.4808 1.6823 4.1589 2.5420 1.9055 17.3511 1.5384 0.9389
Car -1 -1 -2.0824 836.3795 202.9633 1242.0000 375.0000 1.4540 1.5979 3.8170 2.6578 1.7126 4.2649 -1.5571 0.8802
Car -1 -1 1.6061 547.2040 184.7750 578.5157 217.0124 1.5061 1.4725 3.2663 -2.3919 2.1382 36.5841 1.5407 0.8013
Car -1 -1 -1.6202 648.6710 185.0951 684.3357 216.5760 1.4705 1.6290 3.7131 2.8170 2.1311 37.0375 -1.5455 0.7380
Car -1 -1 1.4241 562.3151 184.5479 588.1734 205.0729 1.6219 1.6410 3.8984 -3.0137 2.6518 61.4469 1.3748 0.2853
Car -1 -1 1.4987 635.9933 175.1257 658.5721 194.3997 1.5708 1.6215 4.0320 3.1147 1.7706 61.3140 1.5488 0.2699
Car -1 -1 -1.7572 667.1401 181.9609 736.1671 233.0023 1.5067 1.5828 3.6790 2.9006 1.8321 23.8597 -1.6385 0.2680
Car -1 -1 -1.8488 624.7332 179.6936 670.4875 209.0702 1.5960 1.6285 4.0175 2.1167 2.0179 42.3349 -1.7998 0.2436
