Pedestrian -1 -1 -1.6108 518.2146 166.7146 543.4882 214.8248 1.7073 0.8680 0.9507 -2.5862 1.1837 26.0217 -1.7139 0.7441
Pedestrian -1 -1 -0.7585 291.3063 167.5714 356.0121 277.2029 1.7552 0.6407 0.7816 -4.6694 1.5335 11.9882 -1.1282 0.3956
Pedestrian -1 -1 2.1808 1194.6177 117.8828 1238.0000 244.6335 1.7341 0.4672 0.6671 8.8259 0.8650 10.1370 2.8794 0.2967
Pedestrian -1 -1 1.9468 286.9830 170.2655 332.1503 270.4611 1.7260 0.5022 0.7548 -5.2114 1.5337 12.7515 1.5604 0.2631
Pedestrian -1 -1 -2.8569 419.2645 186.1365 505.0072 288.0526 1.6224 0.6437 1.2598 -2.3239 1.7026 11.8433 -3.0523 0.2504
Pedestrian -1 -1 -1.8934 711.1131 174.8605 742.9849 239.8867 1.7432 0.6285 0.8167 3.4078 1.5664 19.7075 -1.7297 0.1820
Pedestrian -1 -1 2.2213 430.0190 179.8972 483.9921 278.5079 1.7250 0.6477 0.7371 -2.6550 1.6982 13.0353 2.0185 0.1599
Cyclist -1 -1 -1.8658 637.4922 170.8462 656.1577 204.4393 1.6119 0.4134 1.7541 2.2161 1.1016 35.3655 -1.8087 0.2967
Cyclist -1 -1 -2.8514 390.1267 184.1536 494.0931 289.3419 1.6873 0.6086 1.5741 -2.6634 1.7339 11.8958 -3.0729 0.2859
Cyclist -1 -1 -1.3363 693.5204 158.7779 712.6716 195.8907 1.7487 0.5201 1.8268 4.9249 0.6790 34.7894 -1.2016 0.1833
Car -1 -1 -1.9432 748.8934 128.4846 1013.2958 310.2631 1.7546 1.6058 3.8311 3.0703 1.2443 8.8875 -1.6251 0.9710
Car -1 -1 -1.7095 651.4796 179.1704 704.6404 220.9204 1.4980 1.5392 3.3651 2.8513 1.4155 27.4843 -1.6123 0.2585
Car -1 -1 -1.2427 522.4882 176.0414 570.2668 207.5177 1.4517 1.5337 2.6492 -2.6251 1.2009 34.6004 -1.3230 0.2499
Car -1 -1 -1.5787 660.4516 168.1864 688.6346 195.4015 1.4963 1.5441 3.3211 4.1675 0.7651 41.2124 -1.4835 0.1965
Car -1 -1 2.9706 477.2703 172.3732 539.9705 195.7086 1.5341 1.6640 3.9786 -6.2790 0.9348 48.6118 2.8379 0.1763
