Pedestrian -1 -1 1.6440 798.1372 167.9478 818.7130 216.9787 1.8317 0.6933 0.9535 7.5296 1.6487 27.5165 1.9078 0.6195
Pedestrian -1 -1 -2.6574 987.6074 167.1305 1053.7894 247.7547 1.8110 0.5296 1.2393 9.5363 1.6828 16.8682 -2.1510 0.4130
Pedestrian -1 -1 -0.8311 1170.3409 160.7197 1242.0000 373.2553 1.7393 0.5729 0.6947 5.3550 1.6404 6.2358 -0.1455 0.3385
Pedestrian -1 -1 -1.4842 1041.2458 141.0977 1059.6616 184.9842 1.9479 0.6573 0.6431 19.7870 0.5387 32.4758 -0.9410 0.2392
Pedestrian -1 -1 -2.0377 1190.8597 135.4488 1214.9100 179.6505 1.9831 0.6687 0.5420 26.8305 0.3053 32.7052 -1.3550 0.2110
Pedestrian -1 -1 -2.8421 784.5690 182.3827 809.0378 216.9118 1.7313 0.7091 1.0563 9.5621 2.2290 37.0734 -2.5923 0.1884
Cyclist -1 -1 -2.1405 760.0560 178.2327 782.2871 207.7161 1.6273 0.4096 1.6364 9.1056 1.9393 40.9654 -1.9238 0.2333
Cyclist -1 -1 -2.2479 783.6602 182.3233 808.8589 216.6038 1.7154 0.6354 1.2115 9.5496 2.2125 37.1630 -1.9989 0.2062
Cyclist -1 -1 -1.7073 1193.1793 116.6158 1242.0000 250.5926 1.7644 0.4963 1.7961 8.8130 1.0242 10.3943 -1.0179 0.1785
Cyclist -1 -1 1.5447 799.0616 167.3190 818.1475 216.3901 1.8347 0.6722 0.9384 7.5227 1.6281 27.5098 1.8084 0.1108
Car -1 -1 1.6547 597.3833 174.1126 628.5023 200.4244 1.5813 1.6519 3.8305 0.1932 1.6645 45.5300 1.6585 0.6956
Car -1 -1 1.8309 413.3112 176.7736 478.6025 217.2202 1.5157 1.5915 4.1202 -6.6648 1.6879 29.5318 1.6104 0.6515
Car -1 -1 -1.1422 144.7265 192.2015 345.9364 289.0197 1.4287 1.6831 4.3724 -6.6827 1.8562 13.7249 -1.5883 0.3478
Car -1 -1 2.1857 0.0000 188.6165 108.8862 246.0084 1.3552 1.5018 3.6666 -15.8459 1.8319 19.9306 1.5204 0.1930
Car -1 -1 1.8354 402.2973 182.7562 445.3444 209.8478 1.6181 1.6782 4.1035 -12.0120 2.2872 46.6641 1.5844 0.1864
Car -1 -1 1.9128 309.3057 182.8491 418.3747 243.8971 1.4512 1.5896 3.8969 -6.6431 1.7525 19.7571 1.5919 0.1780
