Pedestrian -1 -1 1.8298 1031.5332 135.2991 1078.3334 224.9706 1.8008 0.6529 0.7964 9.2012 1.0470 14.9986 2.3712 0.4808
Cyclist -1 -1 1.6261 1036.1594 133.4416 1075.3330 224.6644 1.8219 0.6518 0.9181 9.2046 1.0351 14.9704 2.1685 0.1002
Car -1 -1 3.5343 151.5935 175.5341 409.7706 265.5765 1.6614 1.7672 4.3082 -6.4112 1.7183 14.2974 3.1192 0.9582
Car -1 -1 3.3422 291.3796 165.1156 471.0334 234.8005 1.7574 1.8013 4.3036 -6.0314 1.5626 19.3019 3.0428 0.9213
Car -1 -1 2.4741 928.1627 158.7467 1242.0000 313.0732 1.5894 1.6738 4.3822 6.1884 1.4444 8.3694 3.0935 0.9168
Car -1 -1 -2.3642 0.0000 187.8754 156.1838 355.8271 1.4359 1.6099 3.9421 -7.0288 1.6029 7.1607 -3.1217 0.8554
Car -1 -1 -2.7378 423.2253 182.8522 505.0611 215.1795 1.4792 1.5590 3.5457 -7.0576 1.9779 34.8327 -2.9367 0.6843
Car -1 -1 1.6737 630.0942 174.2873 657.3629 197.6745 1.6451 1.6134 3.9223 2.4876 1.7550 53.0636 1.7198 0.4258
Car -1 -1 -2.8976 442.2560 178.2893 526.2899 207.4240 1.4540 1.6223 4.0091 -6.5013 1.7427 37.3172 -3.0694 0.3952
Car -1 -1 -1.0707 1023.9636 159.8776 1242.0000 254.7285 1.4863 1.5615 3.7774 9.2783 1.2833 12.8359 -0.4560 0.2948
Car -1 -1 1.3838 664.2902 181.5233 734.2166 229.5794 1.4737 1.6472 4.0376 2.9466 1.7987 24.9444 1.4992 0.2840
