Pedestrian -1 -1 1.9003 742.4832 162.8724 764.0230 210.0224 1.7445 0.6231 0.6383 5.3445 1.3756 27.1254 2.0923 0.6303
Pedestrian -1 -1 -1.7835 953.5327 152.0600 973.8632 199.1631 1.8359 0.5997 0.6241 13.9217 1.0258 28.4946 -1.3333 0.2403
Pedestrian -1 -1 -1.6604 688.3438 165.8999 699.5274 190.4315 1.7153 0.7020 0.9259 5.8913 1.2294 50.9197 -1.5462 0.1820
Pedestrian -1 -1 -0.7260 1207.1401 137.1313 1242.0000 211.3100 1.8906 0.5473 0.9518 16.1053 0.9805 18.6708 -0.0221 0.1638
Pedestrian -1 -1 2.2501 233.7693 173.8619 275.9530 217.7556 1.7891 0.5108 1.9056 -14.9989 1.8334 30.4385 1.7954 0.1189
Cyclist -1 -1 2.1804 233.8422 174.8124 274.2292 218.4255 1.7709 0.5001 1.9433 -15.0059 1.8564 30.3827 1.7249 0.5272
Car -1 -1 1.8708 404.7006 179.5022 454.9597 206.6883 1.5273 1.7812 4.2349 -10.8883 1.9508 43.7576 1.6280 0.8599
Car -1 -1 2.2838 0.0000 188.5891 109.9926 277.6229 1.4663 1.6083 3.9742 -12.3694 1.8285 14.5896 1.5895 0.8031
Car -1 -1 -1.6969 593.7682 173.4746 627.2258 198.4211 1.5195 1.6358 4.0346 -0.0438 1.5614 46.1570 -1.6983 0.7089
Car -1 -1 1.7905 459.4871 170.1775 504.8393 201.3472 1.5892 1.6183 3.7296 -6.8333 1.4531 38.6854 1.6165 0.2037
Car -1 -1 -1.6169 1090.8103 160.1112 1134.7024 194.0974 1.6599 1.6738 3.5193 25.8079 1.0379 37.1736 -1.0140 0.1907
Car -1 -1 -0.9834 968.0904 159.5044 1036.0704 191.1078 1.7109 1.6019 3.6781 22.0517 0.9885 40.6293 -0.4893 0.1652
