Pedestrian -1 -1 0.5712 188.1819 139.6865 306.8248 302.1540 1.9097 0.6715 1.1204 -4.4303 1.4316 8.7045 0.1169 0.6871
Pedestrian -1 -1 0.2594 252.5353 170.9921 305.8616 262.2889 1.7177 0.6916 0.7848 -6.3439 1.5405 13.7030 -0.1637 0.1516
Pedestrian -1 -1 1.9641 651.8815 170.0191 712.6420 268.2600 1.7534 0.8046 1.0240 1.4169 1.5679 13.2562 2.0697 0.1323
Pedestrian -1 -1 -3.2036 811.1157 179.4473 859.5590 269.3391 1.7396 0.5791 0.8770 4.5283 1.7209 14.0653 -2.8972 0.1235
Pedestrian -1 -1 -1.2426 838.2007 174.7884 880.9114 246.1676 1.7340 0.7712 0.8781 6.3599 1.5969 17.7552 -0.9028 0.1229
Pedestrian -1 -1 -2.2534 1134.8748 212.0716 1224.0000 370.0000 1.5097 0.5764 0.5685 4.3732 1.7581 5.2315 -1.5850 0.1142
Cyclist -1 -1 -1.2399 250.4491 174.4171 309.4468 264.5669 1.6636 0.6607 1.2507 -6.3139 1.5530 13.6954 -1.6614 0.1080
Cyclist -1 -1 1.8943 652.9664 171.3759 708.4051 269.8452 1.7517 0.7450 1.0251 1.3818 1.5911 13.1941 1.9977 0.1039
Car -1 -1 3.1976 460.5805 195.7053 650.9051 262.0460 1.4339 1.6089 4.2186 -1.1379 1.8078 16.4816 3.1315 0.2640
Car -1 -1 -2.1359 596.3505 142.9026 684.9404 191.8699 1.9136 1.6986 4.2941 1.3960 0.4458 29.9124 -2.0877 0.2040
Car -1 -1 -2.4413 786.4008 143.4174 865.3591 182.0763 2.3073 1.7937 4.7055 13.8668 0.0954 44.6589 -2.1404 0.1264
