Pedestrian -1 -1 -3.2680 718.1127 202.6698 744.1349 252.1653 1.7430 0.7425 0.8436 4.3574 2.8444 26.2571 -3.1066 0.5813
Pedestrian -1 -1 1.5760 808.3949 168.2652 845.4545 256.1349 1.8538 0.7539 1.1038 4.7122 1.7573 15.8556 1.8589 0.3272
Pedestrian -1 -1 1.8413 389.8444 177.5030 422.7682 240.6090 1.7431 0.6427 1.0560 -5.8330 1.8792 20.5345 1.5673 0.3009
Pedestrian -1 -1 1.3594 1214.9272 178.9517 1242.0000 259.5962 1.8143 0.6360 0.8658 14.5941 1.9615 16.8420 2.0641 0.2635
Pedestrian -1 -1 -1.6644 867.3177 191.8227 886.8503 234.1962 1.7590 0.7085 0.7835 11.3687 2.5825 30.8380 -1.3152 0.2173
Pedestrian -1 -1 1.7089 704.6367 189.2671 722.5028 232.1037 1.7799 0.6506 0.8317 4.3902 2.4930 30.8414 1.8480 0.2077
Pedestrian -1 -1 -1.5201 368.1825 198.7650 407.4375 287.6703 1.5931 0.6643 1.2596 -4.3511 2.1219 14.0214 -1.8166 0.1919
Pedestrian -1 -1 1.9053 696.0978 178.3351 713.6317 210.9659 1.7087 0.6118 1.0805 5.0443 2.0070 38.6075 2.0336 0.1911
Cyclist -1 -1 1.9018 384.7732 177.2778 424.2595 239.2435 1.6785 0.5616 1.6854 -5.8696 1.8099 20.5211 1.6260 0.3709
Cyclist -1 -1 2.0758 353.9644 195.2152 423.1985 287.7929 1.6426 0.5618 1.6480 -4.3376 2.1063 14.0819 1.7813 0.2604
Cyclist -1 -1 1.5659 805.7371 169.2567 843.9232 256.8368 1.8606 0.7829 1.0123 4.6798 1.7845 15.9193 1.8459 0.1212
Cyclist -1 -1 -3.2254 717.7385 201.9662 744.1019 252.6057 1.7811 0.7506 0.8826 4.3488 2.8573 26.2527 -3.0642 0.1158
Car -1 -1 1.6932 525.6785 198.1830 572.3853 238.4377 1.5459 1.6264 3.6224 -2.6756 2.7296 31.8654 1.6093 0.9170
Car -1 -1 -0.0319 680.1336 173.6830 731.9044 196.0908 1.6104 1.6328 3.7082 6.9799 1.6727 52.9194 0.0981 0.5863
Car -1 -1 -0.7742 154.7043 182.8077 414.7265 308.0658 1.8027 1.6708 4.3163 -5.6413 2.0153 13.0629 -1.1752 0.3811
Car -1 -1 -1.6326 660.4606 195.7782 687.6796 220.6342 1.5699 1.6767 3.6277 4.4465 3.2422 50.7860 -1.5465 0.1993
Car -1 -1 2.1882 0.0000 6.2618 353.6459 375.0000 2.1721 1.9281 5.4104 -4.0483 1.4879 5.6860 1.5910 0.1841
