Pedestrian -1 -1 -0.0377 727.0206 156.6014 763.6110 222.7647 1.8593 0.5775 1.0038 3.8131 1.4029 20.6301 0.1419 0.5409
Pedestrian -1 -1 2.9377 729.7136 119.7724 795.9907 232.8661 1.9098 0.5762 1.0216 2.5774 1.0138 12.4724 3.1363 0.1931
Cyclist -1 -1 1.8550 399.1979 163.6514 456.2768 267.6906 1.7783 0.5308 1.7930 -3.3611 1.6214 13.2368 1.6103 0.9546
Cyclist -1 -1 -1.6416 731.3057 167.0854 743.5988 205.1081 1.6491 0.4119 1.7261 5.6355 1.3993 32.1713 -1.4702 0.1564
Car -1 -1 1.8168 461.9963 177.4169 524.2819 212.9112 1.4024 1.6716 4.2585 -5.0165 1.6144 31.2646 1.6585 0.9309
Car -1 -1 1.9366 188.1381 179.3591 391.2793 290.0405 1.5501 1.6690 4.5006 -5.3452 1.6850 12.6419 1.5435 0.9270
Car -1 -1 -1.5317 653.1000 171.0793 692.1832 207.7562 1.5935 1.6583 3.7517 2.9002 1.5167 33.3093 -1.4461 0.7953
Car -1 -1 0.8701 700.2156 171.3369 741.3625 190.5690 1.6005 1.6812 3.4156 9.4597 1.4746 61.9375 1.0206 0.1907
Car -1 -1 1.5858 692.0563 167.7508 720.5184 193.8942 1.4871 1.6094 4.0241 5.7490 1.1972 43.1486 1.7170 0.1847
Car -1 -1 -2.5935 681.7194 178.5028 737.3431 201.3728 1.6460 1.6361 3.8942 7.4980 2.0893 54.7108 -2.4585 0.1422
