Car -1 -1 -1.4385 465.2057 180.2382 537.9079 237.0586 1.6469 1.7548 4.0864 -3.3195 1.5038 22.8840 -1.5813 0.9404
Car -1 -1 -1.5548 559.9500 181.0983 615.9248 228.3637 1.4534 1.7215 3.5028 -0.6734 1.3279 23.8620 -1.5831 0.9331
Car -1 -1 -1.2149 193.0940 188.2867 459.1281 345.6252 1.4852 1.6126 4.1473 -3.1831 1.5336 8.9557 -1.5474 0.9312
Car -1 -1 -1.3708 407.4121 180.4049 459.0000 215.7156 1.5964 1.6463 3.9633 -8.3404 1.3801 34.5065 -1.6065 0.8722
Car -1 -1 -0.9320 0.0000 188.7164 195.7826 330.0600 1.4815 1.6216 4.1075 -7.5792 1.5399 9.6958 -1.5822 0.8575
Car -1 -1 -1.3155 374.9197 178.1471 417.1149 202.0891 1.3820 1.5211 3.8419 -12.7635 0.9751 43.4340 -1.5999 0.7617
Car -1 -1 -0.9603 49.9906 188.8328 201.9880 250.8307 1.4129 1.4744 3.4788 -12.1617 1.5152 18.3456 -1.5392 0.6392
Car -1 -1 -1.4948 506.4111 174.3505 543.3492 208.0033 1.5965 1.5595 3.7041 -4.1318 1.0822 35.9785 -1.6086 0.6351
Car -1 -1 -1.2571 255.0066 182.3386 324.7976 221.4269 1.4530 1.5090 3.5292 -12.5732 1.3472 28.5476 -1.6688 0.5974
Car -1 -1 1.4409 532.4263 175.3291 562.9288 199.3192 1.5542 1.5885 3.6310 -4.1106 0.9148 48.5114 1.3565 0.5651
