Car -1 -1 -1.9113 538.3517 186.7454 677.0389 272.5667 1.3653 1.5411 3.6287 -0.2336 1.6747 14.0826 -1.9287 0.9657
Car -1 -1 -1.7240 436.4954 180.1917 493.2780 221.4853 1.4592 1.5899 4.0012 -5.8201 1.7704 28.4117 -1.9248 0.9543
Car -1 -1 -2.2470 690.7029 110.0048 1204.4915 375.0000 1.8054 1.7585 4.5516 2.5147 1.4171 6.8987 -1.9121 0.9104
Car -1 -1 1.8747 0.0000 210.3187 122.0108 375.0000 1.4564 1.6604 4.2018 -6.5881 1.9626 7.4814 1.1702 0.9009
Car -1 -1 1.7938 0.0000 204.0645 180.2687 326.5141 1.5198 1.6227 3.7706 -8.5033 2.1303 12.0508 1.1893 0.8813
Car -1 -1 1.7148 252.1287 185.7560 294.7111 215.5215 1.5063 1.6164 3.8563 -18.8172 2.2662 40.3923 1.2810 0.8668
Car -1 -1 -1.7138 421.7181 177.0354 469.1287 213.7171 1.5895 1.6141 3.9833 -7.8238 1.7988 33.9010 -1.9393 0.7083
Car -1 -1 -2.9107 615.9075 169.1395 711.5411 208.8900 1.5891 1.6666 3.7097 2.2227 1.4409 30.1902 -2.8384 0.6106
Car -1 -1 -2.1679 0.0000 190.8408 77.0987 221.0830 1.5843 1.7431 4.0229 -32.6188 2.6408 40.9340 -2.8377 0.4800
Car -1 -1 -2.8667 558.7253 167.1665 645.7822 199.2522 1.5487 1.5839 4.0822 -0.4115 1.2745 36.1199 -2.8785 0.4096
