Pedestrian -1 -1 -1.7597 673.9167 169.5524 749.8521 323.6526 1.6442 0.6877 0.8351 1.1765 1.5181 8.0978 -1.6260 0.7883
Pedestrian -1 -1 -1.8925 871.1798 159.1786 952.1754 310.1643 1.7262 0.6114 0.9604 3.6870 1.4724 8.7083 -1.5084 0.7454
Pedestrian -1 -1 1.2174 828.1242 171.6256 923.1472 338.0646 1.6361 0.6387 0.9028 2.7911 1.5404 7.5145 1.5559 0.7046
Pedestrian -1 -1 1.0700 939.2692 150.8908 1088.1187 374.0000 1.6685 0.5869 0.7695 2.7845 1.4730 5.0090 1.5497 0.6749
Pedestrian -1 -1 1.1139 784.6773 147.1815 894.1261 351.3658 1.6755 0.6447 0.7318 2.0158 1.3953 6.3059 1.4056 0.6570
Pedestrian -1 -1 -1.9690 237.7973 160.5612 283.2718 247.3106 1.7230 0.5614 0.8405 -7.0436 1.3084 14.7540 -2.4128 0.6552
Pedestrian -1 -1 1.2715 751.7626 160.2149 809.5674 278.4374 1.7185 0.6141 0.8551 2.6570 1.4104 10.8877 1.4998 0.6486
Pedestrian -1 -1 0.4183 997.6930 135.7024 1233.7823 374.0000 1.6226 0.6115 0.7657 2.4213 1.4325 3.4901 0.9846 0.6017
Pedestrian -1 -1 -0.7807 672.1401 162.5451 703.5476 221.5066 1.7677 0.6577 0.6933 2.6188 1.2005 22.0059 -0.6689 0.5837
Pedestrian -1 -1 1.3000 483.0407 158.6046 547.4960 261.6748 1.7756 0.9016 1.0716 -1.6197 1.3825 13.0409 1.1733 0.5373
Pedestrian -1 -1 1.6567 672.4054 171.6747 710.4728 271.8671 1.6767 0.6039 0.6874 1.5216 1.5136 12.4155 1.7705 0.4883
Pedestrian -1 -1 -0.0194 806.7229 154.0750 860.2585 266.3538 1.7832 0.6039 0.8155 3.7577 1.3489 11.8076 0.2769 0.4688
Pedestrian -1 -1 -0.3945 0.0000 153.1097 161.3598 374.0000 1.5881 0.6455 0.7432 -2.4946 1.4876 3.0598 -1.0452 0.4582
Pedestrian -1 -1 0.1653 664.6462 167.3902 704.0360 256.2756 1.6269 0.6389 0.6473 1.5289 1.3699 13.5392 0.2701 0.4341
Pedestrian -1 -1 -1.6099 463.4563 163.5099 477.1540 198.4968 1.8391 0.6912 0.5511 -6.9622 0.8943 38.1033 -1.7944 0.4319
Pedestrian -1 -1 1.9081 774.4183 156.5231 798.4218 205.8312 1.8791 0.6948 0.7579 7.1633 0.9283 27.8803 2.1523 0.3556
Pedestrian -1 -1 -2.5133 714.2020 182.5224 750.9058 240.3820 1.6979 0.6984 0.8379 3.9207 1.7306 21.6396 -2.3416 0.3421
Pedestrian -1 -1 -2.9354 664.8707 170.9831 687.3931 220.7208 1.6567 0.6998 0.6344 2.5121 1.3075 24.3528 -2.8389 0.3379
Pedestrian -1 -1 0.5783 551.5609 160.7928 575.1441 202.0447 1.7637 0.5866 0.8380 -1.6663 0.8793 31.1717 0.5203 0.3340
Pedestrian -1 -1 1.5937 735.9979 162.1444 752.0163 202.1028 1.8183 0.7137 0.6837 6.5601 0.9384 33.0936 1.7828 0.2997
Pedestrian -1 -1 1.8980 710.6546 159.5085 737.0378 211.6864 1.7693 0.6710 0.8425 4.2214 1.0247 24.8845 2.0592 0.2832
Pedestrian -1 -1 -1.5358 339.4799 167.4038 409.6764 346.5703 1.7221 0.6522 1.2675 -2.4224 1.5880 7.5997 -1.8408 0.1947
Cyclist -1 -1 0.0483 663.4008 162.6367 705.5935 214.7134 1.7327 0.6714 1.3944 2.7967 1.1061 24.3375 0.1564 0.3859
Cyclist -1 -1 -1.5358 339.4799 167.4038 409.6764 346.5703 1.7221 0.6522 1.2675 -2.4224 1.5880 7.5997 -1.8408 0.2915
Cyclist -1 -1 1.3000 483.0407 158.6046 547.4960 261.6748 1.7756 0.9016 1.0716 -1.6197 1.3825 13.0409 1.1733 0.1879
Cyclist -1 -1 -1.9017 869.0192 154.4827 950.8480 304.4579 1.7252 0.6124 0.9868 3.6911 1.4157 8.7688 -1.5195 0.1363
Cyclist -1 -1 -0.0194 806.7229 154.0750 860.2585 266.3538 1.7832 0.6039 0.8155 3.7577 1.3489 11.8076 0.2769 0.1261
Cyclist -1 -1 -2.5133 714.2020 182.5224 750.9058 240.3820 1.6979 0.6984 0.8379 3.9207 1.7306 21.6396 -2.3416 0.1158
Car -1 -1 1.7011 528.2879 173.3102 600.7268 228.7491 1.5064 1.6542 4.2957 -1.0402 1.2850 21.7219 1.6487 0.9663
