Pedestrian -1 -1 1.5318 785.0876 133.0308 853.8652 292.9416 1.7433 0.7183 0.7203 2.3991 1.2275 8.1383 1.8101 0.6986
Pedestrian -1 -1 1.2815 1083.3138 121.9096 1137.9702 217.6783 1.7419 0.6072 0.8751 9.4995 0.6779 13.3662 1.8901 0.6981
Cyclist -1 -1 -1.6190 1105.8733 43.7807 1224.0000 370.0000 1.7251 0.5526 1.8994 3.0107 1.1750 3.7934 -0.9853 0.2959
Cyclist -1 -1 -1.6241 811.7433 157.4960 822.6208 193.7568 1.7412 0.4238 1.5986 10.4151 0.6380 34.7732 -1.3338 0.2020
Cyclist -1 -1 2.0809 1083.2440 124.1061 1143.2000 218.3650 1.7268 0.5795 0.8649 9.5866 0.6953 13.3963 2.6928 0.1262
Car -1 -1 -1.0299 88.6400 149.6988 234.3898 218.4572 1.9994 1.8135 4.6710 -14.1530 1.1053 22.8947 -1.5755 0.4949
Car -1 -1 -1.5314 560.9245 168.6787 578.5840 185.1374 1.5404 1.5523 3.5280 -3.3370 0.4352 67.9394 -1.5785 0.3312
Car -1 -1 -0.1667 760.6384 155.5806 820.1540 176.7780 1.5671 1.6838 4.1441 14.0351 -0.2866 53.6502 0.0896 0.3297
Car -1 -1 3.5122 161.1230 158.3269 234.4476 182.5540 1.5437 1.6455 3.8112 -26.5201 0.1322 46.1394 2.9955 0.1990
Car -1 -1 1.6054 573.3309 173.8670 592.9542 191.8322 1.5204 1.5650 4.3540 -1.8670 0.9602 62.0141 1.5771 0.1892
Car -1 -1 1.0936 1115.9346 0.0000 1224.0000 370.0000 1.4852 1.6118 3.9440 3.0879 1.3806 2.2509 1.9714 0.1568
Car -1 -1 2.0096 212.4354 171.3043 268.9088 201.3147 1.6058 1.5936 3.1734 -20.2694 1.1152 39.4386 1.5399 0.1440
