Pedestrian -1 -1 0.2552 669.5692 168.2513 688.0250 200.1376 1.8366 0.5349 0.9657 3.9693 1.5719 41.9738 0.3483 0.4270
Pedestrian -1 -1 -1.1260 835.8446 155.6545 861.3018 208.5215 1.8496 0.6831 0.5693 8.4481 1.2482 25.6826 -0.8120 0.3505
Cyclist -1 -1 1.1876 671.2900 168.3582 686.6659 200.5474 1.8491 0.5835 0.9297 3.9750 1.5912 41.9756 1.2809 0.1058
Car -1 -1 -1.9628 770.6305 177.7237 1037.1853 327.9647 1.4662 1.5930 3.9944 3.3379 1.5425 9.2091 -1.6263 0.9629
Car -1 -1 1.8526 348.3774 181.9272 456.1591 249.6285 1.4918 1.5966 3.8831 -5.1931 1.7477 18.3678 1.5802 0.9458
Car -1 -1 1.9414 250.3887 185.2245 400.9048 275.2019 1.4426 1.5145 3.3639 -5.2842 1.7072 13.7185 1.5796 0.9433
Car -1 -1 -1.8444 729.3557 178.1395 861.6747 263.4409 1.4864 1.5929 3.7658 3.5655 1.6086 14.7217 -1.6122 0.9397
Car -1 -1 -2.3218 956.2479 179.4455 1242.0000 375.0000 1.5098 1.5670 3.6560 3.3809 1.5600 3.5911 -1.6074 0.8130
Car -1 -1 -0.7908 712.3586 165.1854 777.4750 193.6103 1.6749 1.6819 3.8947 8.2729 1.2234 44.3144 -0.6078 0.4290
Car -1 -1 -0.5024 602.7356 170.3066 652.3978 190.3617 1.6753 1.6586 3.9507 1.4915 1.4629 61.9177 -0.4788 0.3213
Car -1 -1 0.7852 478.9661 177.9048 534.9026 201.3180 1.5320 1.6442 3.7546 -7.1562 1.8932 49.7629 0.6427 0.2881
Car -1 -1 1.5803 323.8251 173.6849 357.5909 203.4392 1.4046 1.5104 4.1499 -13.5903 1.4494 36.3904 1.2250 0.2800
