Pedestrian -1 -1 2.2626 133.2730 178.0405 230.5023 327.4950 1.6446 0.6516 0.7383 -4.8878 1.6079 8.3204 1.7391 0.7415
Pedestrian -1 -1 -1.4746 519.5321 181.0447 541.8831 232.5306 1.5793 0.6243 0.8199 -2.2307 1.5664 22.4434 -1.5779 0.6894
Pedestrian -1 -1 1.4710 901.8030 166.0576 970.3616 311.3711 1.7128 0.6685 0.9387 4.1275 1.5321 9.0137 1.8838 0.6537
Pedestrian -1 -1 2.0509 440.9093 172.3767 482.3784 253.2608 1.6746 0.5747 0.7828 -3.0119 1.4869 15.3256 1.8545 0.6460
Pedestrian -1 -1 1.4017 623.4496 176.7664 643.1206 219.9393 1.8213 0.7034 0.8489 1.3442 1.6226 30.7676 1.4397 0.6001
Pedestrian -1 -1 1.5380 300.8763 173.0923 334.7570 252.4326 1.7606 0.6938 0.7674 -6.5281 1.5753 16.4280 1.1597 0.5183
Pedestrian -1 -1 -2.8047 574.1487 178.2611 602.0125 221.2675 1.7799 0.7080 0.9964 -0.5740 1.6468 30.2163 -2.8288 0.5100
Pedestrian -1 -1 3.2306 340.9137 140.9779 430.1964 290.2073 1.8418 0.6648 1.0529 -2.8135 1.3430 9.2946 2.9387 0.4197
Pedestrian -1 -1 -2.0093 387.1978 193.1675 427.3614 268.4024 1.6824 0.6743 0.6805 -4.5474 1.9624 16.6866 -2.2771 0.4197
Pedestrian -1 -1 -1.8446 693.7461 178.0852 715.0084 222.9186 1.6785 0.6128 0.7586 3.8891 1.5517 27.3094 -1.7098 0.2506
Pedestrian -1 -1 1.3525 475.6568 183.7247 502.5122 237.6571 1.7701 0.7014 0.9417 -3.8137 1.8479 24.1874 1.1923 0.2489
Cyclist -1 -1 1.2897 952.1658 183.3924 1030.4099 309.6684 1.7244 0.4958 1.8681 5.7661 1.7567 10.7999 1.7644 0.3066
Cyclist -1 -1 -1.5193 0.0000 174.6398 30.2269 284.1210 1.6822 0.4126 1.5020 -9.6981 1.5781 11.7626 -2.2033 0.2377
Cyclist -1 -1 -2.7920 574.1758 177.7889 602.2489 221.1205 1.7939 0.7053 1.0026 -0.5689 1.6412 30.2298 -2.8159 0.1585
Car -1 -1 -1.6789 711.3093 109.6550 847.8040 240.1534 2.0981 1.9405 4.9749 3.2188 0.9443 14.1235 -1.4639 0.4334
Car -1 -1 -1.5852 544.3177 190.0894 580.9615 225.7528 1.5077 1.5961 3.6198 -1.8395 1.9270 33.1264 -1.6455 0.2076
