Car -1 -1 2.0352 57.1393 197.7677 321.0243 332.3334 1.4685 1.5865 4.2357 -5.9665 1.9159 10.8048 1.5405 0.9594
Car -1 -1 -1.8466 731.9265 178.2471 892.8217 282.3354 1.4846 1.5797 3.9261 3.2325 1.5931 12.4792 -1.5999 0.9545
Car -1 -1 1.9273 307.9101 190.5709 441.0648 262.7403 1.4910 1.7260 4.4542 -5.8173 1.9961 18.2867 1.6228 0.9481
Car -1 -1 1.3559 668.4680 178.9110 727.6414 219.3535 1.4252 1.4926 3.7214 3.2928 1.6762 27.9274 1.4714 0.9241
Car -1 -1 -1.7486 695.3375 174.4894 794.2588 242.6619 1.5105 1.6882 4.1401 3.2029 1.5568 18.1601 -1.5776 0.9177
Car -1 -1 2.4464 1027.1901 144.8921 1242.0000 245.8663 1.4957 1.5462 3.7198 8.9165 1.0819 11.5505 3.0914 0.9165
Car -1 -1 1.8273 458.9415 181.0042 513.6106 218.0643 1.5534 1.5438 3.8439 -5.6453 1.9501 33.0965 1.6591 0.8947
Car -1 -1 1.8095 399.9802 187.0400 472.8170 238.1503 1.5096 1.5404 3.6613 -5.7672 2.0212 24.1629 1.5770 0.8933
Car -1 -1 2.5818 903.3736 156.7345 1147.6737 236.8557 1.4945 1.5512 4.0115 8.0969 1.1942 14.3411 3.0866 0.8910
Car -1 -1 1.4254 657.4572 175.9109 704.4636 211.6323 1.5502 1.6204 3.8520 3.2053 1.7013 33.6124 1.5190 0.6108
Car -1 -1 -0.6845 1176.8376 146.4082 1242.0000 276.4088 1.4265 1.5757 3.9590 9.6430 1.1366 8.9383 0.1225 0.5893
Car -1 -1 -1.6928 648.5651 175.6165 683.0851 204.7924 1.6169 1.5673 3.6622 3.1886 1.7860 42.2045 -1.6184 0.5600
