Pedestrian -1 -1 1.8641 831.4702 147.9548 880.3276 259.1396 1.7548 0.6098 0.6179 3.9769 1.3622 11.8133 2.1806 0.4046
Pedestrian -1 -1 -1.0653 695.0491 166.2303 716.5901 210.1331 1.8656 0.7009 0.6374 4.0933 1.5845 31.1224 -0.9364 0.3268
Pedestrian -1 -1 1.2145 714.1529 157.5241 740.5175 208.6056 1.7259 0.6142 0.9139 3.9954 1.2083 24.8846 1.3714 0.2507
Pedestrian -1 -1 0.3003 834.8690 123.0003 880.6016 204.5063 1.8400 0.5864 0.8741 5.7117 0.7149 16.7787 0.6230 0.1654
Pedestrian -1 -1 -0.5015 858.8980 139.4247 932.4886 273.1077 1.8145 0.5846 0.7730 3.9482 1.3612 10.1346 -0.1406 0.1611
Pedestrian -1 -1 2.1370 730.0688 148.7415 761.8047 208.1845 1.7631 0.6594 0.7291 4.0789 1.0482 21.8892 2.3184 0.1369
Pedestrian -1 -1 1.4287 790.4705 157.7125 827.4467 242.6722 1.6790 0.5745 1.0846 4.0241 1.3801 14.8285 1.6879 0.1207
Pedestrian -1 -1 2.3901 896.0300 135.1617 994.3942 297.0659 1.8409 0.6613 0.8495 3.9553 1.4127 8.6536 2.8053 0.1029
Cyclist -1 -1 1.4259 789.4593 157.5492 827.9913 244.2712 1.7080 0.5796 1.2427 4.0248 1.4069 14.8580 1.6847 0.1512
Car -1 -1 -1.7552 694.4002 194.7423 812.6713 282.2126 1.4191 1.5796 4.1028 2.7242 1.9306 14.7898 -1.5778 0.9563
Car -1 -1 1.4690 669.0704 182.7455 700.1070 209.5358 1.6988 1.6831 4.1888 5.0315 2.4050 49.3927 1.5693 0.5413
Car -1 -1 -1.1328 575.1218 166.0649 614.2203 189.1097 1.7226 1.7358 3.4320 -1.1793 1.2154 55.8513 -1.1541 0.1128
