Pedestrian -1 -1 -1.4581 324.1373 174.6885 354.0480 233.7257 1.6467 0.7029 0.9181 -7.8040 1.7010 20.6860 -1.8150 0.4649
Pedestrian -1 -1 -2.6813 1036.2925 168.5046 1081.6338 251.9000 1.6657 0.6011 0.5882 9.1684 1.5791 14.8179 -2.1367 0.1870
Cyclist -1 -1 -1.2743 389.9337 180.6033 421.3090 234.6109 1.6670 0.5403 1.5629 -6.6240 1.9259 23.2810 -1.5491 0.1214
Cyclist -1 -1 -1.1161 329.9678 172.2577 370.3426 233.4218 1.7260 0.6782 1.1229 -7.5797 1.7096 20.9544 -1.4596 0.1119
Car -1 -1 2.1622 40.9027 175.8043 170.3011 232.2385 2.3014 1.9968 5.5511 -22.5106 2.4460 32.4987 1.5600 0.4880
Car -1 -1 -2.7993 300.3187 172.4642 418.4695 222.0560 1.5265 1.5192 3.2332 -7.9695 1.5149 22.9856 -3.1298 0.1840
Car -1 -1 2.0557 157.7794 177.6164 241.6622 212.6078 1.3635 1.5450 3.6490 -17.2558 1.5771 30.4601 1.5438 0.1534
Car -1 -1 1.8566 400.3624 170.9050 442.0798 197.2452 1.4831 1.5101 3.2401 -11.0470 1.3737 42.2666 1.6022 0.1532
Car -1 -1 1.9792 407.3153 166.7967 465.4565 198.3732 1.6617 1.6948 3.9792 -9.6054 1.3433 40.0737 1.7452 0.1472
Car -1 -1 1.1269 714.1304 164.1703 758.9523 192.9858 2.2294 1.7935 4.4994 10.1285 1.5579 58.2289 1.2979 0.1447
Car -1 -1 2.0905 199.8695 185.5833 289.7426 222.8950 1.4266 1.7224 3.8912 -15.5809 2.0078 30.9336 1.6270 0.1234
