Pedestrian -1 -1 1.2958 842.1349 139.7866 873.7169 202.5637 1.9047 0.6827 0.9740 7.6379 0.9018 22.3921 1.6202 0.6288
Car -1 -1 -2.4995 0.0000 161.3006 294.3467 306.8182 1.6479 1.6961 4.1534 -6.4763 1.5174 9.0917 -3.1049 0.9661
Car -1 -1 -1.7646 675.7372 179.6459 784.4156 254.0241 1.4558 1.6407 4.1436 2.5619 1.6324 16.6106 -1.6152 0.9618
Car -1 -1 -2.0196 797.3912 192.3618 1242.0000 375.0000 1.4315 1.5593 3.7801 2.7151 1.6358 5.6346 -1.5921 0.9618
Car -1 -1 -1.7210 661.1536 185.1505 736.4068 239.6308 1.4682 1.6824 4.2319 2.6210 1.8896 22.5560 -1.6077 0.9381
Car -1 -1 3.5544 160.3912 192.6797 404.4099 276.9785 1.5079 1.5892 4.0411 -6.3095 1.9171 14.0786 3.1395 0.9110
Car -1 -1 3.4803 227.7520 185.8080 435.7530 255.7753 1.5085 1.6457 4.1948 -6.3817 1.8250 16.7410 3.1208 0.8805
Car -1 -1 -1.6348 650.7932 177.8810 692.1073 214.7544 1.5011 1.5668 3.4917 2.6013 1.7339 31.6080 -1.5541 0.8459
Car -1 -1 3.3326 429.2794 171.6474 509.2668 208.3653 1.7518 1.6113 3.5928 -6.8651 1.6946 35.2288 3.1411 0.6331
Car -1 -1 0.4376 26.0349 200.0210 356.5430 304.5426 1.4514 1.6782 4.2582 -6.5077 1.9221 11.5078 -0.0677 0.5903
Car -1 -1 -1.5976 635.8591 180.9873 661.3754 207.0439 1.5460 1.5106 3.0358 2.3654 2.0743 45.3014 -1.5463 0.5450
Car -1 -1 0.2758 332.3496 177.3612 468.1441 224.8790 1.6388 1.7206 4.3803 -7.4967 1.8065 25.9152 -0.0036 0.5368
Car -1 -1 0.0823 496.1833 167.2834 547.5011 185.2540 1.5288 1.6096 4.2788 -7.5984 1.0552 62.2669 -0.0388 0.5291
