Pedestrian -1 -1 -1.7127 957.6301 129.7350 986.3369 192.3746 1.7751 0.6066 0.9546 10.6400 0.3381 20.5810 -1.2398 0.7209
Pedestrian -1 -1 0.4150 553.4776 167.9984 572.2895 198.9225 1.8556 0.5224 1.0134 -2.5562 1.1068 42.8427 0.3575 0.5281
Pedestrian -1 -1 -2.6878 443.8654 174.4890 462.6099 205.1629 1.7738 0.6182 0.8894 -8.8678 1.4276 41.2896 -2.8961 0.3258
Pedestrian -1 -1 3.0106 492.8571 167.6662 511.1637 197.5319 1.7943 0.4835 1.0444 -6.2480 1.0246 42.8481 2.8686 0.3061
Pedestrian -1 -1 -2.8696 503.8367 166.7018 520.3549 196.2952 1.8325 0.4705 0.9287 -5.7934 0.9794 44.0762 -2.9976 0.2513
Pedestrian -1 -1 1.7984 354.9759 180.3097 370.2431 206.0943 1.6741 0.6126 1.5693 -16.0061 1.6630 46.7109 1.4720 0.1502
Cyclist -1 -1 -1.1767 375.3669 176.4230 399.2219 212.4729 1.6951 0.4509 1.7731 -10.5170 1.5049 34.1462 -1.4712 0.7234
Cyclist -1 -1 -3.0064 654.9384 163.7985 687.8231 195.3117 1.8365 0.5452 1.8737 3.9083 0.8645 41.6780 -2.9119 0.6139
Cyclist -1 -1 1.8056 355.1421 180.0241 370.7596 205.9464 1.6831 0.6172 1.6035 -15.9899 1.6536 46.7304 1.4796 0.3315
Cyclist -1 -1 -0.1204 597.6268 165.2710 626.7731 194.6925 1.8491 0.5337 1.7956 0.4505 0.8933 44.7947 -0.1087 0.3280
Cyclist -1 -1 -1.7574 957.3252 130.2028 986.2831 193.8387 1.8036 0.5690 0.9873 10.6385 0.3796 20.5885 -1.2848 0.1123
Car -1 -1 2.5567 953.5366 136.0764 1106.6200 184.6458 1.5018 1.5975 4.0144 13.5790 0.1297 22.7580 3.0905 0.8905
Car -1 -1 -1.4876 513.3757 173.2432 550.4296 202.9479 1.4636 1.6039 3.6888 -3.7577 1.1075 36.6892 -1.5870 0.8723
Car -1 -1 2.7160 884.0872 150.9227 955.0659 172.4519 1.5787 1.7053 4.5996 23.7118 -0.6161 53.3645 3.1338 0.3355
