Pedestrian -1 -1 1.3819 865.0121 162.9072 907.0225 251.5647 1.6903 0.6356 0.7412 5.3589 1.5010 14.1717 1.7358 0.6739
Pedestrian -1 -1 -0.4684 737.6080 166.5741 757.2117 202.5814 1.7903 0.6520 0.7546 6.8712 1.4784 36.2906 -0.2832 0.4679
Cyclist -1 -1 1.5716 750.9929 177.5861 758.9052 203.6584 1.6834 0.5044 1.5204 9.5438 2.0016 47.6675 1.7675 0.1833
Car -1 -1 2.2299 0.0000 201.0757 147.4027 300.0372 1.4617 1.6405 4.2613 -11.2089 2.0936 14.0089 1.5642 0.8579
Car -1 -1 -1.6641 597.8707 177.1435 628.7936 202.2139 1.5014 1.6104 3.7647 0.1412 1.7857 45.8214 -1.6616 0.6919
Car -1 -1 1.5343 504.3376 183.0556 523.2126 200.8470 1.5001 1.5483 3.7022 -8.7152 2.4476 65.0304 1.4012 0.4559
Car -1 -1 3.3346 143.4216 190.4058 206.0802 211.9718 1.5358 1.5430 3.8668 -33.1563 2.9083 55.0185 2.7941 0.2348
Car -1 -1 -1.0500 62.4292 190.8135 310.8105 297.8810 1.3806 1.6503 4.2138 -6.8142 1.7359 12.1344 -1.5528 0.1967
Car -1 -1 -1.2214 240.0421 194.7324 386.8923 274.4378 1.4616 1.7059 4.3210 -6.6547 2.0318 16.6092 -1.5976 0.1960
Car -1 -1 2.0862 77.7411 187.0082 198.1247 234.6940 1.3873 1.5922 4.0193 -15.7455 1.9037 24.2563 1.5152 0.1833
