Pedestrian -1 -1 -1.7663 755.2866 152.2203 788.7055 224.9945 1.8139 0.7046 0.6858 4.0596 1.3000 18.3314 -1.5523 0.3941
Pedestrian -1 -1 0.0258 660.4579 175.2679 673.9864 202.5707 1.7852 0.4957 0.8767 3.7398 1.9455 47.5192 0.1033 0.2574
Pedestrian -1 -1 -2.0333 806.2537 143.1871 828.6353 193.9846 1.9261 0.6573 0.5288 7.9120 0.8016 27.6770 -1.7578 0.2550
Pedestrian -1 -1 1.1335 703.7484 171.8432 733.0772 222.6917 1.8542 0.7569 0.9246 3.9860 1.8177 26.8604 1.2785 0.2114
Car -1 -1 3.3002 0.0000 187.6491 231.1840 287.9776 1.5142 1.8139 4.1692 -9.3272 1.8190 13.1192 2.6915 0.9398
Car -1 -1 1.7593 438.4172 186.0985 518.7114 245.2328 1.4152 1.5014 3.7466 -3.5861 1.8172 19.9915 1.5833 0.9213
Car -1 -1 2.8985 435.4778 181.5117 511.1914 208.0574 1.4812 1.6049 4.1590 -8.1516 2.0154 42.8951 2.7114 0.7016
Car -1 -1 1.4266 528.2627 178.1144 559.7067 202.3776 1.5957 1.6250 4.0209 -4.6905 1.9801 50.5264 1.3341 0.3261
Car -1 -1 0.9063 964.5026 0.0000 1242.0000 375.0000 2.0625 1.7684 4.8275 4.6698 1.2115 5.4662 1.5870 0.3259
Car -1 -1 2.8021 639.3236 173.5112 689.2645 195.4415 1.7819 1.6236 3.8168 4.4809 1.8380 59.9841 2.8759 0.2597
Car -1 -1 1.8863 667.7101 179.2952 708.9791 205.6472 1.5872 1.5509 3.7862 5.0582 2.0210 46.5006 1.9934 0.2024
