Pedestrian -1 -1 0.9435 188.0544 133.7525 259.8817 258.7326 1.7962 0.6367 0.7425 -5.8359 1.2346 10.8169 0.4586 0.4113
Pedestrian -1 -1 -1.6734 137.1924 107.7514 212.1150 299.0805 1.8690 0.6029 0.7322 -4.5997 1.2334 7.5193 -2.2072 0.3167
Pedestrian -1 -1 2.5892 425.9248 163.0390 452.7699 209.9063 1.8142 0.6297 0.8217 -6.7684 1.4346 28.4407 2.3573 0.2604
Pedestrian -1 -1 -2.4790 39.1238 155.3247 104.6011 252.1446 1.7741 0.5491 0.8189 -10.1141 1.4533 13.5050 -3.1125 0.1970
Cyclist -1 -1 -1.1463 34.0501 175.2755 71.5838 221.5292 1.7542 0.4600 1.8089 -21.9455 1.8530 28.3925 -1.7999 0.1948
Cyclist -1 -1 -1.3115 455.2124 178.7900 472.1064 212.9086 1.6791 0.4245 1.6832 -7.4628 1.9880 36.6558 -1.5114 0.1743
Cyclist -1 -1 -1.7475 819.7027 151.9678 836.0633 189.5266 1.8628 0.4895 1.7490 11.0295 0.8273 36.6800 -1.4578 0.1393
Car -1 -1 -0.2090 672.6324 181.0990 806.5244 222.4914 1.4524 1.7794 4.5982 4.6741 1.7688 26.6807 -0.0381 0.9872
Car -1 -1 -0.0518 646.4135 180.7553 707.4021 203.7143 1.5075 1.6614 4.0310 4.4668 2.0533 48.9039 0.0382 0.8732
Car -1 -1 1.8039 642.3187 177.0422 674.7260 198.8566 1.5589 1.5906 3.8820 3.6718 1.8875 54.4524 1.8704 0.3250
