Pedestrian -1 -1 2.3505 833.8308 136.0687 943.2296 313.3308 1.7403 0.6451 0.8742 2.8563 1.3795 7.5601 2.6980 0.3690
Car -1 -1 -1.4362 458.1396 166.8466 526.0156 229.3768 1.8575 1.6332 4.1357 -3.7914 1.6794 23.5185 -1.5949 0.9581
Car -1 -1 -1.3612 394.3528 179.9738 507.9242 254.7967 1.4945 1.7145 4.3368 -3.6207 1.6840 16.9922 -1.5687 0.9263
Car -1 -1 -1.5456 547.1026 184.7579 735.2617 353.8835 1.3915 1.6302 3.7356 0.3231 1.5574 8.1179 -1.5090 0.9220
Car -1 -1 -1.7297 695.8029 178.6802 759.6684 222.1416 1.4149 1.5859 4.4041 4.1483 1.6453 26.2843 -1.5755 0.8860
Car -1 -1 -1.7214 671.4810 164.0901 725.1242 209.7225 2.0246 1.8222 4.7503 4.0862 1.6362 34.4155 -1.6048 0.8194
Car -1 -1 -1.2680 178.9238 84.3651 475.4511 303.6807 2.2479 2.1539 5.2989 -3.4504 1.3413 10.0634 -1.5910 0.6351
Car -1 -1 -1.5901 577.3954 176.7397 649.5471 243.1135 1.4966 1.6522 3.9060 -0.0100 1.6070 18.4664 -1.5916 0.5960
Car -1 -1 -0.7590 0.0000 193.2574 194.3161 375.0000 1.5113 1.5940 3.5482 -3.3205 1.6366 2.6076 -1.6148 0.5955
Car -1 -1 -1.8501 764.9042 191.2202 941.8885 319.7233 1.4418 1.4812 3.0288 3.1517 1.7370 10.0541 -1.5559 0.5398
Car -1 -1 3.0550 629.2267 168.2922 673.4867 184.8220 1.5039 1.6037 3.9467 3.7700 1.0892 66.5033 3.1112 0.4526
