Pedestrian -1 -1 -1.6921 1037.7563 176.0656 1065.4999 236.8352 1.6701 0.5543 0.9194 12.4401 1.7637 20.4162 -1.1518 0.1760
Pedestrian -1 -1 -1.8584 711.9078 181.4883 729.8497 219.9690 1.6068 0.5084 0.9433 4.6952 1.9824 30.8528 -1.7095 0.1703
Pedestrian -1 -1 -3.2067 832.0455 181.6098 847.2061 210.6146 1.7092 0.6813 0.8199 13.7123 2.2391 43.2037 -2.9019 0.1691
Pedestrian -1 -1 -1.0750 1033.8951 160.8500 1069.3311 219.5561 1.7447 0.7724 0.5014 13.3548 1.3883 21.9014 -0.5338 0.1424
Pedestrian -1 -1 -0.0805 650.2413 164.4368 658.0641 188.2866 1.8073 0.7120 0.5389 3.3397 1.1698 55.0346 -0.0205 0.1386
Cyclist -1 -1 -1.8701 711.9486 181.8462 729.8183 219.9406 1.5906 0.5060 0.9107 4.6942 1.9815 30.8431 -1.7212 0.1637
Cyclist -1 -1 -1.6149 495.1360 171.7627 507.1927 200.1380 1.7278 0.6609 1.8089 -6.8098 1.6617 44.8832 -1.7650 0.1636
Cyclist -1 -1 -1.7841 1033.4586 176.4806 1066.6293 236.5549 1.6475 0.5810 1.0684 12.4164 1.7537 20.4566 -1.2456 0.1018
Car -1 -1 -1.0649 51.4234 186.8587 295.8789 301.4799 1.3645 1.5280 3.5949 -6.3005 1.6102 10.8333 -1.5814 0.9619
Car -1 -1 -1.4304 496.8862 177.7111 556.3109 222.9946 1.4639 1.5874 3.7101 -2.9282 1.6492 25.6011 -1.5437 0.9299
Car -1 -1 -1.5780 558.0220 174.1839 578.7943 195.6284 1.5519 1.5078 2.9942 -3.1490 1.6546 53.9488 -1.6364 0.3459
Car -1 -1 -1.8647 818.7715 179.3401 858.6981 206.1877 1.5874 1.5192 3.1332 14.1883 2.0064 44.9934 -1.5616 0.3201
Car -1 -1 1.6260 171.3336 176.4789 195.3214 195.4843 1.6687 1.6637 4.2995 -39.3151 2.0147 66.5141 1.0937 0.1721
Car -1 -1 -1.6927 487.2613 172.1758 519.8206 197.1317 1.5175 1.5916 3.8234 -6.8452 1.4766 45.9262 -1.8402 0.1448
