Pedestrian -1 -1 -0.4444 596.9318 168.4190 618.8442 204.3439 1.8387 0.5816 0.9810 -0.1472 1.6121 37.4022 -0.4488 0.5738
Pedestrian -1 -1 1.7326 465.8948 169.5427 487.3127 218.4169 1.7908 0.6466 0.9172 -5.0104 1.6698 26.9007 1.5497 0.4174
Cyclist -1 -1 -1.1773 598.5585 168.5767 616.9686 204.2616 1.8223 0.6391 0.9531 -0.1489 1.6042 37.4060 -1.1817 0.1519
Cyclist -1 -1 1.7326 465.8948 169.5427 487.3127 218.4169 1.7908 0.6466 0.9172 -5.0104 1.6698 26.9007 1.5497 0.1028
Car -1 -1 -1.2091 149.5109 189.6396 455.2912 375.0000 1.3988 1.5328 3.7218 -2.8242 1.6152 7.4139 -1.5623 0.9592
Car -1 -1 3.4354 291.1038 175.1425 450.7605 229.0666 1.4879 1.6110 4.0823 -6.8543 1.5570 20.8253 3.1208 0.9534
Car -1 -1 -1.7240 690.3964 179.7296 787.5084 263.6100 1.5313 1.4855 3.1208 2.5240 1.6895 14.9937 -1.5615 0.9240
Car -1 -1 1.6538 506.7798 172.4593 561.2763 219.0228 1.6118 1.6947 4.0652 -2.8115 1.5985 27.0231 1.5506 0.8788
Car -1 -1 -1.5976 681.5657 180.7033 746.7846 243.5047 1.5106 1.6032 3.5971 2.7267 1.7456 19.6958 -1.4629 0.8708
Car -1 -1 -1.4510 540.6239 178.1932 583.2601 211.9612 1.5180 1.6149 3.8800 -2.3165 1.7923 35.0397 -1.5171 0.8472
Car -1 -1 0.1082 456.4971 166.9135 528.1183 197.8846 1.5981 1.6054 3.5827 -6.2110 1.2919 38.1233 -0.0526 0.6590
Car -1 -1 1.5169 639.5488 176.7695 665.7047 200.0571 1.5883 1.6521 4.0693 3.0032 1.8816 51.9326 1.5739 0.5217
