Pedestrian -1 -1 1.6925 552.6086 147.4487 587.6935 237.3793 1.7486 0.6133 0.7787 -0.8394 1.2550 14.4346 1.6347 0.1856
Pedestrian -1 -1 -2.3822 1211.4487 120.8937 1242.0000 192.6208 1.9898 0.6552 0.5500 17.4486 0.5487 20.3222 -1.6797 0.1687
Pedestrian -1 -1 1.0404 494.8025 163.0170 556.7233 274.6913 1.6882 0.7120 0.7056 -1.3870 1.5398 11.4009 0.9210 0.1673
Pedestrian -1 -1 -2.0639 724.2955 154.3984 759.8262 223.1934 1.8077 0.7003 0.6773 3.4957 1.3231 19.3877 -1.8888 0.1505
Pedestrian -1 -1 1.0649 297.2918 126.2516 384.1413 239.2304 1.6721 0.5653 1.6421 -4.3372 0.9827 11.4253 0.7093 0.1314
Pedestrian -1 -1 1.9655 220.1057 132.9602 257.4575 199.8159 1.8383 0.6530 0.8575 -10.4757 0.7417 20.2893 1.4941 0.1083
Pedestrian -1 -1 1.9262 474.1872 152.2479 523.7537 249.6761 1.7556 0.7275 0.6558 -2.1045 1.3846 13.3931 1.7725 0.1030
Pedestrian -1 -1 0.8000 561.0357 138.5345 614.0898 237.1481 1.6835 0.6713 0.6578 -0.4492 1.0980 12.7854 0.7648 0.1026
Pedestrian -1 -1 2.3561 964.4566 129.9465 1028.0500 222.8318 1.7927 0.7563 0.8278 7.6529 0.9649 14.4080 2.8357 0.1019
Cyclist -1 -1 1.3112 308.7354 124.9081 374.0883 241.2277 1.7109 0.5680 1.6538 -4.3390 1.0060 11.4494 0.9562 0.3523
Car -1 -1 -0.7881 828.3106 167.0061 1174.9791 313.1278 1.4437 1.6212 3.4710 4.4701 1.3863 8.4358 -0.3159 0.9414
Car -1 -1 1.9612 1103.3591 169.9410 1242.0000 296.0310 1.4613 1.5095 3.3566 8.4125 1.4279 9.8118 2.6548 0.8093
