Pedestrian -1 -1 -1.4741 672.9938 164.9768 709.2885 259.8437 1.6048 0.5644 0.8258 1.5426 1.3266 12.6116 -1.3603 0.8382
Pedestrian -1 -1 -1.2710 396.2219 169.5968 454.2925 274.4849 1.7368 0.7155 0.9962 -3.0667 1.5410 12.4099 -1.5141 0.7361
Pedestrian -1 -1 1.8157 712.3185 162.6412 761.4153 260.4233 1.6635 0.6701 0.8912 2.3745 1.3439 12.7612 1.9905 0.6517
Pedestrian -1 -1 0.1626 737.5950 160.1840 768.5908 213.0512 1.8944 0.5949 1.0270 5.5121 1.1316 26.1981 0.3628 0.5625
Pedestrian -1 -1 -0.9880 509.9086 169.2842 535.6957 213.4995 1.6993 0.6784 0.7975 -3.0930 1.2308 28.1139 -1.1017 0.4933
Pedestrian -1 -1 1.6351 756.6644 166.0291 774.4875 217.0945 1.6980 0.5502 0.6998 5.5309 1.1846 24.2949 1.8514 0.4287
Pedestrian -1 -1 1.5708 305.1746 169.7014 329.5383 241.7229 1.7471 0.5531 0.9903 -7.1470 1.4621 17.9849 1.1922 0.2977
Pedestrian -1 -1 -0.2636 452.9807 175.1240 470.2281 206.0444 1.7622 0.5943 0.8484 -8.0581 1.3996 41.3908 -0.4598 0.2942
Pedestrian -1 -1 1.6845 604.9230 168.5754 628.1686 218.9128 1.7670 0.6582 1.8021 0.5422 1.3144 26.1494 1.6998 0.1670
Pedestrian -1 -1 -1.9194 763.9802 155.1493 801.2067 213.2043 1.7006 0.5399 1.6907 5.4774 0.9299 21.9102 -1.6823 0.1048
Cyclist -1 -1 1.6845 604.9230 168.5754 628.1686 218.9128 1.7670 0.6582 1.8021 0.5422 1.3144 26.1494 1.6998 0.8036
Cyclist -1 -1 1.7528 552.7417 163.9774 584.7821 231.1457 1.7491 0.5845 1.7057 -0.9043 1.2940 19.5875 1.7020 0.7911
Cyclist -1 -1 1.3626 693.7679 163.0713 723.3393 222.5253 1.7280 0.5261 1.7154 3.1984 1.1935 21.7495 1.5017 0.4813
Cyclist -1 -1 -1.5742 270.4634 162.0438 290.1180 223.3262 1.7699 0.5212 1.5513 -9.6716 1.2091 21.5582 -1.9965 0.3704
Cyclist -1 -1 1.6011 561.3969 154.3134 576.4954 199.0004 1.6988 0.5551 1.3803 -1.2782 0.6663 28.0006 1.5510 0.3466
Cyclist -1 -1 -1.9194 763.9802 155.1493 801.2067 213.2043 1.7006 0.5399 1.6907 5.4774 0.9299 21.9102 -1.6823 0.2833
Cyclist -1 -1 0.1626 737.5950 160.1840 768.5908 213.0512 1.8944 0.5949 1.0270 5.5121 1.1316 26.1981 0.3628 0.1064
Car -1 -1 1.5880 571.7803 172.1264 596.2367 195.9913 1.5698 1.6087 4.1356 -1.1605 0.9539 49.3252 1.5596 0.5777
Car -1 -1 -0.9159 302.9302 165.6078 389.6182 206.3968 1.5847 1.5869 3.5082 -10.5234 0.9683 29.8189 -1.2573 0.3045
