Pedestrian -1 -1 3.2839 427.1501 171.9579 438.8998 196.1167 1.7657 0.5318 0.7714 -13.0336 1.7005 53.0340 3.0438 0.4572
Pedestrian -1 -1 -2.9018 1174.4270 117.7232 1242.0000 343.7679 1.8189 0.6684 0.7055 5.4060 1.3756 6.2858 -2.2149 0.2116
Pedestrian -1 -1 -2.0301 1000.3412 156.4950 1027.6798 206.2770 1.8784 0.7395 0.5538 15.3596 1.2615 27.5153 -1.5259 0.1714
Pedestrian -1 -1 2.4688 979.7518 145.4663 1038.7275 252.0658 1.7515 0.5099 0.7072 6.6737 1.3018 12.1671 2.9599 0.1236
Pedestrian -1 -1 -3.6569 1045.9935 148.2901 1158.5145 239.4435 1.6974 0.5386 1.7388 9.3135 1.2403 13.7619 -3.0722 0.1040
Cyclist -1 -1 -0.5253 1027.1189 153.7423 1135.4152 241.2098 1.6360 0.5385 1.6980 8.9383 1.2789 13.7959 0.0396 0.1665
Car -1 -1 -0.2760 785.6959 169.3687 894.3325 209.0127 1.4583 1.5581 3.6343 8.6189 1.3304 27.3642 0.0256 0.8916
Car -1 -1 -1.6902 653.4733 159.9204 684.8297 184.8194 1.6584 1.6733 4.2110 4.0409 0.7973 50.1935 -1.6106 0.6379
Car -1 -1 -1.4352 684.9236 174.6172 715.7228 198.2199 1.5730 1.6439 3.7970 6.3196 1.7016 50.4360 -1.3117 0.1579
Car -1 -1 -2.6308 278.5268 175.9863 396.0207 222.6890 1.6818 1.7097 3.8051 -10.3048 1.8055 27.2658 -2.9894 0.1296
