Pedestrian -1 -1 1.6410 509.7805 176.0543 524.2434 210.5624 1.6967 0.6108 1.6805 -4.7320 1.8627 36.4899 1.5124 0.1218
Cyclist -1 -1 1.6410 509.7805 176.0543 524.2434 210.5624 1.6967 0.6108 1.6805 -4.7320 1.8627 36.4899 1.5124 0.5694
Cyclist -1 -1 1.5554 491.4104 176.6553 505.5154 215.2166 1.7805 0.6353 1.8164 -5.3726 1.9673 34.4486 1.4013 0.5254
Car -1 -1 -1.8330 707.7109 155.7638 878.4302 274.8072 1.7280 1.7324 4.3449 2.9129 1.4803 12.6780 -1.6132 0.9264
Car -1 -1 -1.3263 39.1394 194.1178 143.6500 253.8793 1.4459 1.6212 3.4763 -14.8106 2.1137 20.7305 -1.9408 0.9180
Car -1 -1 -1.7534 640.4048 178.2106 696.3746 221.9077 1.4886 1.4895 3.1884 2.0549 1.6992 26.6499 -1.6780 0.9059
Car -1 -1 -1.6274 441.3470 183.7913 486.8188 226.5101 1.5573 1.5990 3.4918 -5.9868 2.0284 29.1618 -1.8286 0.8762
Car -1 -1 -1.7277 571.8885 179.1180 607.1786 205.3066 1.5511 1.6491 3.8299 -1.3717 1.9662 45.7398 -1.7580 0.8615
Car -1 -1 -1.7872 609.9770 176.1868 657.6222 210.1496 1.4775 1.4875 3.5067 1.0172 1.6418 33.6136 -1.7577 0.8518
Car -1 -1 1.3586 686.9615 179.1913 786.3675 246.7445 1.4388 1.5767 3.8612 2.9293 1.6120 17.7034 1.5190 0.8010
Car -1 -1 -1.6365 552.2254 179.5389 576.2548 201.1407 1.5815 1.6191 3.5899 -3.5973 2.1170 55.8745 -1.7009 0.6062
