Pedestrian -1 -1 -3.5259 992.9294 117.3495 1061.5131 244.7839 1.7230 0.4117 0.7125 5.7998 0.8709 9.8078 -3.0038 0.4011
Pedestrian -1 -1 -1.3524 788.2195 162.1181 804.4808 195.6969 1.7788 0.7127 0.6773 10.2530 0.8065 37.9160 -1.0887 0.2984
Pedestrian -1 -1 -1.8197 276.7083 179.2857 320.2088 262.3683 1.6387 0.6376 0.8229 -6.3175 1.6164 14.4610 -2.2219 0.2857
Pedestrian -1 -1 3.1255 127.6227 118.3957 196.2951 255.8732 1.8196 0.5998 0.7880 -6.1932 0.9993 9.8171 2.5795 0.2404
Pedestrian -1 -1 -3.2295 775.6267 157.7469 793.1162 189.2168 1.7909 0.5780 0.9251 10.2869 0.4975 40.5919 -2.9813 0.2342
Pedestrian -1 -1 -3.0252 973.5741 146.2746 1032.1954 217.9182 1.8108 0.5535 1.2814 10.3506 0.9473 18.4640 -2.5198 0.2094
Pedestrian -1 -1 -1.6425 122.0505 149.5271 140.3387 190.5039 1.9951 0.7109 0.6094 -23.3912 0.4885 34.8782 -2.2271 0.1537
Pedestrian -1 -1 2.8756 510.7354 163.9163 523.0432 185.8714 1.8871 0.5495 0.9467 -7.6090 0.4629 61.2014 2.7544 0.1434
Cyclist -1 -1 1.1112 876.5447 155.8180 906.9819 193.8044 1.7472 0.5594 1.8671 13.5393 0.6134 33.4678 1.4941 0.4464
Cyclist -1 -1 -3.1228 972.3284 146.4814 1034.8409 219.4685 1.8388 0.5888 1.3982 10.3340 0.9833 18.4126 -2.6169 0.4337
Car -1 -1 -0.8783 0.0000 207.5183 289.3451 370.0000 1.4826 1.5912 3.8736 -3.1593 1.6857 3.3102 -1.5924 0.8238
Car -1 -1 1.5972 455.0947 175.4424 478.2566 198.1161 1.6700 1.6295 3.9025 -10.5470 1.2988 54.1291 1.4075 0.3869
Car -1 -1 1.5328 679.5877 170.9634 702.6536 194.4360 1.8006 1.6662 4.1432 6.8444 1.0703 56.3683 1.6546 0.1676
