Pedestrian -1 -1 1.6040 1017.1025 132.2562 1069.4463 251.3825 1.7730 0.6790 0.6282 6.6635 1.1691 11.1826 2.1296 0.3528
Pedestrian -1 -1 1.2063 472.8854 166.8482 523.6885 281.8175 1.6986 0.5571 0.7033 -1.7781 1.6102 11.1009 1.0501 0.3382
Pedestrian -1 -1 1.6295 915.1472 135.2934 954.4174 231.3748 1.7234 0.6299 0.8044 6.0053 1.0500 13.4404 2.0412 0.2317
Pedestrian -1 -1 2.1514 942.2481 137.3369 999.9538 247.1733 1.7417 0.6005 0.6365 5.8805 1.1789 11.8600 2.6015 0.1840
Pedestrian -1 -1 2.1149 1049.6946 150.0796 1105.3694 256.8712 1.6877 0.5402 0.5866 7.5735 1.3281 11.7732 2.6748 0.1402
Pedestrian -1 -1 1.0497 1082.5348 128.1812 1149.2688 247.0536 1.7485 0.6184 0.5774 7.5917 1.0918 10.9211 1.6445 0.1374
Pedestrian -1 -1 -1.6256 1046.5292 132.3408 1069.6212 185.5526 1.9757 0.7055 0.5794 16.8488 0.4718 27.2094 -1.0760 0.1282
Pedestrian -1 -1 2.1471 372.9827 136.3197 517.5876 327.0969 1.7116 0.5838 1.7350 -1.6709 1.3842 7.3854 1.9310 0.1169
Cyclist -1 -1 2.1460 372.3851 138.5477 517.4786 329.8632 1.7277 0.5982 1.7413 -1.6851 1.4183 7.4335 1.9294 0.7054
Cyclist -1 -1 1.8974 449.8651 158.0467 511.5583 279.9131 1.7532 0.6376 0.9820 -1.9899 1.5405 10.9105 1.7202 0.1132
Car -1 -1 -1.8586 625.4341 171.9135 696.2849 217.2965 1.5294 1.6080 3.5500 1.7284 1.4980 26.2216 -1.7941 0.2455
Car -1 -1 -2.3245 266.8401 179.8403 517.3389 289.6637 1.4667 1.6583 3.8232 -3.5728 1.5948 11.5179 -2.6196 0.1364
