Pedestrian -1 -1 1.0987 997.7434 134.8152 1052.7451 219.3980 1.8678 0.7169 0.9517 9.5153 0.8606 16.1031 1.6256 0.7703
Pedestrian -1 -1 1.4845 741.6167 145.9759 799.4799 274.5175 1.8375 0.7678 0.7741 2.4037 1.3456 10.5370 1.7042 0.6777
Pedestrian -1 -1 -1.4969 82.3531 153.5830 102.4843 199.0319 1.9542 0.6712 0.5195 -22.3420 0.7983 30.7930 -2.1177 0.1935
Cyclist -1 -1 -1.7787 1179.0034 105.9092 1224.0000 210.3808 1.7206 0.4473 1.7362 10.6198 0.4938 12.5123 -1.0855 0.3673
Cyclist -1 -1 2.2702 426.5331 171.9324 444.6611 193.9396 1.7315 0.5689 1.5076 -13.5009 1.0587 56.4273 2.0383 0.1997
Cyclist -1 -1 -1.9355 685.5245 140.4429 712.6954 186.9686 1.7555 0.4761 1.6875 3.6282 0.2456 27.5493 -1.8039 0.1954
Car -1 -1 -1.1104 149.1856 146.4112 265.7579 207.6290 2.0011 1.7866 4.5419 -14.1280 0.8884 25.4124 -1.6105 0.8197
Car -1 -1 -0.2609 750.7009 156.5288 808.9302 176.7299 1.5693 1.6633 4.1980 13.8559 -0.3027 56.1174 -0.0183 0.5866
Car -1 -1 -1.8586 1110.6692 44.9794 1224.0000 370.0000 1.5824 1.6044 3.8056 4.3555 1.1535 4.3018 -1.1012 0.3581
Car -1 -1 2.0047 167.0075 180.4433 239.6830 210.8776 1.4410 1.5701 4.1352 -20.1272 1.4397 35.5926 1.4956 0.2699
