Cyclist -1 -1 1.9554 119.8614 159.6610 284.1349 375.0000 1.7035 0.5605 1.9106 -3.5710 1.6045 6.4108 1.4638 0.8863
Cyclist -1 -1 1.7882 298.6758 165.1429 386.2868 325.9207 1.7083 0.5691 1.9219 -3.2038 1.6267 8.6532 1.4425 0.8075
Car -1 -1 -2.0212 793.4752 177.3861 1202.7156 375.0000 1.4712 1.5486 3.3424 2.7580 1.5206 6.0913 -1.6152 0.9756
Car -1 -1 -1.7334 588.6462 176.2070 651.5853 223.6339 1.5118 1.6178 3.5690 0.2367 1.6378 25.1511 -1.7248 0.9367
Car -1 -1 -1.8644 659.1290 168.5618 809.4713 259.1388 1.4036 1.5761 3.9221 2.0380 1.3374 13.2326 -1.7158 0.9268
Car -1 -1 -1.4704 403.4775 181.3681 451.4490 218.9118 1.4342 1.5853 3.7833 -7.6785 1.8173 30.4472 -1.7158 0.9109
Car -1 -1 -1.2239 59.7250 202.9623 312.7339 357.1464 1.3857 1.5191 3.6490 -5.0924 1.8479 9.1479 -1.7202 0.8980
Car -1 -1 1.7935 234.7953 187.3269 371.4168 279.8811 1.4779 1.5938 4.0082 -5.9287 1.8071 14.2852 1.4061 0.8677
Car -1 -1 -1.7035 562.2161 174.8914 601.1445 206.4969 1.4563 1.4768 3.2011 -1.4579 1.5608 35.1691 -1.7451 0.8205
Car -1 -1 2.7688 694.4174 159.7741 810.1874 204.4374 1.4763 1.5401 3.6114 4.8390 1.0443 24.9334 2.9579 0.7102
Car -1 -1 1.7179 422.8999 172.6078 463.0670 203.3348 1.5874 1.5753 3.8768 -9.0705 1.5751 39.2683 1.4920 0.6191
Car -1 -1 -1.6463 544.9712 173.1723 573.2147 197.1486 1.6236 1.6802 4.1345 -3.6705 1.6474 51.0831 -1.7180 0.4768
