Car -1 -1 -1.7342 680.0182 184.4390 761.0099 244.2475 1.4304 1.5272 3.4951 2.8303 1.4130 18.9499 -1.5885 0.9764
Car -1 -1 -1.2013 203.0366 182.2740 435.3782 314.4417 1.4633 1.5745 3.9312 -3.7266 1.4319 9.9355 -1.5515 0.9695
Car -1 -1 -1.3867 427.7162 181.3259 501.8570 234.6679 1.5213 1.6113 3.6240 -4.3879 1.4115 22.3167 -1.5790 0.9407
Car -1 -1 -1.3192 380.2638 170.1786 439.6802 210.3524 1.6905 1.6216 3.9847 -8.8257 1.0589 32.2487 -1.5846 0.9314
Car -1 -1 -1.4360 492.8679 176.6383 533.4083 208.2488 1.4641 1.5166 3.3663 -4.5896 1.0679 34.9778 -1.5658 0.9261
Car -1 -1 -1.0418 57.2874 187.7312 267.7465 276.8882 1.4106 1.5827 3.7958 -8.0596 1.4652 13.3783 -1.5754 0.8958
Car -1 -1 -1.5857 584.9460 176.4271 613.8821 202.2407 1.4511 1.6277 3.8521 -0.5515 0.9582 42.3546 -1.5991 0.8308
Car -1 -1 -1.6961 625.4589 177.5846 658.3282 202.1930 1.5165 1.6333 3.8676 2.1321 1.0474 46.2892 -1.6507 0.6945
Car -1 -1 -1.6376 517.9991 176.7648 547.5124 201.6649 1.5190 1.6097 3.9258 -4.8523 1.0046 45.9206 -1.7427 0.5733
Car -1 -1 -0.6462 0.0000 215.6001 140.5243 376.0000 1.5294 1.6102 3.7621 -3.3811 1.6991 2.0743 -1.6096 0.4850
