Pedestrian -1 -1 1.6196 471.3010 170.9630 495.4509 236.7052 1.8005 0.6239 0.9388 -3.5955 1.7491 20.2630 1.4456 0.3224
Pedestrian -1 -1 -1.2685 706.2205 165.6001 722.6196 208.2485 1.9132 0.5988 0.5582 4.7010 1.5882 32.7463 -1.1277 0.1879
Pedestrian -1 -1 -0.2062 672.9493 168.5527 684.5244 192.9946 1.8639 0.5429 0.7885 5.2438 1.5363 55.3346 -0.1126 0.1765
Pedestrian -1 -1 2.4871 785.4377 163.5673 853.9592 274.5912 1.7522 0.6803 0.8408 3.3869 1.6060 11.8578 2.7577 0.1303
Pedestrian -1 -1 1.7935 701.1415 155.7448 715.6573 196.5785 1.9194 0.5319 0.7611 4.6505 1.1156 34.3635 1.9266 0.1270
Pedestrian -1 -1 1.6920 314.6748 141.8970 371.2746 274.1375 1.7817 0.5670 1.7421 -3.9529 1.3649 10.6311 1.3435 0.1066
Cyclist -1 -1 1.7806 307.9536 169.3753 374.2701 294.6167 1.6665 0.5394 1.7700 -3.9299 1.6206 10.5122 1.4303 0.3686
Cyclist -1 -1 -1.6467 1104.5341 149.6772 1141.8203 251.0343 1.7138 0.4028 1.6075 9.1706 1.3223 12.9932 -1.0431 0.1329
Car -1 -1 1.5154 661.6486 182.8259 697.6345 215.7101 1.6248 1.6982 3.9264 3.6643 2.1897 38.8516 1.6081 0.7527
Car -1 -1 -1.6515 754.8858 165.4497 855.8467 280.9720 1.8438 1.4861 2.8644 3.3745 1.7259 13.0483 -1.4050 0.5797
Car -1 -1 3.5615 45.0617 189.9530 382.5972 303.2014 1.4166 1.5911 3.8805 -5.4473 1.6805 10.2085 3.0815 0.3498
Car -1 -1 1.7250 500.6572 182.8693 574.4171 239.4409 1.4727 1.5953 3.9218 -2.1078 1.7993 21.4933 1.6277 0.2096
Car -1 -1 1.6943 554.3209 178.8129 583.2195 204.2742 1.8014 1.6758 4.0865 -3.0797 2.2660 54.1202 1.6373 0.1526
Car -1 -1 1.5190 666.7350 173.2898 685.5469 191.5185 1.6210 1.5268 3.5374 6.0114 1.6624 66.0442 1.6091 0.1246
