Pedestrian -1 -1 1.2197 751.2003 177.5565 771.7141 220.4361 1.6850 0.5963 0.6976 6.0049 1.8758 28.8259 1.4223 0.3943
Cyclist -1 -1 1.9191 257.1002 175.3071 371.1057 354.6957 1.7057 0.5628 1.7232 -3.1662 1.7354 7.7509 1.5421 0.8770
Car -1 -1 -1.7330 642.2001 175.7294 724.7906 232.7942 1.4331 1.6328 4.2201 1.9237 1.5237 20.4975 -1.6415 0.9612
Car -1 -1 3.5506 138.2168 184.5393 381.7510 259.1946 1.3983 1.6283 4.1521 -7.0177 1.6504 14.6641 3.1109 0.9581
Car -1 -1 -0.6947 956.6133 143.0272 1242.0000 327.1241 1.5904 1.6419 3.7123 5.6206 1.3331 7.1398 -0.0481 0.9101
Car -1 -1 0.3845 309.1249 176.7585 440.2472 230.1374 1.5834 1.5234 3.5631 -7.3014 1.7099 22.4194 0.0727 0.9061
Car -1 -1 -2.7528 238.7800 183.1190 426.4397 246.5535 1.4145 1.5028 3.8870 -6.5549 1.6705 17.1545 -3.1131 0.9059
Car -1 -1 -1.6110 626.5570 173.0024 660.6953 204.6443 1.4776 1.5203 3.6651 1.5751 1.4857 35.5441 -1.5676 0.8083
Car -1 -1 -0.9115 1053.3176 184.7909 1242.0000 375.0000 1.4450 1.6083 4.0414 5.3787 1.5423 4.8471 -0.1045 0.7869
Car -1 -1 3.1935 412.0039 171.8688 495.8586 202.7372 1.5932 1.6471 4.2753 -8.2765 1.5427 38.3909 2.9823 0.3344
