Pedestrian -1 -1 1.5602 520.4072 169.6811 535.1330 210.8274 1.9675 0.6991 0.7524 -4.0214 1.8162 34.9162 1.4459 0.3639
Pedestrian -1 -1 0.6687 90.8248 135.4539 216.7385 312.7486 1.8597 0.6795 0.9612 -5.0646 1.4678 7.9591 0.1166 0.2872
Pedestrian -1 -1 -2.1379 835.3972 137.2086 859.2866 185.6793 1.9322 0.7255 0.5652 9.5363 0.5116 29.1254 -1.8245 0.2026
Pedestrian -1 -1 -0.4271 678.9745 159.3864 695.8703 190.9114 1.8839 0.5863 0.8462 4.6360 1.0795 43.5278 -0.3220 0.1950
Pedestrian -1 -1 -3.3553 1065.4657 166.4615 1200.4080 375.0000 1.4966 0.8204 0.6190 3.7496 1.4543 5.3129 -2.7672 0.1907
Cyclist -1 -1 1.8700 503.8528 182.5259 526.6275 223.5892 1.6876 0.4946 1.6869 -4.0916 2.1144 30.9354 1.7389 0.3253
Car -1 -1 1.8676 265.7651 173.9298 448.0731 297.8854 1.5525 1.5839 3.4415 -3.6233 1.5716 10.8010 1.5505 0.9751
Car -1 -1 -1.5728 662.8146 176.1438 704.0736 219.2457 1.6559 1.5975 3.6115 2.9867 1.8010 29.8774 -1.4748 0.6999
Car -1 -1 1.4339 636.8498 184.5490 664.9949 208.0540 1.6687 1.6239 3.9064 3.0702 2.5970 55.2378 1.4886 0.4050
Car -1 -1 -0.7995 1195.1892 29.3973 1242.0000 375.0000 1.5679 1.5728 3.9948 5.3733 1.1343 3.3121 0.1803 0.2099
