Pedestrian -1 -1 -1.5000 900.3675 169.8589 918.4142 212.3457 1.7466 0.6549 0.6370 12.4469 1.6239 30.0902 -1.1117 0.3981
Pedestrian -1 -1 1.4009 934.1151 178.6080 966.4379 248.2321 1.6305 0.5720 0.7994 8.1618 1.7735 17.4301 1.8315 0.2197
Pedestrian -1 -1 -1.6124 929.8438 157.3648 946.7487 196.9638 1.9022 0.7227 0.5437 15.9032 1.1585 35.0442 -1.1898 0.1295
Cyclist -1 -1 2.2277 237.9976 183.0268 261.8236 208.2164 1.7068 0.5467 1.7343 -25.2304 2.4322 50.5215 1.7664 0.2515
Cyclist -1 -1 0.8421 922.4037 173.3177 971.6806 223.4561 1.6986 0.5793 1.6965 11.7755 1.7158 25.3541 1.2719 0.2359
Cyclist -1 -1 1.3992 736.8174 166.2389 757.4069 209.4115 1.7402 0.5431 1.7402 5.6388 1.4739 29.9550 1.5830 0.2330
Cyclist -1 -1 1.4398 714.8881 183.2621 728.4315 215.4796 1.6768 0.5022 1.6745 5.9820 2.2510 38.9366 1.5904 0.1811
Car -1 -1 2.1098 15.6257 200.3413 268.1182 308.3646 1.4055 1.6540 4.3346 -7.8916 1.9714 12.6669 1.5617 0.9387
Car -1 -1 1.5974 590.1403 178.6483 621.3166 208.1847 1.5033 1.6049 3.7084 -0.2290 1.8346 39.3260 1.5911 0.7829
Car -1 -1 1.7745 432.4713 179.8983 485.9073 217.4695 1.5141 1.5443 3.8750 -6.6033 1.8433 31.7398 1.5705 0.2626
Car -1 -1 1.6799 462.0379 182.3880 500.7783 215.3584 1.5676 1.5659 3.8543 -6.6534 2.0885 37.4196 1.5047 0.1957
Car -1 -1 1.1792 708.1671 174.0111 762.3277 202.8561 1.5168 1.5847 3.9126 6.8763 1.5849 40.1886 1.3470 0.1321
