Pedestrian -1 -1 -2.9929 648.0734 181.9499 664.5167 215.2494 1.7064 0.6580 0.7674 2.3781 2.1858 37.5936 -2.9309 0.3371
Pedestrian -1 -1 -0.8220 829.5683 156.5741 867.4022 214.6043 1.8268 0.7448 0.9008 7.6391 1.3147 23.2558 -0.5088 0.1797
Pedestrian -1 -1 -1.6997 784.8105 146.1055 800.7490 187.7941 1.8630 0.5886 0.8829 8.2426 0.6680 32.7137 -1.4551 0.1695
Pedestrian -1 -1 -2.0533 1072.7922 171.9712 1099.9113 220.5889 1.6803 0.5655 0.6238 16.6355 1.6502 25.2722 -1.4769 0.1419
Pedestrian -1 -1 -1.7364 1154.0980 200.4964 1194.0809 286.2703 1.6981 0.4288 1.4262 12.0362 2.3197 15.4834 -1.0859 0.1044
Cyclist -1 -1 -1.7804 801.7460 151.9449 821.3187 195.4361 1.7393 0.4185 1.7264 8.2503 0.9035 29.7271 -1.5125 0.2292
Cyclist -1 -1 -1.8284 1150.3351 200.0077 1196.3984 285.7561 1.7019 0.4035 1.4705 12.0721 2.3162 15.5542 -1.1786 0.1747
Cyclist -1 -1 1.4036 756.0331 145.2417 776.2893 190.4499 1.7572 0.4993 1.7656 6.2082 0.6843 28.9349 1.6126 0.1305
Car -1 -1 2.1644 19.0611 193.7922 196.1267 260.3511 1.5086 1.7198 4.6322 -13.7789 2.1603 20.1259 1.5700 0.9398
Car -1 -1 1.7627 405.4733 181.5286 440.3618 204.6024 1.5947 1.7273 4.2754 -13.8968 2.2669 53.6936 1.5103 0.7284
Car -1 -1 2.2598 0.0000 186.7843 86.7815 227.8051 1.4937 1.6353 4.0988 -23.9295 2.1080 29.7334 1.5863 0.1597
Car -1 -1 1.3268 685.7914 171.3793 715.1934 191.9097 1.6921 1.6363 3.6686 7.6416 1.5709 61.3851 1.4497 0.1391
Car -1 -1 -1.6559 658.1364 183.0435 701.6938 221.1926 1.5308 1.5736 3.9188 2.9979 2.0104 31.9649 -1.5639 0.1304
