Pedestrian -1 -1 1.9646 351.9920 141.6833 435.3914 294.8365 1.8091 0.6809 0.9639 -2.7384 1.4413 9.0360 1.6775 0.2198
Pedestrian -1 -1 0.1611 188.5377 149.9807 212.1734 196.3288 1.9529 0.6087 0.7899 -17.5346 0.9895 30.8222 -0.3526 0.1786
Pedestrian -1 -1 2.6283 960.2964 163.2514 982.9497 199.1445 1.8388 0.6773 0.8195 18.6644 1.3472 37.3218 3.0886 0.1223
Pedestrian -1 -1 -2.1522 140.4077 170.3688 173.3936 224.9253 1.6770 0.7362 0.4743 -14.2411 1.6010 22.6107 -2.7092 0.1034
Car -1 -1 0.6652 133.2464 177.6996 338.1057 259.3321 1.5897 1.6261 3.6467 -7.9437 1.7008 15.3343 0.1939 0.9773
Car -1 -1 -0.5028 1094.5811 161.8072 1242.0000 285.4753 1.7368 1.7659 4.2212 10.3975 1.5820 11.4544 0.2210 0.9194
Car -1 -1 -1.0726 213.1378 168.6636 263.5698 194.0387 1.7279 1.6731 3.5380 -26.1955 1.4429 50.9177 -1.5458 0.2509
Car -1 -1 -1.1674 174.4043 169.2052 222.5737 198.1759 2.3375 1.8248 4.6669 -34.5249 2.0434 60.6344 -1.6833 0.1258
Car -1 -1 -1.0123 25.1891 174.3521 89.6539 199.9289 1.6859 1.7074 3.9272 -38.1015 1.7939 49.8291 -1.6627 0.1148
Car -1 -1 0.6126 236.4626 171.0210 288.3201 188.3211 1.5774 1.6040 4.1711 -32.2425 1.4106 66.9176 0.1650 0.1014
