Car -1 -1 -0.2310 568.8439 177.4807 666.8708 215.9140 1.4909 1.6737 3.7221 0.2521 1.6883 29.5102 -0.2232 0.9630
Car -1 -1 0.3017 100.7691 185.3813 296.8829 255.5423 1.6210 1.6319 4.0185 -10.3194 1.9603 18.3090 -0.2057 0.9618
Car -1 -1 -0.3188 611.3222 178.7357 778.1867 239.3305 1.4638 1.6543 4.0214 2.1260 1.6282 18.8926 -0.2094 0.9617
Car -1 -1 3.6035 0.0000 209.5838 195.0863 334.2580 1.4517 1.5894 3.6999 -8.2519 2.0318 10.2321 2.9373 0.9489
Car -1 -1 3.5283 0.0000 196.7062 234.3922 298.1874 1.5172 1.5992 3.8948 -8.9451 1.9729 12.5624 2.9193 0.8966
Car -1 -1 3.3315 249.4453 187.6795 365.8871 230.9811 1.5987 1.6111 4.0306 -11.9514 2.2123 28.6489 2.9392 0.8784
Car -1 -1 0.2269 199.7572 193.5402 336.7041 244.6463 1.5103 1.5651 3.7577 -11.0267 2.2151 23.4122 -0.2093 0.5725
Car -1 -1 -0.1817 554.1610 177.1554 648.0880 213.0398 1.5131 1.6203 3.9190 -0.4594 1.7105 31.8801 -0.1966 0.5135
Car -1 -1 -1.8656 375.4060 181.2711 405.8997 199.5463 1.5647 1.6730 3.6110 -19.9695 2.3526 65.5493 -2.1605 0.4991
Car -1 -1 3.4265 160.9065 191.8523 319.6835 249.7834 1.5185 1.5895 3.7705 -10.5658 2.0952 20.7667 2.9607 0.4755
Car -1 -1 -1.7115 285.0984 178.6620 329.4414 209.5172 1.4574 1.6029 3.5337 -15.4843 1.7690 36.7329 -2.1081 0.4298
