Pedestrian -1 -1 -1.4989 430.6017 174.0213 453.6441 229.7421 1.7210 0.6547 0.7542 -5.3271 1.7589 22.7246 -1.7272 0.4325
Pedestrian -1 -1 -0.6519 234.8220 173.3053 281.7776 237.6034 1.6757 0.5718 0.9898 -9.4855 1.6885 19.3799 -1.1021 0.3745
Pedestrian -1 -1 1.5792 680.4080 173.7551 692.8480 202.3134 1.7323 0.7515 0.6920 4.6606 1.7883 44.1751 1.6831 0.2505
Cyclist -1 -1 -0.6667 233.3707 173.9902 283.3394 238.9487 1.6880 0.5853 1.0744 -9.4821 1.7199 19.3801 -1.1167 0.1123
Car -1 -1 -1.4060 431.8779 183.2718 529.0583 260.3184 1.4918 1.5481 3.8201 -2.8657 1.7567 16.4009 -1.5771 0.9476
Car -1 -1 1.9138 178.4445 171.9341 462.6121 349.7724 1.5856 1.6841 4.0815 -3.0554 1.5778 8.4762 1.5768 0.9464
Car -1 -1 1.7043 554.2288 170.4632 585.8802 194.7825 1.6774 1.7235 4.2800 -2.8598 1.5129 51.9655 1.6492 0.8430
Car -1 -1 1.4935 637.2610 177.6068 679.4103 211.0486 1.4183 1.6070 4.1051 2.1284 1.6513 33.2488 1.5562 0.8227
Car -1 -1 -0.0593 676.5385 175.5448 738.2981 202.0307 1.5958 1.6088 3.6890 5.9487 1.7659 44.5948 0.0720 0.5384
Car -1 -1 -1.6158 633.4240 166.2158 658.8479 190.0038 1.6312 1.6281 3.8642 2.5123 1.1764 51.4105 -1.5675 0.2560
Car -1 -1 1.6031 524.0291 175.3037 548.8671 198.7968 1.5119 1.5504 3.8024 -4.9702 1.6845 48.7886 1.5017 0.2468
