Pedestrian -1 -1 -0.4404 966.1191 131.7203 1082.9301 297.7607 1.7134 0.6130 0.9054 4.4515 1.2118 7.6296 0.0719 0.5687
Pedestrian -1 -1 1.4011 836.6312 174.5578 871.0740 244.0347 1.6973 0.6447 1.0486 6.2285 1.5537 17.8371 1.7331 0.2292
Pedestrian -1 -1 -0.8265 1014.1950 154.7207 1082.4646 263.5102 1.7429 0.5837 0.7842 7.2926 1.3315 11.7111 -0.2800 0.2057
Pedestrian -1 -1 -0.2006 817.5354 181.0857 871.2405 269.4921 1.7170 0.5615 0.9146 4.7084 1.7305 14.0635 0.1172 0.1343
Pedestrian -1 -1 2.7495 645.9816 174.8050 711.8801 271.9207 1.7319 0.7495 1.0032 1.3177 1.6320 13.1080 2.8489 0.1229
Pedestrian -1 -1 0.2481 449.1471 146.7838 502.5979 234.0706 1.8163 0.5702 1.0083 -2.7770 1.1164 15.0280 0.0712 0.1209
Pedestrian -1 -1 -2.2542 1131.6680 204.3619 1224.0000 370.0000 1.4911 0.5649 0.5675 4.3433 1.6794 5.2328 -1.5892 0.1080
Car -1 -1 0.8259 0.0000 115.9771 164.6040 283.2470 2.2865 1.9477 5.4368 -10.0722 1.4062 10.8897 0.0959 0.1739
Car -1 -1 0.2448 460.5690 192.0271 651.3547 260.4063 1.4363 1.6035 4.1491 -1.1202 1.7242 16.3965 0.1794 0.1376
Car -1 -1 -1.1516 490.7380 136.0600 587.9230 195.6924 1.6118 1.6414 3.3338 -1.8896 0.4122 20.9491 -1.2379 0.1060
