Pedestrian -1 -1 1.5680 347.4570 162.6018 368.2218 215.6602 1.8071 0.6712 1.0163 -8.7565 1.0380 25.0692 1.2351 0.2514
Cyclist -1 -1 1.5865 346.7147 162.8578 367.7810 216.2974 1.8184 0.6759 1.0851 -8.7717 1.0588 25.0780 1.2532 0.2114
Car -1 -1 -1.7897 497.1751 165.6764 547.3040 197.1419 1.4981 1.6545 4.1456 -4.4268 0.5690 36.4518 -1.9099 0.9456
Car -1 -1 -1.6993 421.0719 169.3313 458.8471 196.0872 1.3950 1.5705 3.5663 -9.2685 0.5680 39.4220 -1.9289 0.8971
Car -1 -1 1.3529 389.6783 158.0732 428.6238 185.1573 1.9485 1.8920 4.5323 -15.0268 -0.0035 54.1698 1.0834 0.4582
Car -1 -1 1.9360 211.6759 170.7135 256.7645 193.9714 1.6056 1.6068 3.8282 -26.7786 0.6056 51.6134 1.4593 0.2184
Car -1 -1 -0.1455 460.5576 167.0813 505.0387 184.3830 1.6104 1.6119 3.9801 -11.9058 -0.0797 68.4255 -0.3174 0.2019
Car -1 -1 -1.4025 248.3905 195.2384 403.9469 311.1666 1.4866 1.6411 3.9877 -4.4031 1.6802 11.6901 -1.7556 0.1743
Car -1 -1 2.9316 243.4613 167.3222 379.5642 214.2592 1.4897 1.5745 4.0729 -10.1362 0.9229 24.6073 2.5446 0.1590
Car -1 -1 3.2251 447.8865 176.9796 508.1187 200.2568 1.5823 1.5127 3.9949 -8.9714 1.0236 49.8015 3.0474 0.1566
