Pedestrian -1 -1 0.6529 1048.1094 136.0542 1106.1041 235.6612 1.7897 0.5373 0.7267 8.6122 1.1288 13.3956 1.2140 0.2707
Pedestrian -1 -1 3.5265 39.3490 139.9940 120.1516 275.7309 1.7837 0.5824 0.7205 -7.2716 1.3522 9.8469 2.9031 0.2449
Pedestrian -1 -1 2.0142 1008.5521 118.2352 1069.7576 236.7094 1.8611 0.5720 0.8180 6.9672 1.0035 11.7999 2.5365 0.2274
Pedestrian -1 -1 0.2647 469.7387 133.6852 517.1714 189.2896 1.8132 0.5657 1.4530 -3.8967 0.5363 23.8835 0.1046 0.1566
Cyclist -1 -1 3.0392 468.8088 132.1551 515.3347 187.6685 1.8024 0.5307 1.4726 -3.9496 0.4814 23.8731 2.8768 0.3814
Car -1 -1 -1.9190 765.2747 192.5552 1115.1613 375.0000 1.4303 1.5814 3.9094 2.6510 1.6738 6.9471 -1.5699 0.9744
Car -1 -1 2.0161 0.0000 180.2148 407.3998 375.0000 1.5598 1.5820 4.0492 -3.3277 1.6502 6.7876 1.5747 0.9420
Car -1 -1 1.4038 679.7568 186.3321 776.3253 259.0139 1.4611 1.6034 3.8029 2.6271 1.8173 17.1290 1.5523 0.9400
Car -1 -1 1.7544 425.2315 183.6955 516.7980 251.6469 1.4589 1.5760 3.6381 -3.3798 1.7554 17.8891 1.5696 0.9270
Car -1 -1 -1.7126 660.1744 180.8744 726.5462 231.1259 1.4519 1.5970 3.6892 2.5646 1.7323 23.3130 -1.6052 0.7799
Car -1 -1 1.4290 650.7140 179.2978 703.1066 220.1239 1.4413 1.5042 3.5858 2.4792 1.7070 27.8787 1.5161 0.6642
Car -1 -1 2.8956 610.4737 187.4228 678.1646 212.7333 1.4879 1.5098 3.9531 2.0847 2.4168 44.8508 2.9411 0.3368
