Pedestrian -1 -1 1.4559 364.0801 176.9412 391.8721 242.9763 1.7916 0.6532 0.7807 -6.5239 1.9087 20.1239 1.1457 0.2743
Pedestrian -1 -1 -1.7122 484.4196 158.9779 498.5158 195.7942 1.8832 0.6148 0.7907 -6.1799 1.1738 37.3738 -1.8752 0.2622
Pedestrian -1 -1 -1.3977 484.3781 182.0169 499.7660 217.2355 1.6390 0.6109 0.6766 -5.6083 2.0767 34.0947 -1.5600 0.2330
Car -1 -1 -1.8447 738.5313 173.7101 980.4763 341.2608 1.5603 1.6269 3.7261 2.6088 1.5731 8.6065 -1.5611 0.9859
Car -1 -1 -1.7518 667.7387 170.3077 764.1414 238.1516 1.5312 1.6588 4.1705 2.5176 1.4741 18.4048 -1.6188 0.9618
Car -1 -1 1.8928 231.0923 187.6020 476.0460 357.4826 1.4654 1.5438 3.4261 -2.6969 1.6696 8.2444 1.5850 0.9604
Car -1 -1 -1.7386 702.0938 182.0801 823.4830 273.3777 1.4092 1.5598 3.4537 2.6037 1.6011 13.2301 -1.5495 0.9139
Car -1 -1 -1.7016 650.0553 164.8066 702.6844 210.0283 1.9137 1.7773 4.6095 2.9018 1.5735 32.8735 -1.6149 0.8409
Car -1 -1 1.6447 521.7966 176.0187 564.6738 210.5321 1.4499 1.6191 4.5815 -3.0284 1.6053 33.0370 1.5535 0.7667
Car -1 -1 -1.7017 642.2142 171.6440 679.6000 201.7680 1.6029 1.5886 3.8108 2.7633 1.5389 40.3422 -1.6342 0.3117
