Pedestrian -1 -1 -3.0741 669.3914 169.6174 684.1854 198.4781 1.8490 0.5283 0.9180 4.2802 1.6420 46.5566 -2.9834 0.2745
Pedestrian -1 -1 1.7675 178.8806 157.8833 238.4730 287.9797 1.8126 0.6207 0.7418 -5.8751 1.6044 10.4971 1.2676 0.2479
Pedestrian -1 -1 -1.3921 507.9102 183.7029 526.8369 221.6164 1.7159 0.6385 1.4201 -4.3686 2.2353 33.7932 -1.5203 0.2458
Pedestrian -1 -1 -1.1570 517.7748 181.7659 536.7764 216.9785 1.8061 0.6957 0.8768 -4.3657 2.2797 37.7910 -1.2718 0.2226
Cyclist -1 -1 1.6725 508.7677 172.3758 526.3272 211.9743 1.8143 0.6717 1.4696 -4.3614 1.7928 33.8003 1.5447 0.3542
Car -1 -1 1.8219 339.0361 180.9250 472.2504 279.4733 1.5830 1.5762 3.4612 -3.7472 1.7551 13.6134 1.5575 0.9790
Car -1 -1 -1.5499 652.4540 184.1660 688.9488 222.4198 1.5910 1.5659 3.1593 2.7329 2.1289 32.6345 -1.4679 0.6769
Car -1 -1 -1.7192 645.8167 171.5545 670.3953 192.4327 1.8686 1.7068 3.8339 4.3870 1.7526 66.5555 -1.6541 0.5660
Car -1 -1 1.6496 635.2822 189.6043 659.7756 212.8618 1.7237 1.6782 4.0963 3.0617 3.1365 58.6961 1.7008 0.3030
Car -1 -1 -1.0895 510.2003 167.5375 574.0851 200.9756 1.5723 1.6239 3.7376 -3.3573 1.3227 35.9622 -1.1823 0.2283
Car -1 -1 1.5739 544.3546 174.2524 574.4974 204.5764 1.6911 1.6880 4.3997 -3.0213 1.7786 42.6953 1.5033 0.2168
