Pedestrian -1 -1 -2.0368 899.7266 154.7839 958.4318 252.1639 1.8093 0.7568 0.7727 6.0432 1.4739 13.8124 -1.6329 0.5897
Pedestrian -1 -1 1.0611 1080.6396 143.4594 1149.0763 252.7008 1.7495 0.7245 0.5904 8.2447 1.2791 11.8776 1.6560 0.3686
Pedestrian -1 -1 1.3272 1043.9811 173.4456 1071.5320 226.3577 1.6631 0.5533 0.8673 14.3331 1.6828 23.1833 1.8747 0.1515
Pedestrian -1 -1 -1.7532 843.9909 164.9460 857.8348 195.6044 1.7663 0.6155 0.8647 13.9975 1.3110 42.0357 -1.4342 0.1456
Pedestrian -1 -1 -0.7221 1204.8436 127.8201 1242.0000 209.0562 1.7793 0.5963 0.8188 13.8855 0.7933 16.1070 -0.0196 0.1115
Cyclist -1 -1 -2.0305 901.3162 156.6375 953.0594 254.7377 1.8126 0.4806 1.0602 6.0298 1.5134 13.8726 -1.6289 0.2893
Car -1 -1 1.7703 398.9685 180.2087 430.9989 200.6069 1.5359 1.6986 4.1242 -15.6439 2.1486 57.9610 1.5075 0.5970
Car -1 -1 -0.4361 932.3109 164.6079 1042.3223 203.6433 1.6411 1.7152 3.8608 16.2382 1.2948 31.2631 0.0388 0.4616
Car -1 -1 1.8389 442.3683 182.2103 475.4746 202.5632 1.5194 1.6181 3.8872 -12.0594 2.2935 57.6814 1.6333 0.1444
Car -1 -1 2.3154 0.0000 190.4927 200.9633 296.1972 1.4333 1.6127 3.8463 -9.1724 1.7873 12.4563 1.6906 0.1430
Car -1 -1 1.9017 335.2862 185.0198 376.6487 207.0570 1.4953 1.5992 4.2231 -18.7708 2.4319 53.4077 1.5649 0.1056
