Pedestrian -1 -1 1.5185 794.9874 152.4376 829.7762 237.1686 1.8591 0.7037 0.7770 4.7153 1.2227 16.2150 1.7919 0.6496
Pedestrian -1 -1 1.0895 660.4084 159.0561 674.8408 190.2445 1.9960 0.5293 0.9880 4.2918 0.5603 46.5271 1.1761 0.4512
Pedestrian -1 -1 2.1916 593.6682 161.8264 612.4262 199.0733 1.8986 0.5069 0.9646 0.0809 0.8966 37.1536 2.1888 0.4123
Pedestrian -1 -1 3.1093 378.7058 153.8497 418.8200 228.7125 1.8057 0.5395 0.9338 -5.0383 1.1400 17.7230 2.8310 0.3604
Pedestrian -1 -1 -1.4196 511.0713 168.9071 528.0778 210.9343 1.7413 0.6080 0.7436 -3.4469 1.2206 30.1424 -1.5376 0.3226
Pedestrian -1 -1 -0.8985 1129.2711 140.7865 1238.0000 303.0652 1.7065 0.5514 0.9029 6.4005 1.2798 7.9268 -0.2406 0.2992
Pedestrian -1 -1 -1.2937 931.2535 161.7063 969.8801 239.2279 1.6554 0.5995 0.7128 7.6470 1.2340 15.8026 -0.8547 0.2992
Pedestrian -1 -1 2.2070 581.8693 160.4534 600.2736 198.2482 1.9696 0.5286 0.9260 -0.5493 0.8736 37.9623 2.1877 0.2870
Pedestrian -1 -1 -3.1206 968.5326 158.2927 1033.7892 308.3100 1.6161 0.6298 0.6259 4.4875 1.3675 8.1628 -2.6369 0.2819
Pedestrian -1 -1 1.0787 739.6877 159.9791 756.4212 198.6132 1.8411 0.5304 0.6772 7.0569 0.8164 34.6314 1.2733 0.2053
Pedestrian -1 -1 -2.3578 545.7122 168.7562 563.2519 203.6785 1.8116 0.6359 0.6638 -2.4702 1.1514 37.7198 -2.4278 0.2017
Pedestrian -1 -1 -1.2588 525.2461 171.1232 546.1237 215.7174 1.7089 0.6329 0.6806 -2.5715 1.3122 27.9244 -1.3550 0.1976
Pedestrian -1 -1 1.1572 461.1711 190.7229 496.1675 256.4362 1.5431 0.6016 0.7094 -3.0213 1.7743 17.4567 0.9827 0.1954
Cyclist -1 -1 -1.6919 1143.2601 141.2069 1226.6176 304.7301 1.6873 0.5896 0.8877 6.3739 1.2729 7.9414 -1.0369 0.1398
Cyclist -1 -1 3.0840 373.1402 151.4241 419.5269 227.1721 1.8256 0.5331 1.0710 -5.1019 1.1019 17.7389 2.8027 0.1003
Car -1 -1 1.7109 609.9321 167.8959 658.8871 203.3197 1.4221 1.5838 3.9994 1.4681 0.8770 30.9454 1.7529 0.8188
Car -1 -1 1.4093 1021.5091 156.5612 1211.9194 272.3731 1.4303 1.6104 4.0484 7.5929 1.1237 11.0454 1.9953 0.3350
Car -1 -1 -1.5790 686.4846 143.8721 738.8061 203.0943 2.0665 1.8130 4.4748 4.1770 0.7546 27.4030 -1.4341 0.2905
