Pedestrian -1 -1 1.3392 1078.4030 170.4670 1114.2950 234.9441 1.7683 0.6592 0.8225 13.6151 1.7032 20.2852 1.9230 0.8043
Pedestrian -1 -1 1.5206 800.3620 162.8589 819.8143 214.6626 1.7583 0.5997 0.8977 6.8795 1.4194 24.9906 1.7857 0.2697
Cyclist -1 -1 0.9488 1086.1221 141.1469 1138.5393 197.5196 1.7671 0.5567 1.6058 16.2353 0.7736 23.4242 1.5489 0.3920
Cyclist -1 -1 1.5206 800.3620 162.8589 819.8143 214.6626 1.7583 0.5997 0.8977 6.8795 1.4194 24.9906 1.7857 0.1040
Car -1 -1 -1.3768 766.5299 176.0731 860.3823 238.6950 1.4849 1.6644 4.3491 5.5989 1.5834 19.6614 -1.1040 0.9346
Car -1 -1 -1.5705 991.5372 170.5827 1099.9612 261.0867 1.6057 1.7015 3.8458 8.8758 1.5657 14.8878 -1.0421 0.9267
Car -1 -1 -1.3561 810.4164 173.8640 892.6857 225.8563 1.5648 1.6927 4.5855 8.1485 1.6024 24.2100 -1.0357 0.8474
Car -1 -1 -1.9751 1050.9233 192.2815 1242.0000 375.0000 1.4783 1.5975 3.9660 3.5205 1.6318 3.5493 -1.2353 0.7833
Car -1 -1 -1.5233 911.8369 170.8182 942.0083 196.6870 1.6415 1.6647 3.8014 21.0176 1.5126 47.8542 -1.1120 0.7100
Car -1 -1 -0.6024 812.1900 157.9746 890.2560 185.8590 1.6915 1.6999 4.4648 15.0715 0.7893 45.2063 -0.2827 0.2232
