Pedestrian -1 -1 1.3550 468.5230 167.3064 491.4094 220.8322 1.8166 0.6257 0.7829 -4.5485 1.6287 24.9674 1.1761 0.3235
Pedestrian -1 -1 2.1675 281.5486 159.1272 360.5865 291.9056 1.7418 0.6443 0.8498 -4.0196 1.5621 9.9479 1.7920 0.2501
Pedestrian -1 -1 1.6456 704.5180 167.4099 723.5607 218.4249 1.8183 0.6269 0.8348 3.7373 1.6246 26.1889 1.7851 0.1654
Pedestrian -1 -1 1.4706 695.2139 171.4247 711.1398 215.8473 1.7622 0.5341 1.0248 3.7154 1.7058 29.1384 1.5955 0.1538
Pedestrian -1 -1 1.9671 708.6913 162.1202 732.7307 216.7713 1.8262 0.6050 0.6526 3.7235 1.4679 24.5433 2.1153 0.1471
Cyclist -1 -1 1.9793 324.9251 205.6207 417.2149 337.1549 1.6022 0.5443 1.8374 -3.3738 2.1084 10.1954 1.6663 0.2102
Cyclist -1 -1 2.0173 265.0107 167.7889 344.1224 309.4160 1.7399 0.5773 0.9759 -3.9933 1.6781 9.3641 1.6236 0.1008
Car -1 -1 1.4502 648.2631 187.1654 700.8860 228.7771 1.4745 1.6081 4.0735 2.4849 2.0921 29.0504 1.5339 0.9367
Car -1 -1 0.7253 0.0000 0.0000 1242.0000 375.0000 1.5946 1.6538 3.9696 3.1155 1.3648 2.0380 1.6529 0.4996
Car -1 -1 1.4356 643.0906 174.8925 667.2324 195.6671 1.8095 1.6608 3.8991 4.0323 1.9998 65.2429 1.4967 0.1806
Car -1 -1 -1.6622 650.3591 176.6123 675.4046 199.1058 1.6827 1.6166 3.6779 4.0803 1.9867 56.4473 -1.5909 0.1696
Car -1 -1 1.6950 551.6544 193.3068 580.8929 216.7234 1.5888 1.7059 4.3298 -3.3191 3.2122 55.0379 1.6344 0.1400
