Pedestrian -1 -1 2.0919 385.7149 165.9545 426.5947 245.0183 1.7974 0.6285 0.7594 -4.5879 1.4452 16.7743 1.8235 0.4333
Pedestrian -1 -1 2.2888 370.7841 174.2181 414.8687 249.1644 1.7733 0.5626 0.9297 -5.1177 1.6022 17.5342 2.0033 0.3871
Pedestrian -1 -1 1.3602 1007.9130 139.2396 1047.7723 223.8715 1.7160 0.5673 0.7218 8.8513 0.8604 14.9925 1.8809 0.3755
Pedestrian -1 -1 -2.6274 455.7724 184.1090 501.0861 258.6804 1.6874 0.6396 0.8344 -2.8944 1.7509 16.7231 -2.8017 0.3627
Pedestrian -1 -1 2.2142 741.8174 137.8559 767.5646 188.9068 1.9028 0.6163 0.7742 5.7965 0.2771 27.2586 2.4170 0.3239
Pedestrian -1 -1 -1.5830 536.3878 174.6375 555.1871 212.2814 1.5917 0.7889 0.8372 -2.4079 1.3025 30.8241 -1.6654 0.2497
Pedestrian -1 -1 1.2585 558.6786 161.2805 568.2875 182.9090 1.9604 0.6414 0.8557 -3.4332 0.1281 65.6210 1.2016 0.2392
Pedestrian -1 -1 2.0290 476.5438 179.7451 514.9364 252.1452 1.7349 0.6484 0.8075 -2.6301 1.6940 17.6930 1.8780 0.2021
Cyclist -1 -1 -2.0068 1066.6799 133.2520 1123.2113 212.0322 1.7911 0.4538 1.6136 11.7244 0.6954 17.1612 -1.4195 0.2346
Cyclist -1 -1 -1.8432 459.0595 183.8746 498.2097 260.6910 1.7205 0.6527 0.9804 -2.8999 1.7788 16.7052 -2.0181 0.1130
Car -1 -1 -1.8576 708.7259 152.0874 854.8328 259.2482 1.7457 1.6064 3.7640 3.1972 1.2679 13.6305 -1.6368 0.9483
Car -1 -1 -0.7766 1012.3597 128.5646 1238.0000 374.0000 1.4869 1.5705 4.0782 4.5744 1.2844 3.6991 0.0747 0.5657
Car -1 -1 2.9666 491.4231 170.9314 547.1797 193.1179 1.6086 1.6857 3.8829 -6.1029 0.8430 53.4477 2.8485 0.2499
Car -1 -1 -1.6570 477.6426 187.4128 543.7732 245.7831 1.4954 1.5617 3.4265 -2.7029 1.6813 20.6152 -1.7911 0.2429
Car -1 -1 1.2673 625.1546 167.4219 669.6122 193.4852 1.4515 1.5482 3.6484 2.6365 0.6683 41.9596 1.3248 0.2292
Car -1 -1 -2.0895 642.9254 165.8640 681.5099 185.3962 1.5265 1.5870 3.4551 4.9030 0.3050 58.0379 -2.0104 0.2086
Car -1 -1 -1.3614 533.8387 173.3673 576.4166 201.7143 1.4987 1.6526 3.6539 -2.5239 1.0696 39.9014 -1.4291 0.2083
