Pedestrian -1 -1 2.4606 177.5113 172.9706 215.7403 227.5409 1.7179 0.6680 0.8334 -13.3449 1.7221 23.2231 1.9437 0.4342
Pedestrian -1 -1 -1.1594 421.8894 157.7796 441.5778 198.0998 1.9057 0.6626 0.7696 -8.5677 1.1936 34.5361 -1.4011 0.3719
Car -1 -1 0.8362 627.6728 157.0514 691.9814 185.0562 1.6665 1.6460 4.1475 3.0306 0.7265 45.0719 0.9026 0.7591
Car -1 -1 -2.1177 473.3877 157.1611 541.3401 192.1340 1.8854 1.7557 4.4899 -5.9488 1.0397 41.1851 -2.2605 0.7440
Car -1 -1 -2.0273 421.9715 160.8923 480.4940 193.3302 1.7046 1.6396 3.8288 -8.8603 1.0764 39.9213 -2.2446 0.7433
Car -1 -1 1.2423 374.8307 162.9840 436.9468 197.9133 1.7181 1.7431 4.5969 -10.8115 1.2330 37.8741 0.9658 0.7185
Car -1 -1 -2.4497 695.8491 161.6137 754.9322 186.0605 1.6246 1.6762 3.8508 7.9220 0.8780 49.9447 -2.2936 0.5523
Car -1 -1 -2.3181 755.5810 165.1066 814.9127 188.9071 1.7469 1.7270 4.6372 13.3649 1.1786 55.4017 -2.0829 0.3796
Car -1 -1 0.5585 853.6420 160.3844 916.4006 183.1041 1.7998 1.7235 4.6219 22.6054 0.8123 59.5158 0.9197 0.3727
Car -1 -1 -1.0023 97.6398 164.9519 155.9250 192.8323 2.1821 1.8690 4.3811 -39.2338 1.5640 58.6783 -1.5897 0.3054
Car -1 -1 1.4194 955.7701 157.2614 983.6954 176.5137 1.7080 1.6678 4.2038 32.9756 0.3250 66.2648 1.8793 0.2972
