Pedestrian -1 -1 -1.3322 910.9514 148.0450 942.6034 216.7554 1.7361 0.5866 0.7930 8.1754 1.1096 18.7219 -0.9265 0.4271
Pedestrian -1 -1 -2.7830 817.1104 136.4198 867.1358 204.5088 1.8924 0.6241 1.2244 6.6001 0.8802 20.6741 -2.4783 0.2658
Pedestrian -1 -1 -1.3459 356.6819 173.0966 376.7851 217.3087 1.7253 0.6228 0.6528 -9.6519 1.7354 28.5140 -1.6699 0.2399
Pedestrian -1 -1 -1.7641 303.9770 175.4887 326.5630 225.6889 1.6786 0.5881 0.7165 -10.1099 1.7706 24.6326 -2.1502 0.1586
Pedestrian -1 -1 -3.2275 733.2184 154.6883 775.3221 226.3998 1.9272 0.5651 1.0811 3.8871 1.4394 19.7262 -3.0364 0.1350
Pedestrian -1 -1 0.8757 1029.1958 107.0292 1104.5222 236.7255 1.8122 0.5635 0.7640 6.5779 0.8928 10.4982 1.4229 0.1227
Cyclist -1 -1 -2.7830 817.1104 136.4198 867.1358 204.5088 1.8924 0.6241 1.2244 6.6001 0.8802 20.6741 -2.4783 0.2193
Cyclist -1 -1 -0.8806 0.0000 128.4055 79.1789 221.5302 1.7593 0.5106 1.4887 -11.4488 0.9199 14.3795 -1.5441 0.1619
Car -1 -1 1.6178 572.0826 174.8551 597.9951 197.6023 1.4962 1.6026 4.0829 -1.7182 1.6406 49.8694 1.5832 0.7740
Car -1 -1 -2.3786 320.7889 175.6227 369.0536 195.0132 1.5497 1.5905 3.6534 -21.8987 1.7842 59.5407 -2.7299 0.1476
Car -1 -1 1.5550 552.5927 179.8273 571.4702 198.5112 1.5614 1.5990 3.9771 -4.2923 2.1988 63.8714 1.4877 0.1039
