Pedestrian -1 -1 -3.1438 601.0419 135.5853 694.8882 292.6983 1.8526 0.4971 1.1084 0.4699 1.3247 8.6095 -3.0892 0.6774
Pedestrian -1 -1 -1.4976 839.2745 177.6014 870.4781 247.3134 1.7046 0.6914 0.7381 6.2452 1.6353 17.7595 -1.1635 0.1558
Pedestrian -1 -1 2.6478 645.2175 174.4743 712.7697 273.1131 1.7553 0.7488 1.0116 1.3226 1.6497 13.1170 2.7475 0.1479
Pedestrian -1 -1 -3.2985 807.7657 175.5808 861.3172 267.1443 1.7768 0.5651 0.9323 4.5121 1.6830 14.0641 -2.9931 0.1347
Pedestrian -1 -1 0.1973 463.7022 174.2746 512.2101 258.1260 1.7479 0.6317 0.9134 -2.5255 1.6198 15.0661 0.0362 0.1325
Pedestrian -1 -1 2.1297 1131.6351 123.3369 1202.3937 236.7572 1.7743 0.5815 0.7735 9.0626 0.8817 11.4624 2.7871 0.1074
Pedestrian -1 -1 -1.6608 664.4962 151.0818 675.6299 184.5150 1.8592 0.5521 0.8080 3.6433 0.2247 39.7186 -1.5681 0.1028
Cyclist -1 -1 1.8641 650.2853 173.6013 707.9229 271.3050 1.7324 0.7987 1.0627 1.3518 1.6117 13.1757 1.9655 0.1300
Cyclist -1 -1 -1.8710 850.4623 141.1671 908.2957 244.2480 1.6676 0.5153 1.4173 4.6448 1.0329 12.1554 -1.5127 0.1039
Car -1 -1 0.1108 470.7713 194.0140 653.5082 261.0049 1.4400 1.6021 4.0715 -0.9608 1.7740 16.4730 0.0552 0.1969
