Car -1 -1 1.9826 430.9384 177.0672 678.4893 341.5562 1.4768 1.5523 3.6004 -0.4660 1.5384 8.5336 1.9281 0.9719
Car -1 -1 -1.3445 663.7065 180.2096 778.8375 263.3613 1.4424 1.5260 3.8995 2.3813 1.6168 14.9772 -1.1909 0.9583
Car -1 -1 -1.7570 1005.8260 199.1695 1242.0000 375.0000 1.4272 1.4542 3.1668 4.4830 1.7257 6.4314 -1.1707 0.9488
Car -1 -1 -1.6652 944.2301 180.7718 1019.4438 245.3611 1.6078 1.5522 2.8950 10.1697 1.8455 19.9885 -1.2013 0.9069
Car -1 -1 1.6362 802.3784 172.0758 844.4128 208.8470 1.5807 1.6173 3.7328 9.7769 1.5476 33.0440 1.9210 0.8519
Car -1 -1 -0.7756 0.0000 173.9458 488.1670 375.0000 1.4601 1.5507 3.3317 -2.3109 1.4699 4.4339 -1.2331 0.8343
Car -1 -1 -2.8899 660.8315 171.0797 762.2048 210.1376 1.4782 1.5642 3.7280 4.0022 1.4114 28.7342 -2.7535 0.7037
Car -1 -1 -1.6527 939.5109 180.2661 1004.3258 230.6760 1.5308 1.6308 3.7916 12.1916 1.8048 24.5771 -1.1976 0.6334
Car -1 -1 -1.4469 827.5256 177.2475 866.0588 206.7367 1.5447 1.6125 3.7426 13.2722 1.8037 40.4365 -1.1324 0.6148
Car -1 -1 1.6584 928.0790 177.6361 956.6302 200.2409 1.5968 1.6184 3.8445 24.8339 1.9683 53.9152 2.0875 0.5779
