Pedestrian -1 -1 1.7201 512.3522 171.6051 531.9020 216.8589 1.8041 0.6695 0.8343 -3.5916 1.7547 29.1891 1.5982 0.4340
Pedestrian -1 -1 2.6331 897.4113 160.1568 988.0902 295.5792 1.7956 0.5503 0.9850 4.4917 1.6276 9.8848 3.0474 0.1546
Pedestrian -1 -1 0.4850 501.8748 173.7079 522.0641 221.8072 1.8181 0.7267 0.4863 -3.8045 1.8518 27.7103 0.3492 0.1430
Cyclist -1 -1 1.8118 495.7503 177.6339 520.0089 224.2933 1.7000 0.5298 1.6602 -3.8957 1.8869 27.3126 1.6709 0.1769
Car -1 -1 2.3707 0.0000 118.8828 249.5392 375.0000 1.5318 1.6408 3.9846 -3.4369 1.4488 3.1082 1.5773 0.8261
Car -1 -1 -1.6402 651.8105 187.6259 682.1252 214.1547 1.5964 1.7170 3.7670 3.6728 2.6061 47.4100 -1.5640 0.5755
Car -1 -1 -1.5810 691.8102 178.0162 742.6608 233.5912 1.5758 1.4487 2.2645 3.1864 1.7416 21.9001 -1.4393 0.4050
Car -1 -1 -2.1626 942.0486 63.5463 1242.0000 375.0000 2.0289 1.8703 5.1806 4.7453 1.5122 6.0437 -1.5211 0.1661
Car -1 -1 -1.6893 691.9038 158.5196 733.8100 192.4953 1.6881 1.6850 4.1495 5.3110 0.9762 37.9370 -1.5516 0.1548
Car -1 -1 1.9157 498.4891 177.4870 578.7932 225.7762 1.6808 1.7004 4.3856 -2.6952 1.8753 27.8944 1.8197 0.1282
