Car -1 -1 -1.3656 393.6675 186.3480 480.6976 240.8353 1.4699 1.6518 4.5391 -5.0712 1.5089 21.7705 -1.5921 0.9484
Car -1 -1 -1.2079 207.4148 187.2152 337.3494 253.3006 1.3868 1.5242 3.8073 -7.8716 1.4410 17.1461 -1.6326 0.9309
Car -1 -1 -1.1106 0.0000 146.5300 381.5643 376.0000 1.6441 1.5617 3.9432 -3.3452 1.4225 6.1234 -1.5924 0.9268
Car -1 -1 -1.2616 308.1432 187.6003 388.2528 233.0556 1.4287 1.5382 3.6239 -8.8291 1.5176 24.6193 -1.6029 0.8993
Car -1 -1 -1.6169 572.3434 180.1133 605.2537 208.1071 1.4707 1.6266 4.0733 -1.1249 1.2038 39.8544 -1.6454 0.8673
Car -1 -1 -1.1499 105.9325 185.1396 234.7549 240.5184 1.4968 1.6725 4.3058 -13.0249 1.4958 21.6602 -1.6861 0.7511
Car -1 -1 -1.4196 402.9011 179.2612 449.6111 211.7484 1.4630 1.6204 3.6695 -8.6249 1.1959 34.2702 -1.6647 0.6468
Car -1 -1 -1.2884 368.4996 181.2383 414.3393 207.8872 1.5811 1.7366 3.7630 -13.3686 1.3463 44.5352 -1.5788 0.6287
Car -1 -1 -1.2984 299.5809 183.5918 363.5445 220.4935 1.4884 1.6390 3.6310 -11.8150 1.4240 30.8723 -1.6613 0.5447
Car -1 -1 2.2049 0.0000 208.1474 153.7786 361.2842 1.3507 1.5594 3.8826 -7.6021 1.6996 8.9135 1.5134 0.5202
