Pedestrian -1 -1 -0.9299 905.4909 156.8781 947.7619 227.4635 1.7746 0.5964 0.8758 8.1202 1.3733 18.6148 -0.5248 0.5946
Pedestrian -1 -1 -0.8667 853.7969 182.5730 892.9550 223.1810 1.7291 0.6555 1.7380 11.5652 2.1672 31.7808 -0.5214 0.1001
Cyclist -1 -1 -1.8647 859.1193 182.4113 885.4951 224.6588 1.7798 0.5715 1.8450 11.4870 2.2132 31.7532 -1.5213 0.2441
Cyclist -1 -1 -0.9102 903.9594 156.5313 948.2906 228.1961 1.8013 0.5778 0.9701 8.1103 1.3914 18.6205 -0.5057 0.1435
Car -1 -1 1.8476 366.7603 181.9005 430.5131 223.1851 1.4999 1.4761 3.7452 -8.4287 1.8863 28.9094 1.5659 0.8948
Car -1 -1 1.9290 300.2194 188.0176 372.0411 225.4982 1.4313 1.5953 3.9781 -11.7666 2.1282 31.1510 1.5703 0.8585
Car -1 -1 -1.7880 590.4179 177.0318 628.8888 203.9948 1.5989 1.6376 3.7782 -0.0983 1.8740 45.4329 -1.7906 0.6796
Car -1 -1 1.5018 474.1803 181.5398 500.3817 204.6459 1.5797 1.6364 3.6756 -9.0361 2.2394 52.7936 1.3327 0.5595
Car -1 -1 -0.9314 0.0000 184.5464 119.4618 249.0852 1.4638 1.6635 4.6253 -15.6863 1.8188 19.5457 -1.6012 0.3869
Car -1 -1 -1.0649 9.0199 196.9353 300.0165 328.5409 1.4586 1.7033 4.5144 -6.6039 1.9055 11.1011 -1.5915 0.1897
