Car -1 -1 3.5261 110.6241 179.4547 373.8262 271.3376 1.5350 1.6290 3.9507 -6.5781 1.6643 13.1427 3.0697 0.9729
Car -1 -1 -1.8982 759.8411 175.8864 1002.2265 330.8437 1.5663 1.6395 3.8131 3.1160 1.6138 9.2839 -1.5851 0.9599
Car -1 -1 -1.7232 682.0214 180.6303 747.7985 230.6063 1.4196 1.5222 3.4401 3.1864 1.6840 22.7636 -1.5867 0.9485
Car -1 -1 3.7417 0.0000 182.6607 247.0981 341.5252 1.4277 1.6736 4.3270 -6.4905 1.5458 7.6312 3.0539 0.9218
Car -1 -1 -2.7767 263.3663 180.0455 445.0959 242.9583 1.4579 1.5682 3.9139 -6.2522 1.6437 17.7542 -3.1111 0.9129
Car -1 -1 -2.1869 882.7299 184.9664 1242.0000 375.0000 1.5223 1.6268 3.8832 3.0721 1.6248 4.1314 -1.5821 0.8550
Car -1 -1 -2.8931 368.9191 171.1030 491.6243 222.8738 1.5689 1.4880 3.4730 -5.6189 1.5162 22.6198 -3.1343 0.8162
Car -1 -1 0.2690 437.4674 166.5295 526.0961 199.8250 1.6513 1.6991 4.1517 -6.5415 1.3380 36.8238 0.0941 0.7979
Car -1 -1 -1.4929 454.2797 176.2340 500.6927 217.1081 1.4910 1.5334 3.3812 -5.1964 1.6325 28.3681 -1.6729 0.7443
Car -1 -1 3.1663 497.5869 172.7940 562.5837 200.1477 1.9113 1.8005 4.5328 -5.7022 1.9074 51.5028 3.0562 0.6490
Car -1 -1 0.3863 196.7936 184.0321 436.5889 258.7732 1.4664 1.7065 4.3914 -6.1299 1.7173 15.2918 0.0105 0.5505
Car -1 -1 0.2583 318.7847 185.3728 478.8253 243.2292 1.5135 1.6317 3.9936 -5.8370 1.8775 20.1017 -0.0214 0.5425
