Pedestrian -1 -1 2.0364 1112.2935 123.5600 1168.3809 219.3474 1.8538 0.6231 0.7831 10.5458 0.9002 14.4195 2.6581 0.2030
Pedestrian -1 -1 1.7635 25.3881 160.7984 52.8213 209.6536 1.8991 0.6854 0.9305 -22.6747 1.4308 28.6152 1.0978 0.1614
Pedestrian -1 -1 1.8368 375.6600 174.5203 385.3089 197.6425 1.9389 0.5836 0.8146 -19.4182 2.0811 60.9809 1.5295 0.1260
Cyclist -1 -1 2.1964 193.5163 177.1199 229.0702 213.7158 1.7991 0.5088 1.9972 -20.3115 2.0227 36.7299 1.6941 0.7240
Car -1 -1 1.9409 313.8488 184.0618 366.2715 212.4424 1.5356 1.6143 3.8164 -15.8558 2.2255 42.4727 1.5853 0.7382
Car -1 -1 2.3306 0.0000 195.7271 57.2000 265.1353 1.4431 1.5853 3.7280 -16.2135 2.0786 18.1393 1.6085 0.5704
Car -1 -1 1.9680 335.2639 168.3038 385.2810 199.1134 2.3029 1.8479 5.1597 -19.5168 1.9632 56.5656 1.6369 0.3393
Car -1 -1 1.7647 147.3501 182.2898 200.8796 213.9323 1.5587 1.7036 4.1590 -23.5889 2.1000 39.1233 1.2250 0.1783
Car -1 -1 -2.0578 780.3270 154.3576 829.6132 182.6461 2.1211 1.7871 4.5642 15.1796 0.7346 56.5227 -1.7969 0.1260
Car -1 -1 1.6891 245.6094 177.2538 270.7256 194.6667 1.5308 1.5984 4.2384 -32.5717 1.9525 66.8370 1.2370 0.1258
