Pedestrian -1 -1 2.0276 244.0556 167.6180 343.9885 323.3960 1.6856 0.6850 1.0096 -3.5643 1.5368 8.2935 1.6270 0.8537
Pedestrian -1 -1 -2.0318 881.6343 145.5870 1015.6485 374.0000 1.6410 0.6432 0.6729 2.4714 1.3958 5.2801 -1.6186 0.7805
Pedestrian -1 -1 -1.6919 771.7963 145.8302 827.9265 280.1023 1.6694 0.5854 0.9247 2.5387 1.2273 9.4248 -1.4412 0.6172
Pedestrian -1 -1 -2.0615 838.8550 154.2087 888.7659 237.4378 1.6458 0.6612 0.7772 5.2972 1.1074 14.6372 -1.7252 0.5432
Pedestrian -1 -1 -1.4202 371.0099 195.5072 437.6042 326.2140 1.6873 0.7689 0.7938 -2.7163 1.8884 9.8042 -1.6899 0.5180
Pedestrian -1 -1 -0.0171 561.6129 167.9893 576.7034 197.7333 1.8335 0.6022 0.9226 -2.0021 1.0014 44.6079 -0.0666 0.4492
Pedestrian -1 -1 3.6431 139.6360 147.8399 252.8638 299.0116 1.8498 0.6833 1.0562 -5.1721 1.4393 9.1327 3.1343 0.3766
Pedestrian -1 -1 -0.3290 485.5575 168.7217 506.8389 211.6095 1.7959 0.6269 0.7295 -4.4891 1.2618 30.5235 -0.4789 0.3720
Pedestrian -1 -1 1.5616 451.0722 146.2420 467.8262 195.0040 1.8771 0.6320 0.7499 -5.5735 0.5208 28.0816 1.3626 0.3656
Pedestrian -1 -1 3.1912 222.3685 159.6650 290.8976 284.1427 1.7843 0.6618 0.8949 -5.1931 1.4726 10.7719 2.7458 0.3158
Pedestrian -1 -1 -2.6080 523.8702 175.0107 548.9625 215.5255 1.6921 0.6688 0.8378 -2.7722 1.4220 30.4790 -2.7031 0.2941
Cyclist -1 -1 -1.6919 771.7963 145.8302 827.9265 280.1023 1.6694 0.5854 0.9247 2.5387 1.2273 9.4248 -1.4412 0.1256
Car -1 -1 -1.6894 663.7275 160.2062 720.6664 213.1394 1.8728 1.6627 3.8830 3.3600 1.1205 27.3561 -1.5734 0.9367
Car -1 -1 -1.9827 788.5416 168.6712 850.0770 199.8076 1.4519 1.5611 3.5989 10.6502 0.8546 35.3766 -1.6973 0.3260
Car -1 -1 -0.9719 0.0000 169.6180 139.7493 374.0000 1.6588 1.6915 4.3923 -6.3890 1.5863 6.7615 -1.7157 0.2629
Car -1 -1 1.7758 556.7060 168.6558 588.8451 190.5743 1.5795 1.6559 3.9497 -2.0890 0.6545 53.8436 1.7323 0.2524
Car -1 -1 -1.6381 646.0305 174.2642 677.4704 201.6765 1.4396 1.4681 3.3961 3.2712 1.0605 39.4283 -1.5609 0.2291
