Car -1 -1 -1.8971 733.9301 154.4904 1005.8628 333.2175 1.6609 1.6706 4.2667 2.7437 1.4906 8.8649 -1.6074 0.9727
Car -1 -1 -2.4678 0.0000 191.9287 275.5546 328.1057 1.3905 1.5370 3.9340 -6.2955 1.6377 8.4715 -3.0922 0.9367
Car -1 -1 -1.7106 676.9268 176.3670 758.6741 239.0316 1.5356 1.6465 4.0070 2.8138 1.6427 19.9087 -1.5730 0.9307
Car -1 -1 3.6082 14.2038 183.3289 321.4260 290.2077 1.4654 1.5569 3.6795 -6.5809 1.6379 10.9595 3.0778 0.9220
Car -1 -1 3.5722 123.5260 177.3526 382.4693 271.5424 1.6133 1.6675 3.9471 -6.4799 1.7020 13.3025 3.1262 0.9106
Car -1 -1 -1.7035 648.0698 174.9456 695.2326 212.0155 1.5268 1.5781 3.7113 2.6197 1.6249 31.8226 -1.6227 0.8923
Car -1 -1 0.3521 186.3014 157.8783 434.5909 244.4951 1.7493 1.7626 4.6084 -6.3309 1.4472 15.5188 -0.0298 0.8852
Car -1 -1 -1.7867 699.2175 178.6929 822.2411 261.7469 1.4183 1.5979 3.6806 2.8118 1.5506 14.4430 -1.5992 0.8842
Car -1 -1 3.2654 434.8797 167.4638 522.8936 202.3282 1.6498 1.6570 4.0359 -6.3558 1.3951 35.0774 3.0871 0.7956
Car -1 -1 0.3501 402.6608 175.3832 506.3949 211.8832 1.4712 1.5836 3.9537 -6.5307 1.5814 30.2843 0.1391 0.7907
Car -1 -1 3.4235 239.4387 162.2323 422.2820 227.7923 1.5199 1.5886 3.8859 -6.7665 1.2740 17.6705 3.0625 0.7586
Car -1 -1 -2.8576 331.4211 168.6622 474.0553 219.6716 1.5329 1.6506 3.9756 -6.4365 1.4073 22.5223 -3.1333 0.7345
Car -1 -1 -1.6822 636.5274 168.3061 672.5547 198.4631 1.7035 1.6840 4.0196 2.5599 1.4469 42.8057 -1.6233 0.6907
Car -1 -1 3.8485 0.0000 215.9524 194.0730 375.0000 1.4282 1.6617 4.2736 -6.1636 1.8464 6.0187 3.0733 0.6821
Car -1 -1 -2.7044 292.4104 184.2661 462.5036 239.4630 1.4192 1.6388 4.2104 -6.4569 1.7544 20.0818 -3.0122 0.6512
