Pedestrian -1 -1 -2.5681 953.9720 152.4311 1034.5342 273.0455 1.6150 0.6198 0.7863 5.4749 1.2271 10.1108 -2.0879 0.6517
Pedestrian -1 -1 1.8104 1059.4148 125.4967 1238.0000 374.0000 1.7167 0.6053 0.8168 2.5597 1.4958 3.3461 2.4206 0.5876
Pedestrian -1 -1 -1.5722 469.6808 176.5972 489.9225 228.1369 1.7374 0.6746 0.7049 -4.1947 1.5732 24.6184 -1.7445 0.4112
Cyclist -1 -1 -1.2727 467.3197 142.7829 490.2308 187.4339 1.8154 0.4773 1.6908 -5.1385 0.2423 30.0719 -1.4452 0.5038
Cyclist -1 -1 -1.8090 643.4795 177.2335 657.7726 202.7084 1.6790 0.5875 1.5924 3.3023 1.3985 48.1755 -1.7460 0.2146
Car -1 -1 -1.7480 685.3257 168.1309 764.8143 235.2814 1.8195 1.6286 3.8532 3.5501 1.4584 21.4038 -1.5909 0.9376
Car -1 -1 -1.3086 558.8429 180.7163 597.3405 204.2704 1.5074 1.6447 3.8662 -1.5054 1.4579 48.0370 -1.3449 0.4859
Car -1 -1 -1.4018 547.2244 172.1533 585.8903 200.7667 1.5318 1.5956 3.6507 -1.9144 1.0323 40.3593 -1.4539 0.3624
Car -1 -1 -1.9773 629.6730 170.8314 669.7655 193.5068 1.5247 1.5840 3.3376 3.3472 0.8080 50.1380 -1.9159 0.2919
Car -1 -1 0.7967 1165.5521 190.2379 1238.0000 374.0000 1.4515 1.5595 4.0711 6.6196 1.5462 5.5885 1.6380 0.2505
Car -1 -1 -1.8908 621.6420 179.3002 653.1653 201.0085 1.5761 1.5121 2.8756 2.6837 1.4170 53.7412 -1.8462 0.2439
Car -1 -1 -1.6819 661.1568 182.5835 702.5817 216.5525 1.4916 1.5197 3.3393 3.6721 1.5453 33.3205 -1.5781 0.2360
Car -1 -1 1.4201 538.6498 176.0803 563.9999 195.7759 1.6625 1.6177 3.9081 -4.3741 1.2055 62.7175 1.3458 0.2179
