Car -1 -1 -1.8027 700.1102 188.3548 846.7531 290.1048 1.4874 1.6398 4.1037 2.7457 1.8172 13.2558 -1.6041 0.9710
Car -1 -1 -1.2088 131.1658 194.6102 449.3985 375.0000 1.4505 1.6166 4.2355 -3.0926 1.7532 7.9067 -1.5715 0.9627
Car -1 -1 -1.8735 750.3995 184.9843 1032.0129 367.5614 1.4528 1.5926 3.9949 2.6762 1.6215 8.0083 -1.5633 0.9524
Car -1 -1 -1.4510 469.3113 186.5409 541.7985 242.7999 1.3889 1.6015 3.8110 -2.9426 1.8177 20.6664 -1.5914 0.9499
Car -1 -1 -1.7842 669.8768 183.1232 762.5527 248.9071 1.4502 1.5527 3.6805 2.5452 1.7393 18.3909 -1.6498 0.9489
Car -1 -1 -1.7511 658.2559 169.3951 731.2688 224.5416 1.6057 1.6152 3.8531 2.5605 1.5054 22.9860 -1.6422 0.9076
Car -1 -1 1.6540 518.9019 179.6617 564.3860 219.9962 1.6118 1.6395 4.2532 -2.9753 1.9313 31.6864 1.5605 0.8415
Car -1 -1 -1.6261 636.2943 176.7846 668.2513 205.2806 1.5370 1.6076 3.8084 2.3457 1.7730 41.3461 -1.5703 0.8325
Car -1 -1 -0.7725 0.0000 193.7340 271.7660 375.0000 1.5200 1.6458 3.8792 -2.9694 1.6507 2.5532 -1.5823 0.6639
Car -1 -1 1.5249 558.7382 179.1005 580.8074 199.1144 1.5254 1.6002 3.7239 -3.2925 2.0458 58.1318 1.4682 0.5482
