Pedestrian -1 -1 -0.5069 1052.4595 120.1495 1224.0000 370.0000 1.7803 0.6063 0.9493 3.9380 1.3632 5.2553 0.1097 0.6728
Pedestrian -1 -1 -1.8635 1032.2499 84.6413 1197.7495 370.0000 1.6486 0.5995 0.8017 3.0562 1.1188 4.3841 -1.2854 0.5174
Pedestrian -1 -1 1.9258 687.4181 164.9999 712.7444 209.4329 1.7696 0.6553 1.1806 3.8610 1.1538 28.8286 2.0592 0.3955
Pedestrian -1 -1 0.2634 736.9724 160.5481 750.0971 184.7759 1.9043 0.4633 0.9312 10.9821 0.3373 55.9824 0.4578 0.2982
Pedestrian -1 -1 0.2547 223.8084 138.9130 298.9513 286.1224 1.7561 0.5840 0.7115 -4.3007 1.2617 8.7820 -0.1844 0.2360
Pedestrian -1 -1 1.3787 770.1955 149.1604 784.5050 188.2628 1.8823 0.5419 0.7520 8.3716 0.3751 34.4193 1.6171 0.2072
Pedestrian -1 -1 -3.0898 610.0084 167.0706 624.6718 198.1428 1.7873 0.6074 0.8197 0.7113 1.0162 40.9967 -3.0709 0.1896
Pedestrian -1 -1 1.4207 1040.6700 83.0793 1127.4821 257.5648 1.8445 0.6807 0.8142 5.3291 0.8164 7.9803 1.9935 0.1868
Pedestrian -1 -1 3.2644 151.8724 133.9855 252.5241 306.1889 1.7354 0.5278 0.8670 -4.3120 1.2684 7.5256 2.7642 0.1861
Pedestrian -1 -1 -1.3550 560.5261 146.3565 575.3087 179.1721 1.9526 0.7050 0.9371 -2.2368 -0.0797 42.6281 -1.4050 0.1605
Pedestrian -1 -1 1.9000 668.5008 159.7562 694.5298 204.3836 1.7642 0.6453 1.3643 3.0921 0.9456 28.6999 2.0079 0.1539
Pedestrian -1 -1 0.5660 328.2104 158.4231 386.1184 253.9233 1.7607 0.6118 0.8413 -4.7429 1.3553 13.4266 0.2357 0.1367
Cyclist -1 -1 2.3152 669.1767 157.3979 710.4728 203.9663 1.8405 0.6107 1.7999 3.4376 0.9289 28.7553 2.4347 0.3314
Cyclist -1 -1 1.3028 1021.7178 91.9472 1188.3458 370.0000 1.7441 0.6207 0.8693 3.0479 1.2493 4.4665 1.8717 0.1007
Car -1 -1 -1.6340 709.4120 161.4476 743.5813 195.9914 1.9621 1.7288 4.5976 7.2470 0.8813 42.5332 -1.4648 0.8907
Car -1 -1 -1.7239 685.0972 167.9777 719.4465 192.7006 1.5942 1.6610 4.2608 6.5174 0.7881 47.7309 -1.5873 0.1454
