Pedestrian -1 -1 2.6775 632.1362 132.0396 671.2247 197.9218 1.8981 0.6375 0.9668 1.1793 0.7226 21.2696 2.7318 0.4812
Cyclist -1 -1 2.6775 632.1362 132.0396 671.2247 197.9218 1.8981 0.6375 0.9668 1.1793 0.7226 21.2696 2.7318 0.1573
Car -1 -1 -1.8198 620.0715 191.1476 711.6431 259.4741 1.5149 1.5767 3.2789 1.3053 2.0336 18.6892 -1.7523 0.9727
Car -1 -1 -0.8227 692.0531 184.0710 786.2043 223.4970 1.4908 1.6511 3.9266 5.3934 1.9889 30.1732 -0.6483 0.9221
Car -1 -1 2.4778 551.2473 186.3531 638.5368 222.1243 1.5247 1.6129 3.9695 -0.7139 2.1973 34.0513 2.4563 0.9143
Car -1 -1 -0.9895 830.8229 182.2327 895.3568 213.2912 1.4428 1.4531 3.3474 12.6375 1.9329 36.0768 -0.6556 0.8636
Car -1 -1 -0.9594 760.0148 181.1801 846.1971 216.5076 1.4789 1.6641 4.3100 8.8870 1.8856 33.1831 -0.7005 0.8476
Car -1 -1 -2.2369 874.4257 162.4950 1242.0000 375.0000 1.5759 1.5999 3.8718 2.8318 1.5529 3.5915 -1.6090 0.7828
Car -1 -1 -1.0663 876.9020 177.9093 942.9332 208.4219 1.5318 1.6065 3.8707 16.0639 1.8160 38.6664 -0.6758 0.6917
Car -1 -1 1.6059 969.2895 177.0696 1000.9219 204.2175 1.6078 1.6465 3.9617 23.6643 1.8866 45.5227 2.0822 0.6444
Car -1 -1 0.6849 0.0000 194.0736 76.8275 237.7148 1.4581 1.5191 3.7717 -21.4343 2.2350 25.6278 -0.0066 0.5308
Car -1 -1 -2.0911 103.7336 181.7434 189.6676 217.6304 1.4668 1.5248 3.7624 -20.4752 1.8781 31.8040 -2.6595 0.4712
