Pedestrian -1 -1 1.7006 445.9880 175.4405 478.8906 251.7320 1.7765 0.6623 0.9047 -3.5783 1.8406 17.3062 1.4989 0.4734
Pedestrian -1 -1 -1.9327 520.6563 171.2960 537.1165 212.2995 1.8031 0.5825 0.5151 -3.6490 1.7349 32.0884 -2.0455 0.2023
Pedestrian -1 -1 -1.0424 712.9231 167.9453 732.6031 213.4526 1.8551 0.5781 0.6060 4.6211 1.6554 29.8282 -0.8907 0.1488
Pedestrian -1 -1 1.8732 177.6261 132.0138 294.8283 315.6556 1.7314 0.6062 1.7150 -3.9700 1.3467 7.6949 1.4103 0.1121
Cyclist -1 -1 1.9647 160.8165 162.9660 292.1971 345.5163 1.6745 0.5490 1.7728 -3.9717 1.5842 7.5211 1.4927 0.4206
Cyclist -1 -1 -1.2150 461.7220 189.6223 507.8871 266.1095 1.7202 0.5986 1.5394 -3.0449 2.1436 17.3917 -1.3868 0.2110
Cyclist -1 -1 -1.6794 696.6454 177.9783 708.3712 211.5218 1.6584 0.4152 1.6042 4.6645 1.9253 36.7219 -1.5547 0.1805
Car -1 -1 -1.7495 781.1482 159.1127 938.6873 310.4849 1.8268 1.5267 3.0731 3.3467 1.6613 10.3247 -1.4455 0.6236
Car -1 -1 1.4625 660.6335 190.2615 702.2484 223.2477 1.4696 1.6523 3.8041 3.4798 2.3865 36.0746 1.5571 0.3974
Car -1 -1 3.6766 0.0000 176.2106 294.6002 349.1434 1.5019 1.5939 4.0228 -5.6030 1.5408 7.3006 3.0392 0.3356
Car -1 -1 -1.3568 479.8263 192.7498 572.7352 262.4308 1.4900 1.5924 3.7557 -2.0791 2.0540 18.4888 -1.4682 0.2255
Car -1 -1 1.5311 667.4916 176.2045 687.3223 194.2767 1.5254 1.5771 3.9951 5.9012 1.8309 63.6883 1.6227 0.2222
