Pedestrian -1 -1 0.9233 254.1006 179.8166 312.0096 276.3209 1.7659 0.6548 0.8025 -6.2790 1.9035 13.7493 0.5015 0.5097
Pedestrian -1 -1 -1.7468 732.5001 186.1109 767.7800 251.1226 1.7248 0.8081 0.8383 3.7755 2.0956 19.7355 -1.5616 0.4406
Pedestrian -1 -1 -2.4072 1069.5914 193.2835 1152.5447 301.3802 1.5407 0.6717 0.7820 7.5127 1.8633 10.9167 -1.8180 0.2681
Pedestrian -1 -1 -0.2526 777.2360 172.3258 838.3310 268.6066 1.7631 0.6379 0.9721 3.6445 1.7537 13.5307 0.0039 0.1618
Pedestrian -1 -1 0.8487 315.9816 181.9779 359.7614 262.6533 1.7761 0.6530 0.6705 -6.2432 1.9899 16.4293 0.4902 0.1536
Pedestrian -1 -1 -1.4439 499.0868 159.7200 514.8824 200.5438 1.9198 0.6916 0.4304 -4.9125 1.3025 34.1488 -1.5861 0.1500
Pedestrian -1 -1 1.2074 1128.8711 203.7131 1212.3655 334.0913 1.5879 0.6429 0.7035 7.2369 2.0092 9.4127 1.8466 0.1378
Pedestrian -1 -1 -1.5223 692.8359 160.4777 708.1824 203.4034 1.8685 0.6296 1.0059 3.9731 1.3302 31.9548 -1.4002 0.1141
Cyclist -1 -1 1.7409 539.8427 187.0950 552.0747 215.3269 1.7158 0.5117 1.5670 -4.0607 2.6293 45.4595 1.6517 0.1698
Cyclist -1 -1 -3.3810 834.9565 160.9845 902.0884 217.3716 1.6102 0.5803 1.7482 7.4519 1.2716 20.9755 -3.0445 0.1526
Cyclist -1 -1 -1.4499 983.9208 177.9235 1006.5998 228.9018 1.7027 0.4939 1.8199 13.4019 1.8861 25.1626 -0.9660 0.1386
Cyclist -1 -1 -0.6867 0.0000 170.2691 225.0707 370.2042 1.6832 0.7006 1.8931 -4.8739 1.6618 7.0794 -1.2726 0.1215
Car -1 -1 1.6851 478.1523 192.2767 535.4293 243.8325 1.5695 1.5805 3.4439 -3.5543 2.2902 25.0171 1.5446 0.9545
Car -1 -1 -1.5956 647.5366 193.4864 676.1118 220.9342 1.5047 1.6440 3.6394 3.1049 2.8219 44.1944 -1.5266 0.3059
Car -1 -1 -1.6975 665.1332 164.8909 698.9219 191.1272 1.6497 1.7103 3.9463 4.6518 1.1493 47.3635 -1.6006 0.2126
Car -1 -1 -0.4314 0.0000 103.2360 231.0173 375.0000 1.7918 1.6228 4.0789 -5.8800 1.3713 6.5517 -1.1427 0.1862
