Car -1 -1 -0.1421 716.0519 173.1286 833.7123 219.1202 1.7511 1.7825 4.3183 6.3928 1.7627 28.5335 0.0755 0.9683
Car -1 -1 -1.9005 732.7970 174.2219 943.8544 312.3993 1.5043 1.5495 3.4818 2.7605 1.5264 9.6727 -1.6316 0.9654
Car -1 -1 -1.6898 668.0507 180.7746 729.5958 228.6369 1.3966 1.5576 3.3885 2.7521 1.6715 23.3097 -1.5744 0.9590
Car -1 -1 0.4985 36.8619 173.1449 361.4005 291.6009 1.6730 1.6390 4.0218 -6.1409 1.6781 11.0121 -0.0004 0.9442
Car -1 -1 0.6251 0.0000 183.2522 306.0422 327.5415 1.4773 1.6273 4.3417 -6.0813 1.6099 8.3401 0.0099 0.9421
Car -1 -1 3.5783 105.9624 154.4505 354.4194 247.0645 1.5963 1.6408 3.7159 -6.9110 1.2794 13.3170 3.1074 0.9185
Car -1 -1 0.3382 279.4149 180.5532 457.5548 239.4284 1.4498 1.5440 4.1222 -6.2498 1.6594 18.7933 0.0208 0.9089
Car -1 -1 0.3598 342.1939 179.2213 485.7797 235.3135 1.5469 1.5434 3.7416 -5.7109 1.7415 21.0610 0.0976 0.8584
Car -1 -1 -2.6631 182.5897 180.1905 391.4650 252.1631 1.4917 1.6516 3.9404 -7.1571 1.6654 16.0994 -3.0758 0.7228
Car -1 -1 0.2422 377.8042 175.8962 501.8133 221.4913 1.5659 1.6055 4.0344 -6.0440 1.6782 25.7167 0.0131 0.6194
Car -1 -1 0.3841 364.2145 178.3669 485.7506 227.8362 1.5175 1.5444 3.4867 -5.9902 1.7040 23.3542 0.1352 0.6030
