Pedestrian -1 -1 0.7714 590.3909 173.2156 641.2383 254.1970 1.6741 0.6676 0.8699 0.0719 1.6825 15.4608 0.7748 0.5969
Pedestrian -1 -1 1.7861 692.1445 180.2959 715.8324 231.7829 1.6640 0.6489 0.6821 3.0680 1.9150 23.8708 1.9115 0.3397
Pedestrian -1 -1 1.5465 367.1731 141.2545 411.1608 264.0390 1.7646 0.6104 0.7092 -3.3653 1.3108 10.7996 1.2507 0.2932
Pedestrian -1 -1 2.5096 1028.8516 142.5793 1107.4403 279.4873 1.7298 0.6072 0.6289 5.9285 1.3476 9.4429 3.0557 0.1583
Cyclist -1 -1 -1.2984 459.2849 181.4680 479.2831 220.4197 1.6523 0.4299 1.6837 -6.2390 2.0430 31.8395 -1.4909 0.1712
Car -1 -1 -1.6487 621.8690 177.9872 709.7526 256.8840 1.4740 1.5650 3.5830 1.0414 1.5976 15.5137 -1.5840 0.8917
Car -1 -1 -1.3551 412.8746 179.1084 465.1812 214.7016 1.5021 1.5767 3.6323 -7.7740 1.8036 32.9169 -1.5857 0.4140
Car -1 -1 2.9336 643.0609 170.2557 701.8656 195.3769 1.5784 1.5866 3.5080 3.9566 1.4155 46.3351 3.0178 0.3990
Car -1 -1 1.5503 687.2767 169.0097 715.3421 196.2069 1.5100 1.5331 3.4084 5.2253 1.2970 41.8320 1.6733 0.2837
Car -1 -1 -1.6328 608.8543 167.8652 637.2763 193.5368 1.7104 1.7218 3.9557 0.8396 1.3784 50.0862 -1.6165 0.2574
Car -1 -1 -1.6544 673.7839 176.7864 714.8592 211.2531 1.4214 1.4881 3.7432 3.6549 1.6069 32.0776 -1.5425 0.1784
Car -1 -1 -1.5297 618.0076 179.9155 653.1989 213.1838 1.4066 1.4748 3.4308 1.1724 1.7474 33.0196 -1.4951 0.1734
