Pedestrian -1 -1 -2.0537 273.2143 177.5492 321.1340 258.9088 1.6026 0.5842 0.8215 -6.3180 1.5461 14.4085 -2.4572 0.4441
Pedestrian -1 -1 -3.1866 774.8219 157.8688 794.2943 190.3149 1.8438 0.5578 1.0575 10.2873 0.5591 40.5547 -2.9383 0.4143
Pedestrian -1 -1 3.1509 122.5265 118.1841 197.2453 256.6392 1.8273 0.5901 0.8549 -6.2002 1.0066 9.7991 2.6037 0.3878
Pedestrian -1 -1 -3.5086 993.4868 116.1973 1060.9658 243.8459 1.7246 0.4171 0.6981 5.7995 0.8575 9.8074 -2.9866 0.3765
Pedestrian -1 -1 -1.0949 788.5939 163.0455 806.5393 196.5747 1.7666 0.6671 0.7239 10.2690 0.8483 37.7397 -0.8296 0.3724
Pedestrian -1 -1 -2.7795 976.0873 151.5210 1035.1901 219.8918 1.7158 0.5034 1.2382 10.3645 0.9901 18.3738 -2.2716 0.3084
Cyclist -1 -1 1.0791 875.7073 157.1072 906.3956 195.1958 1.7558 0.5487 1.8216 13.5291 0.6789 33.5244 1.4611 0.5198
Cyclist -1 -1 -2.4640 972.7445 145.0421 1038.6936 213.8406 1.7145 0.5279 1.4854 10.3682 0.8324 18.4021 -1.9565 0.3923
Cyclist -1 -1 -3.1459 774.5157 157.7315 794.3737 190.2774 1.8488 0.5521 1.0967 10.2838 0.5568 40.5597 -2.8977 0.1245
Cyclist -1 -1 -2.5364 264.8508 174.3954 323.7881 258.1197 1.6612 0.5943 0.9272 -6.3660 1.5417 14.4067 -2.9426 0.1130
Car -1 -1 1.3917 426.0990 174.3869 480.5238 209.5276 1.5098 1.7384 4.1990 -7.0847 1.2486 32.6448 1.1818 0.8657
Car -1 -1 -0.8902 0.0000 208.0571 289.0294 370.0000 1.4812 1.5881 3.8570 -3.1563 1.6892 3.3374 -1.6001 0.8322
Car -1 -1 1.8124 386.8867 178.5382 418.6558 198.4084 1.5482 1.5686 3.9014 -16.2636 1.3966 57.0603 1.5378 0.3214
Car -1 -1 1.7742 477.8097 170.8050 503.0228 188.7506 1.6074 1.5593 3.7781 -10.5177 0.7402 65.2494 1.6169 0.2848
