Pedestrian -1 -1 -3.5092 1054.1703 142.9631 1176.6765 306.7181 1.7618 0.6366 0.9577 5.7453 1.3486 8.1436 -2.9152 0.8044
Pedestrian -1 -1 -1.8514 715.9672 168.3580 792.4991 323.5746 1.5926 0.5768 0.8931 1.5974 1.4591 7.8391 -1.6628 0.8029
Pedestrian -1 -1 -0.7763 794.9657 166.4025 896.7894 317.1316 1.5977 0.7241 0.8181 2.7062 1.4390 8.1196 -0.4699 0.7797
Pedestrian -1 -1 0.7022 620.4763 171.0423 660.1146 244.5442 1.6981 0.6536 0.6795 0.8885 1.4577 17.0632 0.7480 0.7392
Pedestrian -1 -1 0.7310 272.1920 164.6222 342.6933 275.1582 1.7479 0.6327 0.8732 -4.8659 1.4823 11.8008 0.3420 0.7288
Pedestrian -1 -1 2.5376 1000.2220 141.1721 1093.4153 273.4556 1.7573 0.5636 0.9328 6.0497 1.2229 9.8539 3.0711 0.6678
Pedestrian -1 -1 0.0740 1108.0393 144.8785 1194.8276 286.9089 1.7329 0.6253 0.8589 7.0571 1.2874 9.2781 0.7055 0.5641
Pedestrian -1 -1 1.8792 225.2367 162.6189 261.4356 228.5499 1.8441 0.6725 0.9586 -10.2947 1.3172 20.6151 1.4160 0.5194
Pedestrian -1 -1 1.3791 657.6295 170.8985 679.8480 222.3490 1.6579 0.5731 0.8263 2.1787 1.3174 23.5852 1.4650 0.4548
Pedestrian -1 -1 1.0576 790.1031 161.3604 843.1786 269.2076 1.6501 0.5202 0.7068 3.3604 1.3433 11.3930 1.3328 0.4196
Pedestrian -1 -1 1.9901 356.1550 166.9816 402.9801 257.6792 1.7990 0.6538 0.7830 -4.5596 1.5123 14.6727 1.6883 0.3702
Pedestrian -1 -1 -1.5617 393.7834 170.9135 413.3506 221.5220 1.7711 0.6627 0.6884 -7.0599 1.4017 25.5555 -1.8338 0.3088
Pedestrian -1 -1 1.9958 371.9013 170.1375 440.3546 266.1888 1.7941 0.6499 1.7721 -3.8995 1.5831 14.3411 1.7293 0.2531
Cyclist -1 -1 1.9352 371.8652 173.3034 435.9906 269.6494 1.7736 0.6013 1.8589 -3.8972 1.6240 14.1748 1.6659 0.8105
Cyclist -1 -1 0.7740 269.8563 162.8970 345.2876 276.1180 1.7842 0.6403 0.9781 -4.8641 1.4924 11.7979 0.3851 0.1642
Cyclist -1 -1 2.5376 1000.2220 141.1721 1093.4153 273.4556 1.7573 0.5636 0.9328 6.0497 1.2229 9.8539 3.0711 0.1161
Cyclist -1 -1 1.3791 657.6295 170.8985 679.8480 222.3490 1.6579 0.5731 0.8263 2.1787 1.3174 23.5852 1.4650 0.1092
Car -1 -1 1.7081 406.4609 155.2446 481.9658 222.7947 1.9867 1.8033 4.5775 -5.0407 1.2156 23.4755 1.4937 0.9095
Car -1 -1 1.6240 521.5229 168.4096 557.4472 200.8669 1.6214 1.6944 4.1140 -3.2269 0.9683 37.9678 1.5348 0.8373
Car -1 -1 1.6152 452.1125 159.7791 498.8968 209.0886 1.9101 1.7496 4.6531 -5.2395 1.0697 30.2447 1.4401 0.6229
Car -1 -1 -1.6949 888.4139 157.4659 973.9110 215.3935 1.3899 1.5472 3.9605 8.7262 0.8144 19.3515 -1.2813 0.3417
