Pedestrian -1 -1 0.4524 319.3782 180.8577 337.5771 214.2952 1.6950 0.6267 0.6640 -14.5001 2.1104 37.0747 0.0817 0.2804
Car -1 -1 3.5350 0.0000 157.6281 244.3600 278.5935 1.8966 1.7194 3.7547 -8.6868 1.6582 12.5308 2.9385 0.9598
Car -1 -1 -1.7730 472.1805 183.7044 521.3251 219.4978 1.6308 1.6873 3.8788 -5.7816 2.2083 36.2641 -1.9306 0.8973
Car -1 -1 3.3928 129.9063 180.0910 312.2436 246.9508 1.5703 1.6324 3.8128 -9.8364 1.7681 18.4451 2.9085 0.8838
Car -1 -1 -0.0066 290.0616 166.8930 355.3044 187.9057 1.5106 1.6671 4.4283 -21.2886 1.0825 53.4724 -0.3840 0.6263
Car -1 -1 3.5250 40.0060 181.8491 285.7712 261.2282 1.5336 1.6903 4.1146 -9.3709 1.7399 15.3562 2.9845 0.6240
Car -1 -1 0.1813 163.7892 170.2317 321.3693 230.2869 1.6923 1.6264 3.9832 -10.9343 1.6188 21.6645 -0.2815 0.4738
Car -1 -1 0.8578 0.0000 201.0635 56.6204 375.0000 1.4476 1.5699 4.0129 -7.5023 1.7262 6.3134 0.0076 0.4091
Car -1 -1 0.1872 231.2086 178.4146 332.6759 211.3260 1.4950 1.6163 4.1847 -15.6262 1.7709 34.4776 -0.2357 0.3574
Car -1 -1 -2.1721 0.0000 175.1336 96.8261 218.5042 1.4797 1.5095 3.3797 -20.5060 1.5660 25.9718 -2.8355 0.2853
Car -1 -1 3.2428 210.5292 169.1740 325.3338 206.2077 1.4719 1.6291 4.1851 -14.2126 1.3260 30.1338 2.8053 0.2788
