Car -1 -1 -1.9210 337.5789 196.2692 463.4800 271.6497 1.4328 1.6203 3.8190 -5.0721 2.0498 16.9816 -2.2077 0.9581
Car -1 -1 1.3970 218.6105 186.3568 282.9318 228.3730 1.4917 1.6550 3.9960 -14.5629 2.0753 29.0633 0.9358 0.8943
Car -1 -1 1.3574 819.6065 173.8194 934.1264 239.0256 1.4101 1.7126 4.3896 6.4105 1.4375 17.9517 1.6946 0.8928
Car -1 -1 -2.1762 469.2620 156.5876 748.7458 311.2173 1.8113 1.8338 4.5925 -0.3206 1.6211 10.8411 -2.2065 0.8425
Car -1 -1 1.5575 738.8142 173.4163 804.6823 233.0051 1.4253 1.5544 3.6065 4.2109 1.4421 19.2131 1.7694 0.8391
Car -1 -1 0.4685 901.3118 170.7342 1079.5709 226.8944 1.4071 1.5709 4.1482 10.4621 1.3543 20.2133 0.9397 0.8264
Car -1 -1 0.2296 408.0341 178.9479 500.0709 213.5859 1.5338 1.6742 3.8502 -7.1487 1.8213 33.1259 0.0183 0.7822
Car -1 -1 1.6616 0.0000 191.3764 36.5399 224.3700 1.4942 1.4975 3.5588 -30.3246 2.4851 36.6919 0.9744 0.6433
Car -1 -1 -1.6918 199.8403 182.6350 253.4005 223.7938 1.7443 1.7098 4.4023 -18.1342 2.2362 33.9611 -2.1793 0.4928
Car -1 -1 -1.5681 176.2142 184.6033 201.2338 205.9140 1.5716 1.6755 3.8660 -33.6456 2.5442 57.6088 -2.0949 0.4298
