Car -1 -1 -1.3865 437.1649 180.9756 514.6031 237.0950 1.5735 1.6683 3.7231 -3.9829 1.4558 22.0197 -1.5637 0.9635
Car -1 -1 -1.2037 128.7039 177.0850 452.0469 376.0000 1.7032 1.7480 4.4251 -3.2133 1.6358 8.2769 -1.5635 0.9381
Car -1 -1 -1.0497 74.3224 187.2031 273.5908 277.4068 1.4676 1.6002 3.6021 -7.9936 1.5113 13.5749 -1.5735 0.9047
Car -1 -1 -1.5585 565.4023 179.1798 608.5273 219.0293 1.5508 1.6785 3.3033 -0.8759 1.3170 29.6370 -1.5882 0.8534
Car -1 -1 1.6865 503.8309 176.0162 544.6349 209.2555 1.4793 1.5067 3.5137 -3.9051 1.0710 33.7469 1.5719 0.8208
Car -1 -1 -1.3086 335.9677 179.3601 416.4787 225.8186 1.5309 1.6580 4.4167 -8.2658 1.3391 25.9266 -1.6146 0.6782
Car -1 -1 2.2785 0.0000 196.4224 88.5934 278.1411 1.3612 1.5602 3.7722 -12.5721 1.6160 14.3758 1.5690 0.5617
Car -1 -1 -1.2623 397.5126 183.7170 458.1147 218.0195 1.4765 1.5952 3.8389 -8.1936 1.4131 32.9063 -1.5048 0.5194
Car -1 -1 1.8752 228.3392 183.5078 304.5041 223.4174 1.3855 1.4670 3.8962 -12.7440 1.3273 26.9799 1.4375 0.3529
Car -1 -1 2.0303 315.5656 173.2769 386.3554 205.0247 1.4421 1.5717 4.0755 -12.3583 0.9009 34.7656 1.6909 0.3438
