Car -1 -1 -1.1330 47.7420 192.3987 401.3846 376.0000 1.4414 1.5730 3.8119 -3.5101 1.5351 7.3566 -1.5644 0.9512
Car -1 -1 -1.4074 437.9319 179.3556 526.8954 244.5179 1.5800 1.6711 4.4566 -3.3346 1.4390 19.6565 -1.5736 0.9494
Car -1 -1 -1.2889 330.9843 187.0567 414.1010 235.5795 1.4060 1.5164 3.7423 -7.4143 1.4705 22.8615 -1.5995 0.9213
Car -1 -1 -1.3820 411.3773 181.8961 463.8340 214.7108 1.4001 1.6426 3.6897 -7.6698 1.2596 32.5438 -1.6119 0.8957
Car -1 -1 -1.4788 582.1871 180.3460 622.0516 214.1961 1.5446 1.6272 3.1942 -0.2609 1.3235 34.4567 -1.4868 0.8685
Car -1 -1 -1.1998 294.2544 185.2463 362.2811 219.7441 1.4409 1.5263 3.8227 -12.3637 1.4435 31.9387 -1.5667 0.8288
Car -1 -1 -0.9404 0.0000 187.1918 149.0257 269.5292 1.4182 1.6242 4.2242 -11.4909 1.4654 14.6141 -1.5980 0.7782
Car -1 -1 -1.0275 114.0952 179.5098 255.0921 233.5974 1.4296 1.5982 4.2063 -12.2717 1.2799 21.1166 -1.5486 0.6555
Car -1 -1 -1.0037 39.0091 186.9165 264.9989 280.6691 1.3622 1.5533 3.5587 -7.5769 1.3967 12.3041 -1.5460 0.6374
Car -1 -1 -1.4755 490.5826 181.0307 533.6965 213.3862 1.4842 1.6860 4.2935 -4.6427 1.2934 35.1471 -1.6062 0.4514
