Car -1 -1 1.8088 429.0132 186.6116 488.6075 226.7139 1.4814 1.5544 3.8308 -6.2343 2.0894 29.9233 1.6045 0.9312
Car -1 -1 -1.6709 650.5779 174.8163 695.2928 210.7911 1.5627 1.6590 4.0543 2.8297 1.6600 33.6044 -1.5882 0.9096
Car -1 -1 -1.0401 67.9046 202.0740 151.4617 235.1945 1.4606 1.7097 4.1586 -26.0687 3.0749 37.7177 -1.6418 0.8988
Car -1 -1 -1.0744 159.1343 200.9133 236.8789 234.7423 1.4786 1.7947 3.8889 -20.9155 2.9843 36.7467 -1.5891 0.8960
Car -1 -1 2.2166 0.0000 211.0432 197.4296 375.0000 1.4890 1.5403 3.6468 -5.9800 1.9710 7.2541 1.5449 0.8862
Car -1 -1 -1.0543 115.3819 196.9945 190.9328 228.9743 1.4572 1.7640 3.5936 -23.6716 2.7729 37.4775 -1.6147 0.8028
Car -1 -1 1.7904 457.7845 186.2504 507.0058 221.0825 1.5414 1.5702 3.8747 -6.2370 2.2359 35.4143 1.6168 0.7684
Car -1 -1 -2.2602 994.8253 183.6067 1242.0000 375.0000 1.4853 1.5822 3.8458 2.9384 1.5534 2.5428 -1.4590 0.7389
Car -1 -1 1.7460 487.3694 179.3828 526.7781 208.4388 1.6436 1.6421 4.3736 -6.2539 2.0623 44.0207 1.6052 0.5730
Car -1 -1 -1.0294 215.1611 191.8503 288.8549 224.9148 1.4916 1.6577 3.7487 -18.1616 2.5096 36.7119 -1.4863 0.4630
