Pedestrian -1 -1 -0.9859 643.7335 171.0123 668.1509 212.9767 1.7363 0.7134 0.7831 2.2812 1.3034 30.2475 -0.9164 0.6796
Pedestrian -1 -1 -1.2441 698.2545 189.8172 731.5119 257.7415 1.5281 0.5815 0.6792 2.6062 1.7277 16.6989 -1.0972 0.2906
Pedestrian -1 -1 -1.7713 481.1571 166.1216 520.6881 245.0858 1.6849 0.7704 0.4921 -2.2350 1.3580 15.6866 -1.9159 0.2074
Pedestrian -1 -1 -1.6402 719.4711 186.2512 751.2112 266.4804 1.6705 0.6138 0.6773 2.8194 1.7758 15.3660 -1.4674 0.1749
Pedestrian -1 -1 2.2537 835.7200 130.8819 880.1317 211.7378 1.8648 0.6303 0.8020 6.0502 0.6986 17.0444 2.5850 0.1668
Pedestrian -1 -1 1.2817 824.6816 186.8983 879.7713 305.9094 1.6271 0.5736 0.6232 3.4932 1.7072 10.1666 1.5990 0.1585
Pedestrian -1 -1 -0.7268 731.3326 176.4376 775.5676 252.3507 1.6833 0.6416 0.7512 3.4309 1.5722 16.3921 -0.5292 0.1150
Pedestrian -1 -1 1.8191 955.8333 121.8140 1009.0854 235.5742 1.7972 0.6265 0.7181 6.2321 0.8556 11.8224 2.2900 0.1096
Pedestrian -1 -1 -1.6502 501.5275 160.3375 527.1455 212.7151 1.6698 0.7728 0.6389 -2.8542 0.9962 23.2894 -1.7759 0.1042
Cyclist -1 -1 -1.8684 728.8847 154.7749 755.3776 200.5764 1.7264 0.5484 1.6122 5.4329 0.7201 27.9059 -1.6829 0.2286
Cyclist -1 -1 1.6006 133.9790 189.0193 192.2766 336.0660 1.6834 0.5794 1.7397 -5.6330 1.7906 9.2131 1.0584 0.1239
Cyclist -1 -1 -1.6172 674.3842 171.2781 691.8808 218.6942 1.5945 0.5037 1.8875 2.8214 1.2519 25.1111 -1.5117 0.1114
Car -1 -1 -1.3824 505.1019 180.2805 561.4682 227.0335 1.4994 1.4844 2.4066 -2.2856 1.4613 24.2997 -1.4804 0.2803
Car -1 -1 3.0106 449.2708 178.4393 531.4547 207.2245 1.4759 1.6239 4.1372 -5.9216 1.3199 38.1972 2.8527 0.1835
Car -1 -1 -2.2429 657.6882 150.1938 708.3926 178.2198 2.2551 1.7548 4.6126 6.8822 -0.2882 60.7850 -2.1354 0.1008
