Pedestrian -1 -1 -2.4910 233.2872 181.4837 260.6486 221.2100 1.7754 0.6613 0.8946 -16.5534 2.1733 32.8277 -2.9551 0.4450
Cyclist -1 -1 -2.5504 639.4931 166.4998 683.4914 208.7274 1.7339 0.6392 1.7982 2.1213 1.4734 30.4282 -2.4820 0.4795
Cyclist -1 -1 -1.7362 665.9166 184.7722 679.5927 215.7702 1.6535 0.4904 1.6158 3.4316 2.3274 39.9456 -1.6518 0.2468
Car -1 -1 1.9173 250.6989 185.2349 350.6615 238.3842 1.5321 1.6896 4.2422 -10.1703 1.9808 23.9650 1.5195 0.9536
Car -1 -1 -1.4567 482.7088 177.8199 546.8629 231.0474 1.6166 1.6984 3.8881 -3.1563 1.7973 24.2332 -1.5855 0.9382
Car -1 -1 -1.6132 580.9823 177.3850 608.8445 202.4814 1.5296 1.6299 3.8872 -1.0440 1.8357 46.6870 -1.6359 0.6041
Car -1 -1 1.4236 707.4568 177.0544 739.3217 200.9843 1.5333 1.5613 3.9271 7.6099 1.8298 48.8891 1.5767 0.3945
Car -1 -1 1.8201 365.9916 183.0363 411.6627 212.0652 1.6130 1.6942 4.0147 -13.3243 2.2571 43.5682 1.5246 0.3786
Car -1 -1 1.7408 452.5514 180.1364 481.7549 199.8905 1.5179 1.6587 4.2137 -11.6888 2.1367 59.1366 1.5461 0.3682
Car -1 -1 -1.0162 0.0000 190.9104 235.7939 334.0550 1.4396 1.6885 4.3522 -7.1358 1.7465 10.0295 -1.6224 0.3601
Car -1 -1 -0.9684 636.9973 172.4722 709.7449 205.4729 1.4938 1.5821 3.8468 3.0539 1.4769 34.6453 -0.8817 0.2824
