Pedestrian -1 -1 -1.9203 1034.8008 161.4252 1058.0752 203.5937 1.7934 0.6650 0.6726 18.7516 1.3077 31.0763 -1.3818 0.4091
Pedestrian -1 -1 -1.6974 885.4731 128.7785 912.3199 190.4947 1.8456 0.6378 0.9919 8.8064 0.5279 22.1335 -1.3232 0.2574
Cyclist -1 -1 1.6385 635.4047 172.1289 645.6018 200.5237 1.7309 0.5181 1.7790 1.8717 1.6871 44.8945 1.6795 0.5561
Car -1 -1 -1.6116 575.8718 179.7240 603.9255 205.9458 1.5940 1.6558 3.9338 -1.3759 2.0605 46.9366 -1.6413 0.7587
Car -1 -1 1.8256 363.3374 188.6634 441.3743 237.2664 1.4575 1.6117 4.0780 -7.1364 2.0513 25.0267 1.5500 0.1824
Car -1 -1 -3.2268 903.9849 158.4951 972.4275 182.8144 1.5661 1.6787 4.0022 21.6980 0.6418 47.9176 -2.8040 0.1815
Car -1 -1 1.3959 1000.5869 177.8297 1038.2328 201.9538 1.5445 1.5719 3.8120 27.7773 1.8976 49.0989 1.9078 0.1554
Car -1 -1 1.4953 648.3118 168.7323 670.1979 189.4489 1.8036 1.6599 3.9540 4.3733 1.4451 64.7973 1.5621 0.1549
Car -1 -1 1.3033 649.8820 177.6297 681.9662 200.0876 1.7712 1.6587 3.9626 4.5799 2.1820 59.9004 1.3787 0.1296
Car -1 -1 -1.7727 180.7229 171.1312 211.2749 190.8104 1.8135 1.7540 4.0047 -39.3841 1.6551 68.5720 -2.2925 0.1263
