Cyclist -1 -1 -1.4947 725.6207 162.5883 739.3340 200.4046 1.7865 0.5237 1.8446 5.9182 1.3019 35.0424 -1.3292 0.6925
Cyclist -1 -1 -1.7597 862.6323 166.5941 891.4855 223.8223 1.6870 0.4804 1.8514 8.1597 1.5029 22.2195 -1.4126 0.4262
Cyclist -1 -1 2.0302 398.3014 160.7566 435.5326 214.3219 1.6863 0.4858 1.6666 -6.3354 1.3058 23.5765 1.7701 0.3376
Car -1 -1 -1.7230 772.6653 169.0268 884.8622 252.6489 1.5088 1.6176 3.7103 4.3340 1.4401 14.9569 -1.4470 0.9685
Car -1 -1 1.4762 739.9120 172.9381 808.4747 229.2163 1.4905 1.5649 3.7911 4.6586 1.4935 21.0879 1.6900 0.9074
Car -1 -1 -2.0659 873.2655 168.1104 1242.0000 375.0000 1.5050 1.5914 3.8037 3.1509 1.4858 4.9157 -1.5236 0.8853
Car -1 -1 1.8996 607.5754 167.6935 653.9642 194.3107 1.5208 1.6195 3.8843 1.2632 1.2263 43.3256 1.9282 0.6506
Car -1 -1 2.4412 0.0000 216.9312 115.9750 375.0000 1.4555 1.5801 3.9531 -4.3792 1.7754 3.2330 1.5460 0.6331
Car -1 -1 -1.6521 640.7529 170.2520 668.5698 193.5848 1.5694 1.6150 4.0022 3.0617 1.3948 50.5475 -1.5924 0.5402
Car -1 -1 -1.8083 947.0780 153.3160 1006.1657 189.2463 1.4808 1.5122 3.4626 15.9366 0.6759 31.5909 -1.3449 0.3643
Car -1 -1 2.0278 330.9809 179.0691 431.8286 228.1223 1.3872 1.5641 3.6857 -7.1627 1.6010 22.8356 1.7267 0.3264
