Pedestrian -1 -1 -1.4531 894.7196 174.0731 924.4480 237.7442 1.6916 0.6694 0.7660 8.1293 1.7261 19.6830 -1.0674 0.2746
Cyclist -1 -1 0.1186 887.0768 166.9524 942.9182 213.2981 1.7322 0.7251 1.9086 11.6823 1.5120 27.7497 0.5128 0.2181
Car -1 -1 2.0391 161.4482 192.2991 335.0339 271.6146 1.4041 1.6269 4.3020 -7.8166 1.8941 15.9999 1.5907 0.9306
Car -1 -1 -1.5869 592.3184 176.6226 624.8098 208.2707 1.5928 1.6597 4.3271 -0.1548 1.8083 39.0105 -1.5914 0.7976
Car -1 -1 1.7353 461.1105 180.7289 501.8392 210.9562 1.4386 1.4722 3.7441 -6.6101 1.8654 37.1956 1.5602 0.4662
Car -1 -1 1.3811 656.3831 166.9221 684.6393 188.2692 1.8452 1.7395 4.2594 5.3557 1.3328 64.5751 1.4632 0.3856
Car -1 -1 -1.5829 678.5997 156.8469 714.7597 191.1525 1.4999 1.5739 3.5022 3.9390 0.8004 33.3676 -1.4667 0.3368
Car -1 -1 -1.1024 89.7244 173.5893 327.5881 280.4446 1.4610 1.6410 4.2534 -6.3923 1.4758 12.0280 -1.5821 0.2370
Car -1 -1 -1.3999 406.3294 184.1140 464.9767 226.7103 1.4201 1.5233 3.6258 -6.4664 1.8691 26.8913 -1.6342 0.1864
Car -1 -1 -1.3827 436.7158 184.9802 486.2433 219.5895 1.4045 1.5456 3.4534 -6.6158 1.9758 32.2322 -1.5840 0.1632
