Pedestrian -1 -1 -1.4619 477.1991 146.6873 527.1249 256.1443 1.6561 0.7033 0.6706 -1.7247 1.2605 11.2634 -1.6112 0.6663
Pedestrian -1 -1 0.7951 515.1652 175.9346 558.7517 246.3258 1.6733 0.6552 0.8526 -1.8436 1.7515 17.7192 0.6920 0.4190
Pedestrian -1 -1 -2.1768 458.9838 152.0313 474.0238 185.6404 1.9623 0.6378 0.6077 -8.4995 0.7469 42.5660 -2.3729 0.1985
Pedestrian -1 -1 0.4048 267.3236 166.7070 283.6443 199.0084 1.9219 0.5944 0.7105 -20.0754 1.5565 43.2345 -0.0278 0.1859
Pedestrian -1 -1 -0.0272 371.4225 176.8958 390.4883 208.5244 1.8462 0.6089 1.0594 -13.5886 2.0883 42.6931 -0.3339 0.1646
Cyclist -1 -1 -1.7845 1094.7578 118.9082 1200.3615 297.5710 1.8150 0.5718 1.7238 6.0143 1.2673 8.2324 -1.1708 0.1442
Cyclist -1 -1 0.4306 511.7726 175.0123 554.8694 244.5628 1.6630 0.6350 0.8670 -1.9271 1.7177 17.7158 0.3230 0.1049
Car -1 -1 0.0290 501.6532 170.0416 651.9840 232.1882 1.6656 1.7403 4.0340 -0.9510 1.5906 20.2418 -0.0181 0.9454
Car -1 -1 2.5839 615.6632 177.3238 730.6492 215.6005 1.4677 1.7066 4.5284 2.5950 1.6643 29.8734 2.6691 0.8990
Car -1 -1 2.3126 413.2231 179.4936 525.2083 225.8296 1.4461 1.6254 3.9023 -4.8663 1.6976 25.2009 2.1233 0.7784
Car -1 -1 0.3917 280.9070 186.6707 354.5601 210.7624 1.5906 1.6486 4.3819 -20.0175 2.5539 49.4440 0.0085 0.1434
