Pedestrian -1 -1 3.6707 0.0000 100.8461 95.2608 283.4907 1.8096 0.7218 0.8839 -6.1395 1.0965 7.5636 3.0059 0.4479
Car -1 -1 -1.8612 720.2322 177.7024 918.1432 307.5080 1.4902 1.5912 3.8126 2.6959 1.5733 10.3651 -1.6148 0.9885
Car -1 -1 -1.7927 670.1058 179.6679 781.3140 255.7033 1.4716 1.6121 3.9010 2.4242 1.6451 16.3289 -1.6488 0.9684
Car -1 -1 2.1760 0.0000 196.8979 354.6879 375.0000 1.5016 1.6092 3.9263 -2.7068 1.6815 3.3981 1.5400 0.8646
Car -1 -1 -2.2483 890.7886 61.9666 1242.0000 375.0000 1.6266 1.5722 3.7324 2.8678 1.3791 3.5007 -1.6025 0.7380
Car -1 -1 1.3352 658.3718 169.1928 694.3643 194.1863 1.7323 1.6689 4.1027 4.7221 1.4789 52.1569 1.4247 0.5524
Car -1 -1 1.6515 559.2802 176.1379 585.1742 199.3922 1.6300 1.5882 4.0458 -2.7764 1.8818 53.1944 1.5991 0.4479
Car -1 -1 0.1698 470.5575 178.9762 536.5496 204.0248 1.4259 1.5131 3.6210 -6.2366 1.7917 42.2619 0.0238 0.3699
Car -1 -1 -2.8359 405.7902 176.3365 483.6422 204.7917 1.4812 1.5593 3.7784 -8.8717 1.6729 38.7150 -3.0601 0.3523
Car -1 -1 -2.8448 408.3853 167.2840 486.7188 196.5000 1.7868 1.7809 4.4605 -10.1667 1.4465 45.1840 -3.0652 0.3095
