Pedestrian -1 -1 1.6235 494.8468 177.2637 509.2765 212.8742 1.8066 0.6901 0.9039 -5.5984 2.0373 37.2053 1.4747 0.4481
Cyclist -1 -1 1.6348 513.8925 174.8023 527.4174 209.2413 1.8070 0.6130 1.7641 -4.8395 1.9147 38.8566 1.5113 0.4153
Car -1 -1 -1.8084 697.7821 161.0351 837.2225 257.1085 1.6401 1.7079 4.2006 2.9048 1.4387 14.4506 -1.6148 0.9335
Car -1 -1 -1.7511 637.6434 177.3515 689.6693 216.8761 1.4488 1.4812 3.2190 2.0232 1.6374 28.5098 -1.6817 0.9192
Car -1 -1 -1.7152 572.8868 179.9709 605.6809 204.7504 1.5261 1.6324 3.7283 -1.4345 2.0150 47.5486 -1.7457 0.8899
Car -1 -1 -1.3703 88.1244 193.6641 176.8767 248.8535 1.4623 1.6126 3.5721 -14.8501 2.1696 22.5492 -1.9475 0.8887
Car -1 -1 -1.7628 610.8552 173.8265 654.5563 206.5269 1.5167 1.5052 3.4205 1.0279 1.5672 35.3810 -1.7346 0.8331
Car -1 -1 -1.6287 451.0046 183.4075 493.0978 219.7411 1.4104 1.5645 3.7449 -6.0498 1.8962 31.1796 -1.8193 0.7731
Car -1 -1 1.3587 678.3670 177.3477 771.5217 240.7146 1.5083 1.6302 4.0545 2.9387 1.6433 19.5428 1.5049 0.7161
Car -1 -1 -1.4972 450.5886 183.2537 489.0515 216.5473 1.5763 1.6761 3.9013 -7.2621 2.1461 37.4661 -1.6878 0.6113
Car -1 -1 1.4288 551.7169 178.0984 578.3829 199.0242 1.5865 1.6231 3.6228 -3.6435 2.0197 57.6101 1.3655 0.4808
