Pedestrian -1 -1 -2.0006 734.7267 162.4421 758.1357 202.3247 1.7503 0.6957 0.9404 6.0436 1.2937 32.2043 -1.8172 0.4469
Cyclist -1 -1 -2.2502 778.1835 153.8953 809.2086 192.3207 1.7616 0.5084 1.6133 8.5827 0.8928 33.9156 -2.0046 0.1703
Cyclist -1 -1 -2.0006 734.7267 162.4421 758.1357 202.3247 1.7503 0.6957 0.9404 6.0436 1.2937 32.2043 -1.8172 0.1352
Car -1 -1 2.1432 85.6661 192.2821 216.3278 242.5055 1.4410 1.6518 4.3225 -15.4717 2.1610 24.5536 1.5856 0.9580
Car -1 -1 1.9258 318.6826 180.9310 380.3708 213.0993 1.5320 1.7078 4.0243 -13.4527 1.9736 37.3973 1.5824 0.9110
Car -1 -1 -1.9126 807.2208 164.4096 854.8987 190.9650 1.5563 1.6188 3.7377 13.4461 1.0618 44.1897 -1.6193 0.1813
Car -1 -1 1.1549 82.7503 189.3324 132.1335 211.0742 1.5455 1.6716 3.9665 -38.8222 2.8575 55.6826 0.5481 0.1278
Car -1 -1 -0.6588 14.6254 179.5926 116.3802 214.1110 1.5876 1.6196 3.8789 -27.1527 1.9445 36.0828 -1.3005 0.1132
Car -1 -1 1.9021 217.4015 171.4188 265.4615 198.3457 1.6930 1.6899 3.6978 -24.1340 1.6031 47.3103 1.4325 0.1040
Car -1 -1 2.1109 280.6638 177.3406 320.7889 196.7358 1.6871 1.5912 3.8758 -28.1438 2.1088 65.7284 1.7076 0.1011
