Pedestrian -1 -1 1.5581 1035.5479 153.8657 1108.4082 319.3906 1.7054 0.6457 0.7870 5.0015 1.5102 7.9343 2.1032 0.6527
Pedestrian -1 -1 0.0238 867.4152 150.7026 930.9110 279.4975 1.7304 0.6146 0.8042 4.0022 1.4331 10.1280 0.3894 0.2253
Pedestrian -1 -1 2.0030 837.1290 170.6454 885.3299 270.2464 1.6569 0.6026 0.5718 4.2716 1.6206 12.4153 2.3262 0.2045
Pedestrian -1 -1 1.7790 868.0038 162.9792 919.0198 277.4853 1.7004 0.6158 0.6757 4.3383 1.5541 11.1626 2.1399 0.1989
Pedestrian -1 -1 -1.3189 535.4536 167.6249 554.2067 208.2323 1.8824 0.6887 0.8511 -3.0984 1.6404 33.9209 -1.4098 0.1796
Pedestrian -1 -1 1.9446 1122.4099 163.7288 1228.4474 336.7005 1.7117 0.6436 0.8102 5.9177 1.6218 7.6247 2.5852 0.1766
Pedestrian -1 -1 1.5912 550.2117 179.9543 562.6768 215.7486 1.7905 0.6168 0.8223 -2.7570 2.1561 36.6861 1.5161 0.1742
Pedestrian -1 -1 2.6097 0.0000 190.0910 219.4540 375.0000 1.7360 0.6094 1.3014 -2.4636 1.8247 2.9784 1.9606 0.1681
Pedestrian -1 -1 -1.3094 739.9219 164.7049 758.3704 199.9622 1.7386 0.7702 0.6260 6.9120 1.3371 36.0276 -1.1217 0.1542
Cyclist -1 -1 -1.2586 520.8695 178.6614 547.3227 229.0165 1.6478 0.3957 1.7121 -2.6278 1.8540 24.6900 -1.3642 0.4935
Cyclist -1 -1 -1.6569 752.9467 161.4803 771.2484 213.3930 1.6789 0.4493 1.6660 5.0429 1.3114 24.1856 -1.4543 0.1906
Car -1 -1 1.5040 601.9968 177.5301 633.1223 207.1898 1.6341 1.5729 3.5864 0.3701 1.9196 42.1645 1.5122 0.7336
Car -1 -1 1.4880 739.4232 165.6408 775.5363 198.3128 1.8051 1.7059 4.1490 8.5011 1.4069 42.0201 1.6859 0.4196
Car -1 -1 -1.5224 710.5092 169.2647 733.1636 192.6708 1.9041 1.6888 4.3971 9.4666 1.6125 61.0177 -1.3695 0.2121
Car -1 -1 -1.3977 450.1074 146.0208 509.3288 192.6917 1.6511 1.6056 3.5970 -4.9036 0.7022 27.3251 -1.5738 0.1844
Car -1 -1 -1.2622 403.3349 165.8519 539.0158 261.5829 1.8744 1.7356 4.4276 -3.0160 1.7377 16.4323 -1.4417 0.1484
