Car -1 -1 -1.9159 563.1241 187.7603 713.8014 279.9218 1.3883 1.5938 3.7815 0.3232 1.7114 13.5742 -1.8939 0.9689
Car -1 -1 -1.6986 463.4928 181.7522 519.1191 223.2916 1.4376 1.6279 3.9546 -4.7144 1.8096 28.0081 -1.8644 0.9675
Car -1 -1 1.9057 0.0000 210.0481 133.6302 375.0000 1.4628 1.6509 4.0379 -6.2456 1.9429 7.1236 1.2042 0.9018
Car -1 -1 1.8150 19.2829 205.1064 199.9885 321.8607 1.4106 1.5192 3.6788 -7.9889 2.0274 11.8005 1.2299 0.8824
Car -1 -1 1.7028 282.7055 184.6601 324.4766 214.4417 1.5187 1.6553 3.9010 -17.1978 2.2170 40.5556 1.3037 0.8760
Car -1 -1 -2.2459 736.7820 105.9778 1242.0000 375.0000 1.7279 1.7493 4.4901 2.8169 1.3736 6.2207 -1.8392 0.8115
Car -1 -1 -1.7016 451.0327 178.3899 497.3066 215.0703 1.5688 1.6130 3.9188 -6.4183 1.8433 33.6090 -1.8893 0.6448
Car -1 -1 -2.8792 648.1524 167.6717 746.6359 208.8238 1.5924 1.6573 3.6780 3.5217 1.3922 29.3695 -2.7616 0.5118
Car -1 -1 -2.8318 572.9463 172.0520 658.5848 202.9223 1.4732 1.5511 3.9636 0.2551 1.4352 35.7833 -2.8252 0.4988
Car -1 -1 -1.9267 210.4924 176.9353 252.7298 199.1613 1.5509 1.5887 3.5889 -27.7339 1.8601 52.7955 -2.4086 0.3898
