Pedestrian -1 -1 -1.6070 638.8793 126.6981 686.8767 248.7227 1.8304 0.7113 0.6765 0.7541 1.1384 11.1687 -1.5423 0.2521
Pedestrian -1 -1 -2.0772 1222.9695 147.0012 1242.0000 192.1129 1.8466 0.6600 0.9855 26.2069 0.7887 30.0826 -1.3654 0.2093
Pedestrian -1 -1 -1.3962 274.0135 159.5007 300.0471 216.0111 1.8507 0.6878 0.6510 -10.7934 1.4137 24.0257 -1.8146 0.2063
Pedestrian -1 -1 1.5548 653.3693 148.8344 680.8043 226.6091 1.9281 0.6764 0.9203 1.3954 1.3330 18.3636 1.6287 0.1634
Pedestrian -1 -1 -1.6337 703.3070 163.4689 719.0294 203.7414 1.8857 0.7078 0.4204 4.7286 1.4467 34.0187 -1.4972 0.1590
Cyclist -1 -1 1.8233 335.8340 180.8089 351.3444 210.5053 1.6504 0.4730 1.4962 -15.2678 2.1143 41.2765 1.4708 0.1798
Cyclist -1 -1 -1.6956 638.5236 172.9009 652.5115 207.7347 1.8027 0.5442 1.5629 1.8337 1.8056 38.1412 -1.6485 0.1352
Car -1 -1 -0.1802 504.6069 190.5744 578.3535 219.0362 1.5312 1.6525 4.0241 -4.0195 2.5919 41.8301 -0.2760 0.8624
Car -1 -1 -2.1871 1142.7434 168.0763 1236.2014 201.2011 1.5316 1.5992 3.8870 28.2201 1.3111 35.3434 -1.5176 0.6869
Car -1 -1 -1.9140 1121.7134 136.8807 1189.8528 179.7226 2.4690 1.8135 4.7295 33.2125 0.3962 44.1062 -1.2717 0.1836
Car -1 -1 1.3000 479.8596 190.7312 510.3264 208.9674 1.4575 1.5869 4.3138 -10.3190 3.1115 64.4489 1.1414 0.1738
Car -1 -1 -0.2851 885.0727 168.6199 939.6140 187.9700 1.5550 1.6490 3.8011 24.6644 1.2151 59.0078 0.1088 0.1449
Car -1 -1 1.5402 360.8065 188.7812 384.7418 213.5231 1.8606 1.7453 4.5136 -19.7120 3.2342 59.7898 1.2227 0.1289
