Pedestrian -1 -1 -1.1931 280.1512 170.3989 350.1576 303.1182 1.6217 0.5956 0.7465 -3.6751 1.4874 9.1481 -1.5712 0.7799
Pedestrian -1 -1 -1.9274 820.8417 156.6626 863.1819 234.6082 1.6386 0.6145 0.8121 5.1493 1.1177 15.5182 -1.6172 0.7520
Pedestrian -1 -1 -1.6054 751.9980 158.2051 796.0225 275.7645 1.6459 0.5822 0.9117 2.4769 1.3211 10.5560 -1.3859 0.7154
Pedestrian -1 -1 -2.0395 815.8376 156.4069 935.3435 340.8885 1.5722 0.7742 0.6957 2.4128 1.3597 6.5151 -1.7035 0.7133
Pedestrian -1 -1 -1.4208 386.7793 190.3072 445.7897 306.1271 1.6850 0.7620 0.8143 -2.8512 1.8261 10.9603 -1.6756 0.6156
Pedestrian -1 -1 2.0293 253.5204 166.7964 316.0123 278.3529 1.7828 0.6474 0.8320 -5.2751 1.5491 11.9068 1.6147 0.5901
Pedestrian -1 -1 -1.8563 484.8807 171.1153 503.3930 212.9393 1.8097 0.6223 0.7243 -4.7277 1.3613 31.5388 -2.0090 0.3741
Pedestrian -1 -1 0.0811 198.4630 151.0840 276.1502 287.1670 1.8404 0.6657 0.9323 -5.1883 1.4303 10.1955 -0.3850 0.3451
Pedestrian -1 -1 0.1177 555.7637 169.5298 570.1898 198.1444 1.8053 0.5620 0.8577 -2.4335 1.0508 45.6230 0.0597 0.3350
Pedestrian -1 -1 -1.4915 723.4877 177.6410 763.9564 259.2568 1.5586 0.6934 1.7270 2.8828 1.4862 14.6396 -1.3059 0.1449
Cyclist -1 -1 -1.4915 723.4877 177.6410 763.9564 259.2568 1.5586 0.6934 1.7270 2.8828 1.4862 14.6396 -1.3059 0.3686
Cyclist -1 -1 1.5575 750.0750 154.0136 794.5657 272.9579 1.6795 0.6138 0.9012 2.4728 1.2927 10.6436 1.7749 0.1784
Cyclist -1 -1 0.1531 200.2286 156.5274 282.7750 292.5472 1.8479 0.6353 0.9629 -5.1339 1.5100 10.2052 -0.3085 0.1020
Car -1 -1 -1.7070 653.5911 163.9694 710.8974 212.6521 1.8014 1.7121 3.8900 3.1176 1.1538 28.5510 -1.6043 0.8909
Car -1 -1 -1.3641 552.9369 171.0471 585.0942 193.6963 1.6674 1.6765 4.0883 -2.4211 0.8985 55.0303 -1.4128 0.5664
Car -1 -1 2.1735 0.0000 193.3805 210.5718 374.0000 1.5864 1.7439 4.5137 -6.4875 1.7611 8.1772 1.5123 0.3137
Car -1 -1 -1.6129 640.6307 174.1980 669.8677 201.5295 1.4784 1.4824 3.2856 3.0007 1.0842 40.5138 -1.5444 0.2607
Car -1 -1 -1.7443 523.6835 181.1593 567.1954 211.9110 1.4652 1.5842 3.4566 -2.8657 1.4499 36.0963 -1.8280 0.2443
