Car -1 -1 -1.7550 609.7122 178.2624 716.3391 257.5580 1.5593 1.6505 3.9507 1.0599 1.4237 16.1925 -1.6912 0.9695
Car -1 -1 -1.2486 160.7112 192.4888 332.8202 292.0047 1.3930 1.5315 3.4496 -5.9269 1.5352 12.1288 -1.6947 0.9647
Car -1 -1 -1.5625 501.2606 181.9737 548.0875 225.3603 1.5563 1.6746 3.5531 -3.2169 1.4411 27.6376 -1.6777 0.9644
Car -1 -1 -1.1608 62.6625 156.2767 235.1336 242.6942 1.7811 1.7550 4.5465 -10.7343 1.1858 17.1861 -1.7121 0.9575
Car -1 -1 -1.3517 306.3270 187.7496 407.1786 250.2467 1.4222 1.5928 4.0716 -6.4055 1.4964 18.6350 -1.6787 0.9464
Car -1 -1 -1.3913 364.3383 184.8978 432.7602 231.1381 1.5863 1.6754 4.4880 -7.7794 1.5765 26.9725 -1.6699 0.8557
Car -1 -1 1.6856 417.3704 180.6336 456.5217 209.3858 1.4696 1.5959 4.1068 -9.2087 1.2365 38.8714 1.4542 0.8353
Car -1 -1 -1.3694 317.5978 172.1113 368.6129 202.4053 1.4418 1.6284 4.0836 -13.3393 0.8193 36.3497 -1.7189 0.7500
Car -1 -1 -1.2906 264.9077 181.9088 341.2880 223.7818 1.4200 1.5602 3.8572 -11.1142 1.3090 26.3795 -1.6860 0.7382
Car -1 -1 -0.9287 0.0000 203.7779 82.9345 376.0000 1.5223 1.6559 3.9270 -5.0741 1.6864 4.2158 -1.7752 0.6151
Car -1 -1 -1.6895 545.1677 182.2698 570.7761 201.9599 1.5170 1.6154 3.6052 -4.0125 1.2912 57.3013 -1.7595 0.5840
Car -1 -1 1.6426 397.4517 174.9770 419.8508 194.5078 1.6004 1.5550 3.8843 -16.8649 0.7625 60.9576 1.3735 0.5814
Car -1 -1 -1.5088 493.3061 182.7020 529.6389 212.3145 1.4421 1.6180 3.8129 -4.9327 1.3208 36.9622 -1.6410 0.5586
