Pedestrian -1 -1 1.6359 942.9911 130.9034 981.1998 219.6347 1.8649 0.7015 0.8593 7.6218 0.9836 15.7083 2.0801 0.6319
Car -1 -1 3.7017 0.0000 176.5631 221.5665 291.9536 1.4990 1.5994 3.7693 -7.9693 1.5576 10.3835 3.0592 0.9359
Car -1 -1 -0.5895 906.9190 193.1056 1242.0000 375.0000 1.4302 1.5133 3.5288 4.5665 1.6267 6.1880 0.0228 0.9344
Car -1 -1 3.5354 0.0000 171.2705 285.1432 273.8777 1.6627 1.6781 4.0202 -8.2033 1.6374 12.8481 2.9763 0.9264
Car -1 -1 -0.5373 813.4366 188.9657 1187.9711 323.8568 1.4307 1.5720 3.7632 4.5432 1.6482 8.7961 -0.0751 0.9256
Car -1 -1 3.8237 0.0000 180.5443 180.6850 332.8905 1.4456 1.6258 4.0247 -7.2320 1.5392 7.8400 3.0955 0.9146
Car -1 -1 -2.3251 1071.2349 182.4808 1156.5236 212.0754 1.5489 1.6330 4.0878 28.6958 2.1289 41.2989 -1.7217 0.8788
Car -1 -1 -1.7787 461.9275 177.2693 500.4093 204.9499 1.6397 1.6388 3.7699 -8.1858 1.9307 45.4481 -1.9563 0.8608
Car -1 -1 0.3977 106.6497 166.1553 334.3976 251.0946 1.6899 1.6122 3.9422 -8.1704 1.5570 15.3239 -0.0853 0.7298
Car -1 -1 3.3881 207.1794 160.6171 354.6678 223.2137 1.7727 1.6610 3.7159 -9.7697 1.4266 21.5717 2.9671 0.6067
Car -1 -1 3.2009 269.3481 176.1901 368.8215 219.4479 1.5631 1.5151 3.4315 -11.0542 1.6966 27.5227 2.8220 0.4913
