Pedestrian -1 -1 -3.1138 807.9890 155.2783 922.0799 340.7933 1.8049 0.7617 1.0693 2.7013 1.5511 7.5292 -2.7862 0.8377
Pedestrian -1 -1 2.1285 72.7047 163.0511 215.6593 370.1685 1.7012 0.7064 0.8721 -4.0410 1.5511 6.3344 1.5729 0.8198
Pedestrian -1 -1 2.7610 607.6536 176.9207 649.5565 242.9092 1.7602 0.7231 0.9420 0.7074 1.6392 19.6601 2.7910 0.7666
Pedestrian -1 -1 0.1560 697.1655 163.7813 759.0542 271.7653 1.7965 0.6653 0.9686 2.1554 1.5030 12.4161 0.3188 0.6844
Pedestrian -1 -1 -2.3657 1019.2567 136.0210 1180.2653 374.0000 1.6683 0.5742 0.8290 3.6792 1.3554 5.4305 -1.7979 0.6774
Pedestrian -1 -1 2.1514 592.4177 173.2266 628.6836 232.5405 1.7240 0.7731 0.7969 0.2463 1.4847 21.4222 2.1575 0.6598
Pedestrian -1 -1 1.6994 532.2578 175.6556 563.6814 249.8918 1.8450 0.6685 1.1655 -1.3938 1.7009 18.4485 1.6196 0.5873
Pedestrian -1 -1 0.8950 0.0000 196.2737 66.3850 333.2542 1.6730 0.7143 0.5664 -7.5203 1.8735 9.2698 0.2213 0.5031
Pedestrian -1 -1 -2.2315 643.2220 175.7819 670.2081 216.4083 1.6371 0.7190 0.8727 2.2511 1.4077 29.5067 -2.1612 0.4696
Pedestrian -1 -1 -0.8628 641.0524 170.5665 661.6050 208.4512 1.7392 0.6361 0.7270 2.3136 1.2382 33.4575 -0.7994 0.4622
Pedestrian -1 -1 -0.2353 695.9806 170.9017 720.9849 214.3300 1.7859 0.6109 0.9081 4.4330 1.3511 29.8844 -0.0945 0.3848
Pedestrian -1 -1 0.7352 989.1115 145.8930 1043.1129 234.4187 1.8003 0.6985 0.6897 8.6402 1.0774 15.0442 1.2439 0.3120
Cyclist -1 -1 1.6816 532.5895 177.6296 563.4877 251.6877 1.8327 0.6577 1.3242 -1.3903 1.7381 18.4461 1.6019 0.4236
Cyclist -1 -1 0.9642 141.0336 183.8005 244.5370 292.9583 1.7497 0.5464 1.8914 -6.9924 1.7921 12.1943 0.4470 0.4084
Cyclist -1 -1 0.0280 696.8922 162.9881 759.2556 272.4612 1.8286 0.6618 1.0341 2.1487 1.5206 12.4187 0.1902 0.1643
Cyclist -1 -1 -3.1298 806.4679 153.4479 923.2922 341.0005 1.8248 0.7716 1.0945 2.6938 1.5532 7.5320 -2.8031 0.1638
Cyclist -1 -1 -1.0766 591.8711 172.2834 628.7796 232.5064 1.7512 0.8028 0.8393 0.2414 1.4844 21.4466 -1.0708 0.1393
Cyclist -1 -1 2.7540 608.6996 176.6483 650.9515 243.6446 1.7876 0.7067 0.9569 0.7412 1.6593 19.6618 2.7857 0.1024
Car -1 -1 1.8224 374.0436 162.8678 512.9063 263.2041 1.9225 1.9121 4.6924 -3.3650 1.5667 16.1468 1.6147 0.8639
Car -1 -1 1.7136 469.4112 166.9163 545.5367 235.8266 1.9694 1.7689 4.6050 -2.8930 1.5537 22.8401 1.5837 0.7814
Car -1 -1 -1.5334 634.0522 171.2130 658.0742 195.4580 1.6751 1.6031 3.7862 3.2507 0.9650 51.5868 -1.4758 0.2876
