Pedestrian -1 -1 -2.0367 753.8824 161.7899 779.7893 207.4776 1.7700 0.6392 0.9478 6.1439 1.3417 28.4893 -1.8269 0.3299
Pedestrian -1 -1 -0.5623 1105.8135 140.4615 1173.4061 249.2346 1.7821 0.5862 0.7113 8.8393 1.2518 12.1313 0.0556 0.1592
Pedestrian -1 -1 0.1896 806.3729 151.5666 853.1146 197.5464 1.7618 0.6018 1.6714 8.5722 0.9465 28.2970 0.4806 0.1421
Cyclist -1 -1 -2.9265 804.5783 149.8259 851.1125 194.5346 1.7200 0.6802 1.6510 8.5453 0.8344 28.4521 -2.6378 0.3213
Cyclist -1 -1 1.9765 309.9760 180.8810 327.3604 205.8199 1.6675 0.5677 1.4772 -19.9947 2.2265 49.4664 1.5940 0.2918
Car -1 -1 2.0512 203.9859 188.1344 301.9784 235.0986 1.5504 1.6575 3.9245 -13.3177 2.1665 27.0912 1.5979 0.9570
Car -1 -1 1.7115 38.0919 194.9767 78.9340 220.0661 1.5515 1.7148 4.0981 -38.7311 3.1745 50.7150 1.0616 0.2550
Car -1 -1 -2.0626 0.0000 191.8535 46.0255 228.6775 1.5073 1.5369 3.6013 -27.3134 2.3958 32.3436 -2.7599 0.2182
Car -1 -1 1.2643 837.0506 168.4126 888.2529 197.2707 1.4658 1.5401 3.6188 13.3724 1.2406 38.4761 1.5961 0.2047
Car -1 -1 1.7227 248.9442 178.2585 278.2540 197.5760 1.5175 1.6202 3.9013 -28.7663 1.9827 59.9568 1.2768 0.1971
Car -1 -1 -0.1361 810.6719 165.6759 869.9982 187.6503 1.5620 1.6245 3.9170 16.6593 1.0521 52.4163 0.1698 0.1535
