Pedestrian -1 -1 2.2408 259.7631 151.7892 293.7209 214.1112 1.7732 0.5697 0.7217 -9.7153 1.1742 20.9443 1.8110 0.4875
Car -1 -1 -1.8114 674.2124 190.6958 760.9996 256.1220 1.5531 1.5552 3.4666 2.8235 2.0905 19.9126 -1.6737 0.9551
Car -1 -1 3.7719 0.0000 190.5029 245.9762 331.2425 1.4600 1.6291 4.0125 -6.7983 1.6911 8.5655 3.1159 0.9479
Car -1 -1 -2.7406 212.7264 190.5443 419.9582 263.5552 1.4662 1.6146 3.8687 -6.3523 1.8737 15.7511 -3.1187 0.9425
Car -1 -1 -1.7000 643.7878 185.8085 696.3312 226.3377 1.4588 1.5938 4.1147 2.3325 2.0247 29.4036 -1.6223 0.9257
Car -1 -1 3.6572 0.0000 197.2099 312.7455 304.4844 1.4374 1.5806 3.9912 -6.8724 1.8355 10.9175 3.1059 0.8898
Car -1 -1 -2.8157 331.9830 190.2179 468.7289 243.1643 1.5524 1.6572 3.7950 -6.5634 2.1204 22.6694 -3.0950 0.7618
Car -1 -1 -2.7710 1048.2996 200.5473 1242.0000 375.0000 1.4566 1.6519 3.9592 6.8606 1.8195 7.3040 -2.0378 0.6951
Car -1 -1 0.4078 294.5664 192.9499 444.2065 249.7445 1.4752 1.5697 3.6858 -6.7725 2.0689 20.3556 0.0899 0.6726
Car -1 -1 0.4582 266.7565 190.6745 436.9962 254.7367 1.4705 1.5851 3.7115 -6.4685 1.9436 18.1290 0.1195 0.6037
Car -1 -1 0.2454 429.5099 189.4110 520.0005 221.8716 1.4116 1.5623 3.8263 -6.2188 2.1941 33.1856 0.0611 0.5982
Car -1 -1 0.4334 373.3846 186.5602 483.6684 229.1876 1.5175 1.6039 3.7596 -6.9408 2.0630 27.5553 0.1883 0.5426
Car -1 -1 3.3162 445.1715 178.9819 516.5308 207.4818 1.4689 1.5793 3.5097 -6.8563 1.8014 38.3181 3.1399 0.5278
Car -1 -1 1.5168 628.7685 182.7263 650.4930 202.8368 1.5608 1.5924 3.6277 2.3976 2.4018 59.6135 1.5563 0.4743
