Pedestrian -1 -1 -2.1095 751.1394 153.7659 767.9647 186.3839 1.9189 0.6992 0.7382 8.8579 0.7963 42.9089 -1.9075 0.4075
Pedestrian -1 -1 -2.1303 837.2944 165.5393 879.6143 235.2486 1.7334 0.5825 0.9927 6.3069 1.5518 18.4895 -1.8071 0.3786
Pedestrian -1 -1 1.6677 121.4689 184.8670 156.3275 253.1921 1.6834 0.6755 0.7249 -12.0652 1.9984 18.4195 1.0942 0.3236
Car -1 -1 -1.7549 596.0416 180.1218 695.0765 253.8776 1.5041 1.6411 3.7538 0.6731 1.6964 17.0772 -1.7172 0.9735
Car -1 -1 1.8561 0.0000 131.7877 356.1256 375.0000 1.9308 1.7393 4.6137 -3.8680 1.6579 7.2286 1.3792 0.9699
Car -1 -1 -1.4688 374.7613 181.2118 435.5148 231.3712 1.5981 1.6929 3.7684 -7.2442 1.9188 25.6528 -1.7419 0.9464
Car -1 -1 -1.7236 573.4161 178.7130 640.3546 232.7301 1.5711 1.6113 3.6004 -0.2225 1.7762 23.3036 -1.7339 0.8933
Car -1 -1 -1.7536 549.6478 181.6534 607.3336 224.8737 1.4971 1.5609 3.6655 -1.3191 1.8598 27.7516 -1.8014 0.8654
Car -1 -1 -1.6708 529.1936 177.6974 563.0232 206.0675 1.4981 1.5477 3.4892 -3.6664 1.7834 40.5922 -1.7608 0.8126
Car -1 -1 -1.5731 509.8932 175.0663 528.8406 194.2516 1.6785 1.6590 3.5938 -8.2451 1.8853 65.4457 -1.6982 0.5068
