Pedestrian -1 -1 1.9150 289.2540 176.1378 340.2141 265.5253 1.7188 0.7501 0.6644 -5.8691 1.7856 14.2444 1.5301 0.3885
Pedestrian -1 -1 1.2777 724.0552 126.9971 758.9836 209.8275 1.8528 0.6040 0.7099 2.9553 0.8274 16.5255 1.4512 0.3551
Pedestrian -1 -1 1.4134 964.5034 84.1316 1058.3218 313.5097 1.6958 0.5366 0.6566 3.1057 1.0402 5.7274 1.8890 0.3332
Pedestrian -1 -1 2.3822 657.8823 147.0602 681.8297 188.7709 1.9278 0.5854 0.9906 2.7734 0.7360 33.8847 2.4629 0.3196
Car -1 -1 -1.2085 157.0860 209.5044 391.1228 360.6353 1.4314 1.5573 3.5737 -4.1978 2.0085 9.5321 -1.6140 0.9743
Car -1 -1 -1.3140 378.2597 182.9538 486.8180 260.7552 1.7264 1.7081 4.1116 -4.4760 2.0165 18.6215 -1.5475 0.9503
Car -1 -1 -1.7376 706.4857 181.0314 824.8072 275.8160 1.5127 1.5719 3.3446 2.7218 1.6853 13.4977 -1.5439 0.9486
Car -1 -1 -1.6740 655.8555 179.0274 704.5637 219.5689 1.5053 1.5832 3.5025 2.7295 1.7696 29.0846 -1.5820 0.9135
Car -1 -1 1.7148 476.5362 186.8632 525.7017 224.2244 1.5076 1.6535 3.8236 -4.8741 2.1755 32.4644 1.5664 0.9090
Car -1 -1 0.9008 919.2438 189.3159 1242.0000 375.0000 1.4503 1.5691 3.6673 2.7784 1.5622 3.0326 1.5946 0.8265
Car -1 -1 1.5970 521.2256 186.4920 547.8129 212.0627 1.5630 1.6704 4.0581 -5.0570 2.5181 48.4170 1.4930 0.5154
