Pedestrian -1 -1 -1.4946 222.7001 188.4949 258.2275 264.3420 1.7234 0.6946 0.6765 -8.7572 2.1024 17.0210 -1.9639 0.2722
Pedestrian -1 -1 1.8048 93.5185 112.3037 148.3116 228.1192 1.8409 0.6015 0.6848 -8.0990 0.8788 11.8918 1.2172 0.2062
Pedestrian -1 -1 0.1617 472.5424 169.2254 498.5781 198.4523 1.7928 0.6013 1.5080 -7.7135 1.5706 44.5652 -0.0090 0.1163
Cyclist -1 -1 -2.9702 472.0988 169.0081 500.3192 198.0013 1.7789 0.6112 1.6385 -7.6746 1.5433 44.5744 -3.1401 0.3259
Car -1 -1 1.9713 149.1745 178.8789 409.7604 349.6920 1.7231 1.5834 3.8868 -3.9941 1.8180 9.3620 1.5773 0.9812
Car -1 -1 1.7071 482.4008 181.3363 539.7832 226.8142 1.4887 1.5498 3.9212 -3.5729 1.8214 26.3103 1.5729 0.9140
Car -1 -1 1.6704 510.0927 174.3553 553.7264 212.2239 1.5944 1.5680 3.9648 -3.4999 1.6665 32.5218 1.5635 0.7826
Car -1 -1 -1.5124 550.3547 177.1990 576.1039 199.6332 1.5358 1.6357 3.8294 -3.3683 1.8612 52.0564 -1.5772 0.7146
Car -1 -1 2.9334 0.0000 0.0000 1242.0000 375.0000 1.5049 1.6291 3.8217 -4.0335 1.6766 2.0532 1.8871 0.4424
Car -1 -1 0.8805 645.2513 164.6623 691.1613 187.0706 1.7215 1.6016 3.7742 4.5741 1.0925 57.4334 0.9593 0.4284
