Pedestrian -1 -1 -1.3656 278.1484 179.9935 318.2240 260.8378 1.6075 0.6168 0.7110 -6.3080 1.5990 14.4624 -1.7672 0.3934
Pedestrian -1 -1 -1.2251 117.5068 153.3075 138.4520 193.5324 1.9502 0.6535 0.6949 -23.4165 0.6333 34.6898 -1.8126 0.3783
Pedestrian -1 -1 3.1469 126.0273 114.5664 207.2386 255.0356 1.8491 0.5729 0.9325 -6.0985 0.9828 9.7867 2.6065 0.3668
Pedestrian -1 -1 -1.4082 790.0848 163.3564 805.0872 197.8159 1.8194 0.6836 0.6111 10.2725 0.9157 37.7457 -1.1429 0.3598
Pedestrian -1 -1 -3.5324 993.0093 113.6628 1062.2441 241.8002 1.7311 0.4274 0.7131 5.8037 0.8298 9.8055 -3.0099 0.3556
Pedestrian -1 -1 0.0029 775.4936 159.5587 793.0633 191.4747 1.8151 0.5417 0.9712 10.2839 0.6255 40.5882 0.2510 0.3134
Pedestrian -1 -1 -0.1426 510.6977 164.4252 521.6066 186.3290 1.8829 0.5401 0.8690 -7.6666 0.5023 61.1477 -0.2649 0.2386
Pedestrian -1 -1 -1.9617 876.2109 151.7825 904.2324 191.7485 1.8516 0.5538 1.8925 13.5618 0.5226 33.7017 -1.5805 0.1130
Pedestrian -1 -1 -1.8625 983.2941 146.3452 1026.2845 216.6014 1.7396 0.4586 1.8142 10.3629 0.8955 18.4372 -1.3560 0.1111
Cyclist -1 -1 -1.8625 983.2941 146.3452 1026.2845 216.6014 1.7396 0.4586 1.8142 10.3629 0.8955 18.4372 -1.3560 0.5624
Cyclist -1 -1 1.1459 876.3871 153.7670 905.3968 192.1970 1.7724 0.5396 1.8904 13.5357 0.5409 33.5595 1.5278 0.4823
Car -1 -1 -0.7439 1054.1505 152.4530 1185.0560 197.9024 1.4615 1.5742 3.3866 17.1836 0.5612 23.7187 -0.1216 0.9503
Car -1 -1 -0.8951 0.0000 207.6641 287.8969 370.0000 1.4889 1.5948 3.8549 -3.1490 1.6934 3.3186 -1.6065 0.8116
