Car -1 -1 -1.0619 0.4341 189.5707 325.0223 343.3492 1.4575 1.6212 3.8410 -5.0939 1.5238 8.8396 -1.5718 0.9675
Car -1 -1 -1.1331 183.6102 169.1340 335.8311 243.2749 1.6002 1.6573 4.3057 -8.3724 1.2542 17.6647 -1.5700 0.9542
Car -1 -1 -1.5704 574.6169 174.9394 615.3213 210.0467 1.4345 1.6639 3.7041 -0.5942 1.0157 31.2366 -1.5897 0.9032
Car -1 -1 -1.4438 487.2642 173.4510 528.7336 206.2454 1.5586 1.5724 3.9835 -4.9925 1.0006 36.1603 -1.5803 0.8268
Car -1 -1 -1.2560 308.8622 183.3029 386.2583 228.9571 1.4255 1.4613 3.3727 -8.6909 1.3669 24.1474 -1.5983 0.6924
Car -1 -1 -1.3792 358.9455 148.4548 465.4432 247.9679 2.0337 1.6508 3.8480 -4.4341 1.2835 16.6602 -1.6356 0.4842
Car -1 -1 2.1065 64.2677 180.3163 201.1728 238.8108 1.3527 1.4234 3.2514 -11.9648 1.2405 18.2711 1.5334 0.4803
Car -1 -1 -1.4266 422.1969 155.6187 508.3484 234.9621 2.0796 1.8126 4.7183 -4.1094 1.3050 21.2352 -1.6157 0.4744
Car -1 -1 1.8325 269.6535 163.7431 323.0284 195.9106 1.6851 1.6709 4.2240 -17.2173 0.5614 39.8628 1.4271 0.2273
Car -1 -1 1.5010 510.1456 174.0874 538.9609 197.7666 1.5132 1.6265 4.1015 -5.6272 0.8032 48.0990 1.3848 0.2249
