Car -1 -1 -1.3313 356.7957 179.8617 470.0314 258.9702 1.5857 1.6077 3.7431 -4.3036 1.4795 16.2890 -1.5859 0.9757
Car -1 -1 -1.6282 580.6607 175.3553 655.9275 242.6084 1.5547 1.7044 3.2428 0.1398 1.3279 18.2760 -1.6211 0.9450
Car -1 -1 -1.4194 455.7045 183.2781 510.1079 223.3282 1.4534 1.5661 3.4692 -4.8065 1.3843 27.8326 -1.5892 0.9414
Car -1 -1 -1.1656 183.6854 189.1703 325.5578 254.1593 1.3740 1.5339 4.2325 -8.4819 1.4837 17.5990 -1.6090 0.9201
Car -1 -1 -1.2108 278.3958 181.0955 349.7472 219.4003 1.5920 1.6242 3.9709 -12.9603 1.4219 31.8773 -1.5944 0.8628
Car -1 -1 2.1248 96.1022 182.6789 165.9196 210.8025 1.6236 1.6658 3.9906 -28.7889 1.4783 43.5141 1.5428 0.8570
Car -1 -1 -1.5142 498.3734 180.0998 534.5704 210.0829 1.4160 1.5768 3.8981 -4.5463 1.1755 35.9438 -1.6395 0.7689
Car -1 -1 -1.0070 0.0000 190.0242 317.5174 376.0000 1.4748 1.6250 3.8917 -3.6858 1.5237 5.1625 -1.6028 0.7147
Car -1 -1 -1.1713 377.4384 181.8206 446.5534 218.8966 1.5051 1.6102 3.5807 -8.4156 1.3685 31.0624 -1.4341 0.7006
Car -1 -1 -0.2285 569.0571 176.9707 663.4047 216.6805 1.6203 1.6043 3.7368 0.2991 1.2850 30.5169 -0.2192 0.4915
