Pedestrian -1 -1 -1.4657 584.8506 165.2334 607.6091 217.8092 1.8001 0.7292 0.6325 -0.5181 1.5396 25.0477 -1.4868 0.4330
Pedestrian -1 -1 0.8180 635.8447 169.5284 648.7795 193.5041 1.8183 0.5378 0.8719 2.4457 1.5665 55.2252 0.8616 0.2581
Pedestrian -1 -1 3.1734 572.4891 172.2456 582.5762 195.5321 1.8529 0.5366 0.7896 -2.6184 1.8048 57.6827 3.1279 0.2391
Car -1 -1 2.3030 84.4955 184.9627 202.6768 226.6041 1.4806 1.6367 4.1514 -18.6999 2.0060 29.1031 1.7358 0.8706
Car -1 -1 2.6477 301.6897 175.8996 384.7771 207.2401 1.6273 1.5788 4.0439 -14.7289 1.8046 39.8936 2.2958 0.8201
Car -1 -1 2.7274 252.4549 180.1960 327.5115 205.1234 1.4459 1.5793 3.9844 -19.9574 1.9249 45.0319 2.3121 0.6472
Car -1 -1 -1.7577 490.5019 173.7156 522.0479 194.3167 1.4342 1.5927 3.7682 -7.6000 1.4996 52.4396 -1.9012 0.4408
Car -1 -1 1.2959 836.2582 166.4825 867.0336 185.9499 1.7271 1.6575 3.9195 22.0442 1.1622 66.0051 1.6166 0.4330
Car -1 -1 1.4803 448.0789 175.7267 475.4028 197.9581 1.5110 1.5605 3.9961 -10.6896 1.7258 51.7276 1.2772 0.3376
Car -1 -1 1.3637 809.4481 166.9110 838.8986 188.8846 1.9188 1.7012 4.2530 19.2869 1.4002 65.1915 1.6499 0.2824
