Pedestrian -1 -1 2.2608 439.8510 176.9444 477.5601 250.0853 1.7955 0.5859 0.7569 -3.6258 1.6849 18.1034 2.0604 0.7195
Pedestrian -1 -1 1.3371 812.1607 173.3395 879.3637 297.6617 1.7239 0.7507 0.7623 3.4630 1.6120 10.3663 1.6463 0.6510
Pedestrian -1 -1 1.6600 583.8309 177.1169 601.2026 219.7003 1.8601 0.6941 0.9627 -0.4037 1.6696 31.8809 1.6422 0.6231
Pedestrian -1 -1 1.9501 234.1122 177.8562 290.2811 286.8665 1.6477 0.6129 0.5976 -5.3083 1.5939 11.1719 1.5098 0.6008
Pedestrian -1 -1 -1.3874 481.7353 180.3096 505.3407 232.3588 1.6456 0.6182 0.8109 -3.4932 1.6091 23.1235 -1.5410 0.4993
Pedestrian -1 -1 1.2600 295.8833 176.3525 330.4895 243.7363 1.6742 0.6304 0.7122 -7.3871 1.5475 18.3198 0.8763 0.2936
Pedestrian -1 -1 2.6788 377.9467 195.8487 416.5757 261.4855 1.6160 0.6180 0.7534 -5.2562 1.9940 18.3766 2.3983 0.2841
Pedestrian -1 -1 0.0584 354.2910 153.8967 419.4583 271.5311 1.7511 0.6737 0.9316 -3.3478 1.3415 11.1259 -0.2330 0.2725
Pedestrian -1 -1 -1.3733 462.5010 190.2986 484.1054 238.5512 1.6911 0.6116 0.8534 -4.6117 2.0131 25.7624 -1.5541 0.2662
Pedestrian -1 -1 -1.8168 560.8857 184.2574 577.6328 219.9366 1.7022 0.6235 0.8303 -1.5729 1.8387 34.8319 -1.8669 0.2475
Pedestrian -1 -1 -0.9204 0.0000 0.0000 174.3492 365.3851 1.8699 0.4811 1.5109 -3.3432 0.9221 4.3536 -1.5524 0.1323
Cyclist -1 -1 -0.1871 537.3309 179.3761 578.8667 221.2474 1.8474 0.6326 1.7712 -1.9592 1.7546 32.2184 -0.2526 0.6968
Cyclist -1 -1 -0.9058 0.0000 0.0000 181.7717 373.0459 1.9231 0.4846 1.6392 -3.3319 0.9386 4.3390 -1.5377 0.2573
Cyclist -1 -1 1.6600 583.8309 177.1169 601.2026 219.7003 1.8601 0.6941 0.9627 -0.4037 1.6696 31.8809 1.6422 0.1253
Cyclist -1 -1 0.0902 350.7656 152.7687 422.9057 273.0637 1.7906 0.6813 1.0153 -3.3461 1.3643 11.1251 -0.2011 0.1024
Car -1 -1 -1.7313 655.4291 142.3296 769.0471 238.7330 1.8354 1.7280 4.2912 2.2397 1.0909 15.8426 -1.5984 0.5748
Car -1 -1 -1.7684 508.5280 186.7312 556.6215 219.3161 1.4983 1.6409 3.8114 -3.4879 1.7745 35.7508 -1.8702 0.2588
