Pedestrian -1 -1 -3.4510 991.5647 113.8150 1065.0853 243.9503 1.7504 0.4288 0.7775 5.8058 0.8551 9.7971 -2.9281 0.4310
Pedestrian -1 -1 -1.2668 276.8519 178.4126 319.3945 258.7506 1.6008 0.6119 0.7080 -6.3109 1.5608 14.4658 -1.6685 0.4162
Pedestrian -1 -1 3.1490 125.4747 113.7491 207.3737 254.6099 1.8540 0.5643 0.9403 -6.0985 0.9771 9.7833 2.6084 0.3959
Pedestrian -1 -1 -0.2173 510.6691 164.6960 522.1263 186.3743 1.8634 0.5378 0.8892 -7.6480 0.5061 61.1710 -0.3392 0.2535
Pedestrian -1 -1 -1.4337 118.8230 152.6998 136.9972 192.9613 1.9501 0.6530 0.6569 -23.4134 0.6050 34.6792 -2.0213 0.2492
Pedestrian -1 -1 -3.1511 980.7712 147.7286 1030.9871 217.9297 1.7746 0.5382 1.1204 10.3680 0.9478 18.3727 -2.6429 0.2055
Cyclist -1 -1 -2.0560 874.6277 152.2279 905.2668 190.9292 1.7852 0.5082 1.9191 13.5024 0.4825 33.5907 -1.6753 0.5028
Cyclist -1 -1 -3.2508 977.5217 148.2014 1035.2311 219.3048 1.7942 0.5665 1.2433 10.3565 0.9808 18.3393 -2.7423 0.4172
Car -1 -1 -0.0979 718.2349 165.8502 856.9645 210.9682 1.4761 1.7277 4.4601 6.1344 0.9983 24.3097 0.1480 0.9819
Car -1 -1 1.7412 307.7573 179.7970 355.6153 208.4626 1.5079 1.7513 4.4337 -15.2124 1.4723 39.5305 1.3782 0.8387
Car -1 -1 -0.8941 0.0000 212.0774 288.8317 370.0000 1.4822 1.5913 3.8700 -3.1380 1.7193 3.3042 -1.6058 0.8274
Car -1 -1 1.6378 443.1515 171.1880 473.0109 198.0519 1.6698 1.6347 3.8953 -9.5134 1.0923 45.9821 1.4369 0.7736
