Pedestrian -1 -1 -0.1023 938.6893 128.5955 1010.2126 271.3217 1.8004 0.4481 0.7871 4.7000 1.2424 9.4432 0.3467 0.3385
Pedestrian -1 -1 3.2857 386.3043 164.4671 413.0241 211.1832 1.7977 0.5658 0.9277 -8.2307 1.4753 28.1075 3.0030 0.3178
Cyclist -1 -1 2.1802 385.7818 163.3052 411.8521 211.2044 1.8192 0.5537 0.8981 -8.2079 1.4569 27.9154 1.8964 0.1083
Car -1 -1 2.8717 360.7456 170.0254 530.8318 226.0453 1.5293 1.7261 4.6654 -4.9132 1.4524 21.5569 2.6498 0.9807
Car -1 -1 -1.0766 849.6398 161.9613 1029.0956 253.1771 1.6128 1.6503 3.9507 6.6893 1.4206 14.6130 -0.6555 0.9125
Car -1 -1 2.9185 0.0000 186.0477 168.7838 266.0941 1.4407 1.6359 3.8613 -12.0706 1.7639 15.6484 2.2695 0.8309
Car -1 -1 -0.8090 1204.8734 157.6243 1242.0000 198.1085 1.4358 1.6080 4.2812 24.5671 0.8960 26.5339 -0.0676 0.4334
Car -1 -1 -2.5997 893.9904 182.6926 1026.6808 233.1047 1.4787 1.5784 3.6547 11.4532 1.8315 23.8844 -2.1580 0.2399
Car -1 -1 -0.8333 1054.2168 160.2774 1122.5347 181.8599 1.4525 1.5142 4.1891 32.9869 0.6065 49.8112 -0.2511 0.2027
Car -1 -1 -0.1750 1034.3877 177.6758 1169.5270 218.1823 1.5278 1.6177 4.2929 19.7164 1.7340 29.1965 0.4138 0.2000
Car -1 -1 2.9115 515.6113 181.0406 599.8151 210.1233 1.5177 1.7144 4.3737 -2.9403 1.9881 39.9513 2.8380 0.1879
