Pedestrian -1 -1 -0.8987 1156.7087 96.9622 1242.0000 258.2542 1.8172 0.5469 0.7795 6.9501 0.9625 8.4811 -0.2290 0.3572
Pedestrian -1 -1 3.1948 446.9299 130.9082 499.9306 196.2528 1.8386 0.5356 1.4652 -3.9452 0.6587 20.6620 3.0083 0.1500
Cyclist -1 -1 3.1948 446.9299 130.9082 499.9306 196.2528 1.8386 0.5356 1.4652 -3.9452 0.6587 20.6620 3.0083 0.3098
Car -1 -1 1.3456 692.9561 178.6667 825.4376 270.5214 1.4877 1.6080 3.8467 2.6473 1.6157 13.8864 1.5291 0.9432
Car -1 -1 1.7495 381.8358 182.0378 496.4323 270.0203 1.5037 1.5945 3.7132 -3.3622 1.7142 14.6139 1.5265 0.9289
Car -1 -1 -1.7255 669.3121 178.2364 749.7452 236.0835 1.4269 1.6132 3.8000 2.6173 1.5914 20.0747 -1.5985 0.8897
Car -1 -1 1.4339 657.8571 175.9441 718.9454 221.8962 1.4327 1.5351 3.9182 2.5626 1.5475 24.7451 1.5353 0.8642
Car -1 -1 -2.1515 864.5608 192.7984 1242.0000 375.0000 1.4617 1.5879 3.7344 2.6439 1.6134 3.5965 -1.5569 0.8533
Car -1 -1 2.1579 0.0000 181.4494 319.2122 375.0000 1.5098 1.6482 4.0899 -3.3475 1.5860 4.2807 1.5234 0.6813
Car -1 -1 -0.3420 774.9167 167.9533 869.8727 198.4227 1.5671 1.6405 4.5158 11.1229 1.3154 38.0605 -0.0601 0.4144
