Car -1 -1 -3.5929 882.6260 145.0228 1137.4591 228.7290 1.6871 1.6800 4.5029 8.3604 1.1265 15.4608 -3.1054 0.9708
Car -1 -1 -1.7680 715.6280 178.4037 847.2207 272.0006 1.4538 1.5572 3.9599 2.9585 1.5728 13.4310 -1.5568 0.9553
Car -1 -1 -1.2562 300.3507 182.2625 426.7198 259.3156 1.6411 1.7064 4.3107 -6.0263 1.9050 18.0501 -1.5747 0.9548
Car -1 -1 1.7917 433.0310 180.2376 496.1064 224.3063 1.6101 1.6311 4.0923 -5.8229 1.9296 29.1176 1.5955 0.9290
Car -1 -1 2.1940 0.0000 203.3808 173.3770 375.0000 1.4462 1.5177 3.5888 -6.0491 1.8215 7.0166 1.5010 0.8581
Car -1 -1 2.4256 1046.1099 114.3826 1242.0000 261.8795 1.7317 1.6333 4.0885 8.1101 1.0456 9.3164 3.1264 0.7815
Car -1 -1 1.7286 464.1101 178.7552 509.2982 213.0940 1.5267 1.5477 3.8884 -5.9075 1.8269 34.6999 1.5608 0.6268
Car -1 -1 1.7737 483.3825 180.4431 523.7407 209.1269 1.4565 1.4899 3.5850 -5.8047 1.8909 39.4357 1.6281 0.6066
Car -1 -1 1.2928 474.6103 167.9562 504.6501 188.0558 1.6832 1.6296 3.6196 -10.4595 1.2734 62.4045 1.1272 0.5970
Car -1 -1 -1.2648 231.3233 205.4225 367.7148 296.3721 1.4207 1.5014 3.3536 -6.0190 2.1426 14.2475 -1.6585 0.5112
Car -1 -1 -0.6164 1125.3004 131.3144 1242.0000 178.0260 1.6829 1.7031 4.5981 22.1915 0.1867 26.9949 0.0665 0.4809
