Car -1 -1 -2.0417 798.5358 197.3293 1194.4528 375.0000 1.5845 1.5427 3.3722 2.9131 1.8600 6.3778 -1.6323 0.9614
Car -1 -1 -1.8461 712.6298 191.7828 890.0606 318.7252 1.4910 1.5676 3.5916 2.6085 1.8241 10.8487 -1.6177 0.9608
Car -1 -1 1.8528 286.3890 201.8861 456.2451 321.5278 1.4968 1.6013 3.8073 -3.7554 2.0522 11.8736 1.5518 0.9581
Car -1 -1 -1.7381 675.0248 194.1757 779.3704 274.7886 1.5069 1.6444 4.2588 2.5218 2.0663 16.7679 -1.5926 0.9534
Car -1 -1 1.7738 393.5902 199.5436 497.0333 276.4179 1.5035 1.6430 4.0951 -3.9186 2.2310 17.5969 1.5569 0.9377
Car -1 -1 -3.3445 818.6347 175.4591 904.6254 209.1275 1.6155 1.6705 3.7693 12.4022 1.7492 35.8512 -3.0145 0.8439
Car -1 -1 -1.6989 651.1730 190.3923 701.1974 232.9968 1.4983 1.5284 3.4092 2.5174 2.2345 28.5354 -1.6127 0.7837
Car -1 -1 3.6564 0.0000 182.7803 208.9846 331.7952 1.5229 1.5881 3.7834 -7.1853 1.6568 8.6119 2.9761 0.7308
Car -1 -1 1.7286 470.7671 191.5767 527.5610 238.6508 1.5938 1.5797 3.8611 -4.2535 2.3684 27.9022 1.5780 0.6761
Car -1 -1 -1.7203 662.8427 191.4754 738.1030 248.5733 1.5388 1.7304 4.2266 2.7274 2.1875 22.9804 -1.6046 0.5388
