Pedestrian -1 -1 -1.8433 1012.1547 141.4234 1033.7662 186.9287 1.9633 0.7275 0.4265 17.9399 0.6076 31.4211 -1.3286 0.1673
Pedestrian -1 -1 1.7093 376.6989 162.9091 402.2923 226.0608 1.8307 0.6262 0.7474 -6.5593 1.5427 21.3316 1.4140 0.1278
Pedestrian -1 -1 2.0100 684.0359 160.5734 718.1312 227.7101 1.7537 0.6581 0.7357 2.3959 1.4333 19.3315 2.1307 0.1244
Pedestrian -1 -1 -1.2333 533.8901 164.1183 543.5582 187.2800 1.9175 0.6212 0.6523 -5.9609 1.1947 60.1230 -1.3319 0.1167
Pedestrian -1 -1 -1.3919 435.9640 172.0564 451.7785 209.5833 1.8204 0.6423 0.6942 -8.1763 1.7821 35.3600 -1.6179 0.1129
Car -1 -1 -0.1413 218.2057 194.1827 295.8687 222.7941 1.4656 1.5981 3.8048 -20.1975 2.7367 41.2591 -0.5944 0.7540
Car -1 -1 2.6102 783.0848 167.2975 851.3385 194.3074 1.6811 1.6122 3.9247 13.2180 1.3356 46.1811 2.8869 0.2164
Car -1 -1 -1.8940 754.7173 154.6464 794.6507 185.2354 2.3848 1.8039 4.5298 13.2903 0.9656 58.5944 -1.6723 0.1517
Car -1 -1 1.4532 344.6762 150.9948 386.5604 182.9266 1.5177 1.5772 3.6441 -12.3631 0.4791 36.2760 1.1268 0.1330
Car -1 -1 1.2410 315.0004 180.1161 363.3484 206.7534 1.5632 1.6015 4.1557 -17.1878 2.0439 45.6063 0.8822 0.1235
Car -1 -1 -0.4389 503.6868 186.1963 711.3214 275.7489 1.4340 1.5402 3.5537 -0.0877 1.7101 13.4485 -0.4465 0.1230
Car -1 -1 2.3977 225.4286 157.7038 293.9872 186.9341 1.9538 1.7213 4.2829 -24.4838 0.9415 50.5335 1.9485 0.1119
