Car -1 -1 1.2893 713.9829 180.0584 835.2795 258.7073 1.4501 1.5294 3.6848 3.3468 1.6246 15.5421 1.4966 0.9654
Car -1 -1 2.0086 145.0722 191.6832 347.2467 304.8864 1.4823 1.5216 3.6263 -5.7841 1.8399 11.8688 1.5633 0.9600
Car -1 -1 1.9226 352.8317 183.7816 464.3869 245.0511 1.5233 1.7296 4.2628 -5.7284 1.8739 20.9195 1.6579 0.9537
Car -1 -1 -1.7126 660.6927 175.5959 711.7805 215.2533 1.5217 1.5511 3.9026 3.0542 1.6434 29.9398 -1.6125 0.9132
Car -1 -1 -1.7912 681.5759 179.7349 772.2175 235.4552 1.4357 1.6970 4.3378 3.2823 1.6610 21.3616 -1.6416 0.9115
Car -1 -1 -2.0413 838.8588 180.0204 1242.0000 375.0000 1.4869 1.5925 4.0536 3.1858 1.5646 5.7501 -1.5579 0.9072
Car -1 -1 2.2745 0.0000 214.0470 191.0809 375.0000 1.4601 1.5691 3.8997 -5.6529 1.9344 6.3469 1.5674 0.8793
Car -1 -1 -2.7574 505.9105 172.6119 561.1175 191.9474 1.5948 1.7022 4.3122 -6.4723 1.5752 60.9226 -2.8631 0.7829
Car -1 -1 1.7832 474.3823 178.1891 520.0898 210.5726 1.5033 1.5062 3.6985 -5.6082 1.7839 36.0055 1.6293 0.7599
Car -1 -1 -1.8096 654.1328 175.8064 701.4377 210.7471 1.6069 1.5280 3.4043 3.2249 1.7590 35.2804 -1.7198 0.5756
