Pedestrian -1 -1 2.4621 868.8272 164.9247 880.4372 188.7947 1.8309 0.6198 0.5810 20.4128 1.2231 55.7290 2.8112 0.1720
Pedestrian -1 -1 -3.4125 864.6185 133.7947 944.7244 266.7475 1.8852 0.5505 0.9681 4.2386 1.3317 10.5506 -3.0408 0.1451
Pedestrian -1 -1 2.1762 1076.7659 153.1562 1131.1205 248.3668 1.7261 0.6227 0.5750 9.1671 1.3694 13.4738 2.7630 0.1320
Cyclist -1 -1 -1.8761 871.0056 163.7465 903.4089 216.3792 1.6980 0.4817 1.8064 9.2290 1.4045 24.1900 -1.5161 0.1568
Car -1 -1 1.9586 235.9149 188.8121 354.9323 252.4247 1.5172 1.6315 4.0365 -8.7119 2.0105 20.2546 1.5566 0.9484
Car -1 -1 -1.5662 599.1591 174.7971 627.6611 203.2821 1.6747 1.6882 4.5294 0.1866 1.8024 45.0003 -1.5626 0.8412
Car -1 -1 1.8271 395.7587 179.2106 427.2283 200.9333 1.7521 1.6433 3.8927 -16.8436 2.3097 61.2943 1.5597 0.2830
Car -1 -1 -0.9948 0.0000 186.8459 247.0731 354.5355 1.4819 1.6936 4.4757 -6.4984 1.7011 9.0177 -1.6056 0.2085
Car -1 -1 -0.2296 717.5593 159.7960 778.7868 182.2347 1.9299 1.7089 4.9923 12.0146 0.8072 63.0148 -0.0422 0.1839
Car -1 -1 1.3926 425.2068 162.0118 452.4730 182.2962 1.8448 1.7478 4.3868 -16.1757 0.8591 67.9774 1.1597 0.1686
Car -1 -1 1.8844 338.1190 176.7462 437.9838 231.2859 1.4583 1.6490 4.1437 -6.5736 1.5869 21.6780 1.5929 0.1657
Car -1 -1 2.0987 66.4196 177.1151 198.5968 227.7509 1.4900 1.5898 4.4618 -15.6402 1.6448 23.8764 1.5237 0.1655
Car -1 -1 -2.7220 1093.3442 161.0804 1173.0454 186.0029 1.5345 1.5948 3.8385 33.6059 0.8099 46.4822 -2.0991 0.1219
