Car -1 -1 1.2816 774.3660 187.8808 952.1450 299.4744 1.5174 1.6614 4.2312 4.0781 1.8228 12.5124 1.5886 0.9603
Car -1 -1 -1.7217 727.1719 187.2850 817.9182 255.8654 1.4877 1.6225 4.2378 4.0335 1.9057 18.7205 -1.5137 0.9548
Car -1 -1 -1.4050 427.8966 166.1132 549.3896 267.0485 1.7677 1.7280 4.3413 -2.3605 1.6500 14.8122 -1.5611 0.9279
Car -1 -1 -1.7517 714.9525 182.5788 779.8155 232.1562 1.4808 1.5149 3.2767 4.4189 1.8244 23.8295 -1.5713 0.8735
Car -1 -1 2.1401 0.0000 201.5432 316.3604 375.0000 1.5130 1.5187 3.4815 -2.8166 1.7223 3.4578 1.4928 0.8578
Car -1 -1 -2.1353 885.3846 173.1873 1242.0000 375.0000 1.4951 1.5675 3.3556 3.5842 1.4989 5.7045 -1.5982 0.8576
Car -1 -1 1.6714 556.8036 178.7265 594.2595 209.5489 1.4442 1.5403 3.4858 -1.7261 1.7542 36.2641 1.6237 0.8520
Car -1 -1 -1.7129 683.0186 180.8407 726.1882 215.5288 1.5620 1.5870 3.4779 4.5051 1.9696 35.0449 -1.5867 0.7980
Car -1 -1 1.7073 485.3004 184.7916 563.2292 245.6674 1.4756 1.6449 3.8890 -2.3462 1.8430 20.2182 1.5924 0.7612
Car -1 -1 -1.7211 698.2460 182.4960 747.1014 220.9116 1.4926 1.5325 3.4331 4.6814 1.9251 30.6118 -1.5715 0.7532
