Pedestrian -1 -1 3.4263 345.4323 141.6702 445.4971 293.6896 1.8216 0.5534 1.0735 -2.6883 1.4483 8.9204 3.1408 0.1663
Pedestrian -1 -1 -0.3233 1042.7664 137.2185 1072.9746 194.2157 1.8654 0.5429 0.7144 14.8194 0.6995 23.9563 0.2251 0.1182
Pedestrian -1 -1 -2.9710 928.0369 180.4956 945.4216 212.9348 1.7150 0.6796 0.7510 17.5659 2.1322 38.8670 -2.5499 0.1099
Pedestrian -1 -1 -1.2148 189.8581 156.2805 211.9581 200.0336 1.8490 0.6283 0.6685 -17.5388 1.1490 30.8694 -1.7279 0.1025
Car -1 -1 0.7088 68.0429 183.9736 297.5864 259.8903 1.4623 1.6615 4.1602 -9.1231 1.7191 15.4397 0.1823 0.9792
Car -1 -1 -0.3871 952.5534 178.5437 1242.0000 285.3055 1.5845 1.7384 4.3340 8.2656 1.6906 12.1235 0.1992 0.9769
Car -1 -1 1.9944 96.8253 183.6597 146.2625 207.7464 1.6183 1.6102 3.6099 -35.2389 2.4277 52.1070 1.4019 0.1345
Car -1 -1 1.9909 110.0605 167.6619 213.1410 213.9171 1.4246 1.5092 3.7701 -14.9361 1.2650 24.1851 1.4425 0.1331
Car -1 -1 1.7275 239.9336 170.5596 269.0526 191.3718 1.7867 1.7019 4.0812 -31.5804 1.5901 64.1411 1.2714 0.1268
Car -1 -1 3.1951 0.0000 178.5876 105.9500 209.7527 1.5789 1.6903 4.6657 -30.3531 1.9077 39.3110 2.5408 0.1083
Car -1 -1 2.3247 375.3437 170.8184 425.8991 194.4050 1.8974 1.7183 4.0926 -17.4584 1.7340 60.2536 2.0436 0.1076
Car -1 -1 -3.6563 896.5208 132.0847 1242.0000 375.0000 1.5201 1.5682 3.9720 3.4857 1.4040 3.3139 -2.8892 0.1000
