Pedestrian -1 -1 0.2589 446.9892 188.2641 568.6109 374.0000 1.7356 0.5955 0.8798 -0.8070 1.7963 5.9536 0.1228 0.8871
Pedestrian -1 -1 2.0209 764.3694 172.8989 852.5611 333.1346 1.6687 0.6840 0.7712 2.2607 1.5805 7.9936 2.2821 0.7861
Pedestrian -1 -1 -0.3884 1010.2801 128.6114 1119.5033 292.5460 1.7991 0.5649 0.8999 5.2377 1.2201 8.2309 0.1587 0.5170
Pedestrian -1 -1 0.0443 1165.1530 172.5402 1238.0000 374.0000 1.7261 0.5997 0.7608 5.1299 1.6591 5.9539 0.7282 0.2225
Pedestrian -1 -1 -1.6367 128.3369 171.4176 152.4496 223.2236 1.8587 0.6843 0.9081 -16.9300 1.4980 26.3379 -2.2086 0.1817
Cyclist -1 -1 -1.7385 1047.7197 64.3908 1238.0000 374.0000 1.6727 0.5365 1.7648 2.8304 1.1852 3.9113 -1.1487 0.2348
Cyclist -1 -1 0.1556 444.9977 189.8366 561.6573 374.0000 1.6865 0.5775 0.8844 -0.8429 1.7605 5.9628 0.0141 0.1572
Cyclist -1 -1 -2.4100 119.0945 170.9501 161.3064 223.9807 1.9138 0.6556 1.1622 -16.9275 1.5342 26.3378 -2.9818 0.1478
Car -1 -1 0.4168 0.0000 171.6954 235.3592 297.8423 1.6051 1.7054 4.4750 -8.0521 1.4817 10.4817 -0.2318 0.9172
Car -1 -1 -1.1713 1012.2240 79.7653 1238.0000 374.0000 1.4863 1.5248 3.7834 4.5975 1.0375 4.6513 -0.4247 0.1473
Car -1 -1 2.3758 1057.6124 138.6790 1179.2411 184.8482 1.6932 1.6553 3.6590 19.6842 0.1238 27.4386 2.9887 0.1437
Car -1 -1 -0.0730 314.8403 143.4429 533.9188 234.6891 2.2364 1.9249 5.4829 -4.7513 1.3048 19.3695 -0.3157 0.1407
Car -1 -1 -2.8609 0.0000 0.0000 1238.0000 374.0000 1.5741 1.6074 3.9289 2.7219 1.5668 0.8484 -1.6839 0.1237
