Pedestrian -1 -1 1.3657 1045.2777 135.4503 1103.8885 250.6695 1.7664 0.6511 0.6800 7.3296 1.1933 11.4900 1.9216 0.4358
Pedestrian -1 -1 -0.1707 1081.2595 148.2387 1142.9729 256.4499 1.7231 0.5572 0.7443 8.2082 1.3315 11.8930 0.4214 0.3359
Pedestrian -1 -1 1.8218 499.6148 151.4901 553.4566 264.1371 1.7201 0.6765 0.7856 -1.3648 1.3942 11.4495 1.7049 0.3046
Pedestrian -1 -1 -3.4899 971.5117 131.8158 1036.7194 239.8660 1.7667 0.5734 0.8116 6.5617 1.0961 12.1343 -3.0046 0.2275
Pedestrian -1 -1 1.5691 0.0000 99.7941 63.1457 292.6069 1.8077 0.6094 0.7503 -5.9415 1.1231 7.2453 0.9001 0.2095
Pedestrian -1 -1 -2.1370 1025.8071 170.7515 1063.9612 235.5229 1.7278 0.6128 0.6858 11.7565 1.6720 19.5971 -1.6039 0.2022
Pedestrian -1 -1 1.0819 1112.5122 133.0674 1183.1681 251.5471 1.7612 0.6251 0.6693 8.2023 1.1702 11.0968 1.7056 0.2008
Pedestrian -1 -1 -2.1505 1169.6967 111.4055 1240.5787 213.3609 1.8014 0.5871 0.9223 10.8413 0.7161 13.2329 -1.4748 0.1621
Pedestrian -1 -1 0.7928 1188.1902 174.9492 1242.0000 304.7078 1.6508 0.5357 0.6857 8.1557 1.6800 9.5536 1.4836 0.1558
Pedestrian -1 -1 1.8410 440.4899 138.5800 497.6291 264.5745 1.7535 0.6418 0.7196 -2.0766 1.2768 10.4224 1.6483 0.1514
Cyclist -1 -1 2.1049 440.6444 140.7074 565.3298 316.6237 1.7576 0.5908 1.7194 -1.1997 1.4368 8.1137 1.9614 0.6579
Cyclist -1 -1 1.8434 496.9014 151.0412 554.0273 264.5575 1.7239 0.6728 0.9518 -1.3812 1.3930 11.4766 1.7253 0.1441
Cyclist -1 -1 -0.2791 965.6371 131.2649 1039.5382 241.2206 1.7943 0.5443 0.9760 6.5342 1.1160 12.1373 0.2044 0.1083
Car -1 -1 -1.8748 655.0614 172.8641 728.0298 218.8508 1.5202 1.5943 3.4830 2.7840 1.5210 25.7148 -1.7688 0.1747
Car -1 -1 -2.3690 316.3973 170.8420 554.5193 272.6327 1.4812 1.6518 3.8412 -3.0434 1.4522 12.1826 -2.6095 0.1589
