Car -1 -1 -1.9016 707.5605 188.7065 869.2289 309.2184 1.6204 1.5580 3.1798 2.6996 1.9168 11.8050 -1.6836 0.9860
Car -1 -1 1.7522 383.2929 194.1239 485.7904 271.8237 1.5199 1.6587 4.0551 -4.1121 2.0915 17.3084 1.5215 0.9401
Car -1 -1 -1.7635 664.8699 187.8716 769.4852 271.2153 1.6076 1.6395 3.6894 2.2695 1.9905 16.4860 -1.6303 0.9379
Car -1 -1 -1.7335 643.0021 189.9877 721.3255 247.7997 1.5062 1.6922 4.3494 2.0748 2.0903 22.3485 -1.6431 0.9367
Car -1 -1 -2.1804 838.6351 197.6870 1242.0000 375.0000 1.4977 1.5387 3.2478 3.0279 1.7364 5.2234 -1.6807 0.9052
Car -1 -1 1.7615 432.6540 197.7641 508.7066 252.3806 1.4481 1.6307 4.0590 -4.3833 2.3132 23.0144 1.5746 0.8266
Car -1 -1 -1.6442 630.4097 186.1410 669.3347 221.8131 1.5330 1.5660 3.5992 1.8016 2.1962 34.1747 -1.5928 0.6621
Car -1 -1 3.5298 98.5758 185.4194 337.5871 271.6940 1.5362 1.6432 3.7739 -7.5643 1.8001 14.1336 3.0458 0.5256
Car -1 -1 -1.7512 607.0298 189.0435 637.0516 210.6632 1.5219 1.6285 4.0260 0.8718 2.8283 56.0838 -1.7363 0.4646
Car -1 -1 -3.2859 763.1420 173.8253 834.3314 203.6926 1.6807 1.6881 3.7722 10.8252 1.7386 41.7098 -3.0342 0.4583
Car -1 -1 1.7014 460.4850 184.8203 514.4625 225.4235 1.5088 1.6751 4.3785 -5.1098 2.0490 30.3335 1.5354 0.3570
