Pedestrian -1 -1 3.1105 341.6170 137.5128 420.0652 318.2717 1.7806 0.7128 0.7498 -2.4632 1.4328 7.5653 2.8049 0.2247
Pedestrian -1 -1 -2.3583 1137.4156 154.2526 1177.6484 220.7297 1.7811 0.6516 0.5844 14.8712 1.2831 19.6665 -1.7184 0.1972
Pedestrian -1 -1 1.5993 403.3653 190.1235 457.4062 313.7862 1.5964 0.6910 0.6860 -2.4896 1.8419 9.8343 1.3564 0.1925
Pedestrian -1 -1 -1.7070 443.5201 177.6747 505.3468 299.8999 1.7244 0.7855 0.9464 -2.0960 1.8007 10.7959 -1.8955 0.1717
Car -1 -1 -1.7423 887.3744 182.4720 985.1514 246.1129 1.4439 1.6085 4.3646 8.5584 1.7334 19.3767 -1.3327 0.9509
Car -1 -1 -2.4624 301.8873 173.6802 550.1685 282.1164 1.6461 1.7422 3.9930 -3.2717 1.6627 12.5981 -2.7122 0.8317
Car -1 -1 -1.6471 861.5034 170.0175 908.4401 212.5764 1.9382 1.7777 4.4790 13.3201 1.8093 35.2549 -1.2891 0.7635
Car -1 -1 -2.9503 657.3504 168.1523 741.6071 202.0072 1.6843 1.6814 4.0822 4.6017 1.4508 37.3221 -2.8290 0.4163
Car -1 -1 -2.7707 1040.5210 261.3038 1242.0000 375.0000 1.5360 1.6240 3.6067 3.3766 2.0372 2.1329 -1.8261 0.2711
Car -1 -1 1.2338 742.3241 164.7678 782.7133 191.8304 1.9046 1.6756 3.9355 11.0902 1.3359 52.8373 1.4393 0.1839
Car -1 -1 -2.2997 0.0000 80.1224 447.1397 328.7684 2.0696 1.8130 4.6346 -4.2831 1.2981 7.6402 -2.7964 0.1722
Car -1 -1 1.3271 892.9066 168.6080 920.3204 187.1964 1.6580 1.5285 3.4503 27.1504 1.2797 66.1741 1.7146 0.1498
