Pedestrian -1 -1 1.7308 788.8397 141.1388 811.9360 197.3721 1.8575 0.6512 0.7022 6.3662 0.8102 24.2831 1.9840 0.3120
Pedestrian -1 -1 -1.5772 743.7787 165.0941 759.4043 204.8965 1.7875 0.6899 0.5808 6.3838 1.4394 32.7505 -1.3868 0.1292
Cyclist -1 -1 1.2662 704.9024 155.7958 746.9052 225.7941 1.8018 0.6135 1.7471 3.0579 1.3631 19.4801 1.4190 0.9439
Car -1 -1 -1.5970 586.4941 172.1994 613.5052 196.3186 1.5455 1.6926 4.0885 -0.7375 1.5039 48.3104 -1.6126 0.7531
Car -1 -1 -3.1849 1177.6060 148.6869 1242.0000 183.1331 1.8050 1.7054 4.0658 33.8132 0.5390 39.7247 -2.4834 0.1849
Car -1 -1 2.0753 82.2189 199.8662 189.5520 241.2791 1.3642 1.7025 4.2990 -18.8337 2.5270 28.8447 1.5008 0.1376
Car -1 -1 -0.5278 1189.1904 99.8373 1242.0000 338.4099 1.4945 1.6091 4.1542 7.6083 1.0375 5.9897 0.3527 0.1273
Car -1 -1 1.4157 675.8892 159.0851 716.1433 191.3903 2.0086 1.8745 4.8773 5.5452 1.1529 47.3337 1.5313 0.1155
Car -1 -1 -3.1951 1172.5370 165.4825 1242.0000 200.6636 1.4776 1.6291 3.8415 27.4480 1.1684 32.1124 -2.4926 0.1092
Car -1 -1 1.8825 368.0512 179.3914 447.4705 224.4075 1.4303 1.5506 3.9692 -7.0921 1.6802 25.5248 1.6137 0.1066
