Cyclist -1 -1 1.8092 437.8978 177.4845 453.8110 206.5238 1.6425 0.5160 1.6974 -9.5651 1.9175 41.9330 1.5859 0.4687
Car -1 -1 1.9527 308.0954 185.8781 441.0244 260.1255 1.5270 1.6435 4.1502 -5.6463 1.8857 17.7169 1.6478 0.9654
Car -1 -1 2.1583 0.0000 202.4854 269.1451 375.0000 1.4939 1.5412 3.6491 -5.7691 1.9231 8.6072 1.5816 0.9599
Car -1 -1 -1.7095 668.2801 176.6053 724.8794 221.9747 1.5361 1.5535 3.6884 3.0769 1.6845 26.5989 -1.5962 0.9526
Car -1 -1 1.2620 741.0691 180.8802 902.5737 281.3803 1.4078 1.5246 3.6146 3.3443 1.5648 12.2412 1.5216 0.9514
Car -1 -1 -1.8421 693.6534 177.1098 805.4991 246.2754 1.5165 1.6807 4.0993 3.3201 1.6367 18.1981 -1.6653 0.9220
Car -1 -1 1.7637 459.4389 179.8318 507.5284 213.9840 1.4281 1.4966 3.5108 -5.7095 1.7614 32.6621 1.5916 0.8658
Car -1 -1 -2.3276 1024.8053 206.8366 1242.0000 375.0000 1.4662 1.6133 3.7289 3.2712 1.6841 2.6997 -1.4999 0.6732
Car -1 -1 -2.3478 0.0000 184.7019 90.0206 252.0221 1.4717 1.6128 3.6901 -14.7293 1.7684 17.0800 -3.0519 0.5792
Car -1 -1 3.7184 3.2013 182.6839 166.7188 234.0587 1.4546 1.6273 3.6849 -15.7118 1.7623 21.6647 3.0967 0.5786
Car -1 -1 -1.7342 659.8766 177.1343 704.5872 214.5776 1.5683 1.4865 3.0981 3.1352 1.7690 32.1793 -1.6386 0.5187
Car -1 -1 1.7220 488.4833 182.1558 526.0646 210.7883 1.3861 1.4352 3.5413 -5.3815 1.8975 37.8610 1.5813 0.4285
