Pedestrian -1 -1 -0.0720 1138.8221 178.2203 1184.1744 221.4156 1.7802 0.6901 1.4778 23.3251 2.0133 30.5963 0.5741 0.1427
Pedestrian -1 -1 0.8714 595.4450 173.7483 638.5148 251.0013 1.7941 0.7268 0.7379 0.1164 1.8165 17.2818 0.8769 0.1373
Pedestrian -1 -1 -3.5204 1152.9094 129.4573 1220.2751 197.4297 1.9342 0.6150 1.4048 16.7320 0.6997 21.0230 -2.8549 0.1239
Pedestrian -1 -1 -2.8093 1166.1270 197.4558 1214.6259 281.0970 1.6270 0.6276 0.6037 11.7776 2.1434 14.7061 -2.1447 0.1010
Cyclist -1 -1 -0.2040 1099.2916 178.4993 1156.0121 226.7449 1.8300 0.6856 1.6928 20.1439 2.0558 28.1704 0.4112 0.3111
Cyclist -1 -1 0.1950 1133.5964 178.5731 1182.2686 221.3717 1.7638 0.6614 1.5550 23.2973 2.0142 30.7459 0.8383 0.2606
Cyclist -1 -1 1.3840 1061.8524 171.9207 1082.5837 213.7362 1.6604 0.4215 1.5540 18.8131 1.6237 29.4485 1.9476 0.1590
Cyclist -1 -1 -3.6582 1142.4061 129.9334 1211.0116 195.2560 1.8835 0.6487 1.4582 16.6057 0.6463 21.2251 -3.0009 0.1315
Car -1 -1 -1.6675 992.8503 189.4758 1229.1412 374.9264 1.4084 1.5811 3.6486 5.0507 1.6347 7.8189 -1.1119 0.9664
Car -1 -1 -1.6740 956.3826 186.4480 1015.4397 232.1211 1.5861 1.6415 3.8275 14.6561 2.1603 28.3738 -1.2021 0.9283
