Pedestrian -1 -1 -0.5539 955.0631 158.4141 971.8333 186.1829 1.8909 0.5698 0.8610 24.1953 0.9080 49.4562 -0.1014 0.3092
Pedestrian -1 -1 1.6521 813.1199 156.0540 827.1424 194.2928 1.8906 0.6224 0.6858 10.4791 1.0603 36.1027 1.9321 0.2729
Pedestrian -1 -1 0.8622 1138.8370 182.6116 1191.1981 261.8753 1.6449 0.5976 0.6623 11.7919 1.8584 15.4073 1.5055 0.1991
Pedestrian -1 -1 1.1532 901.8701 136.0874 936.9362 193.4364 1.8493 0.6836 1.0685 10.1510 0.6641 23.8052 1.5517 0.1692
Pedestrian -1 -1 -2.3555 929.0034 140.0159 968.5969 188.5395 1.8121 0.5557 1.3843 12.9440 0.5861 27.6877 -1.9223 0.1336
Cyclist -1 -1 -2.3683 926.3582 133.6525 967.8979 182.7914 1.8379 0.5390 1.4926 12.9200 0.3720 27.7780 -1.9369 0.2155
Cyclist -1 -1 -1.9461 848.5546 148.2642 877.0844 193.4682 1.7667 0.5139 1.6296 10.1121 0.8060 29.0224 -1.6142 0.1894
Car -1 -1 -1.4504 598.5499 177.2179 634.0376 205.1599 1.5777 1.6562 4.1961 0.3957 1.8550 43.6075 -1.4419 0.7701
Car -1 -1 1.7823 425.5573 171.0816 482.2576 208.4710 1.4912 1.5520 4.0019 -6.6210 1.4209 30.7765 1.5717 0.4840
Car -1 -1 -1.2062 233.4974 187.0567 386.8283 267.2162 1.4642 1.6776 4.3529 -6.5261 1.8255 16.1411 -1.5852 0.3691
Car -1 -1 -1.0333 25.7014 184.8004 303.9196 303.3999 1.4145 1.6327 4.2497 -6.5413 1.6352 11.1724 -1.5531 0.2905
Car -1 -1 1.8381 439.7531 174.7226 466.3939 191.5436 1.5474 1.5575 3.6927 -14.9215 1.7305 68.6761 1.6247 0.2892
