Pedestrian -1 -1 -3.4673 992.0191 115.6295 1064.2880 245.1079 1.7440 0.4307 0.7592 5.8082 0.8719 9.8041 -2.9445 0.4291
Pedestrian -1 -1 -1.3092 117.0730 154.4574 137.8906 194.7262 1.9500 0.6866 0.6996 -23.4307 0.6903 34.6751 -1.8972 0.3750
Pedestrian -1 -1 3.2408 124.2157 114.0628 209.2237 253.7595 1.8441 0.5684 0.9429 -6.0897 0.9687 9.7865 2.7011 0.3607
Pedestrian -1 -1 -1.0291 788.6002 164.1942 806.8939 198.1029 1.7878 0.6890 0.6836 10.2830 0.9295 37.7583 -0.7637 0.3549
Pedestrian -1 -1 -0.1885 510.7079 163.6060 521.4534 185.6188 1.8927 0.5715 0.8311 -7.6776 0.4413 61.1864 -0.3109 0.3535
Pedestrian -1 -1 -3.3224 987.9877 148.2341 1029.0305 220.5264 1.8239 0.6292 0.8166 10.3763 1.0114 18.2632 -2.8114 0.3447
Pedestrian -1 -1 -1.3033 276.7277 180.2746 318.4790 261.6302 1.6197 0.6206 0.6866 -6.3164 1.6168 14.4535 -1.7056 0.3181
Cyclist -1 -1 1.0414 874.2896 155.1550 906.7670 193.7921 1.7795 0.5320 1.9092 13.5102 0.6137 33.5434 1.4228 0.5708
Cyclist -1 -1 -3.3224 987.9877 148.2341 1029.0305 220.5264 1.8239 0.6292 0.8166 10.3763 1.0114 18.2632 -2.8114 0.1042
Car -1 -1 -0.4124 959.5328 155.5925 1120.6923 202.9885 1.5075 1.6696 4.2678 14.3632 0.7168 23.5880 0.1303 0.9447
Car -1 -1 1.9152 226.9931 180.4762 307.4476 225.0634 1.7370 1.6914 4.2584 -14.1061 1.7376 29.7384 1.4780 0.8822
Car -1 -1 -0.8856 0.0000 207.8538 290.8208 370.0000 1.4770 1.5988 3.9218 -3.1444 1.6831 3.2955 -1.5994 0.8119
Car -1 -1 1.5657 439.3195 176.2506 471.9428 204.9533 1.4519 1.6227 3.9348 -8.0120 1.2384 37.8541 1.3605 0.7661
Car -1 -1 -2.5766 328.0460 173.9953 399.4140 202.0733 1.5641 1.5638 3.6021 -13.8368 1.2032 40.5705 -2.9012 0.6097
