Pedestrian -1 -1 0.9734 786.2106 175.0847 814.6023 231.6954 1.6897 0.5372 0.6941 5.7511 1.7594 21.9845 1.2252 0.7394
Pedestrian -1 -1 2.4353 1142.9011 154.0418 1233.9419 266.1278 1.7173 0.6491 0.9237 9.0677 1.4294 11.3983 3.0943 0.7063
Pedestrian -1 -1 -1.9793 719.4004 173.3705 735.7891 205.8463 1.8198 0.6889 0.7120 6.6240 1.8497 40.8728 -1.8203 0.3393
Pedestrian -1 -1 0.0501 874.7883 155.1473 904.2876 215.0324 1.8568 0.6993 0.8419 8.8139 1.3081 22.8580 0.4134 0.2824
Cyclist -1 -1 1.3933 677.0878 176.9909 688.9539 202.7842 1.7407 0.5127 1.7408 5.0102 2.0320 49.8634 1.4924 0.3479
Cyclist -1 -1 -0.6306 1140.6731 153.8073 1235.3945 267.3117 1.7403 0.6526 0.9708 9.0595 1.4486 11.3997 0.0279 0.1416
Car -1 -1 2.1697 0.0000 185.4522 141.7420 252.8279 1.4981 1.6110 4.0246 -14.3264 1.8634 18.8517 1.5265 0.9279
Car -1 -1 1.0083 1086.4657 184.1833 1144.2638 207.5728 1.6440 1.6211 4.1540 38.3218 2.5391 54.8697 1.6150 0.4868
Car -1 -1 -2.1856 1191.7521 162.7359 1242.0000 196.6738 1.9572 1.8456 4.5584 38.0208 1.3740 43.9646 -1.4761 0.2912
Car -1 -1 1.2371 760.4833 176.4970 817.3448 210.3981 1.4751 1.4823 3.5197 8.2283 1.6543 33.6065 1.4747 0.2186
