Pedestrian -1 -1 -1.8061 888.3159 167.5069 911.2258 213.0283 1.7929 0.7003 0.7070 11.5244 1.5826 28.8142 -1.4296 0.2281
Pedestrian -1 -1 1.8186 872.0605 171.4280 903.8438 232.0230 1.7138 0.7101 0.7120 8.0068 1.6738 20.8994 2.1791 0.2120
Pedestrian -1 -1 -1.7562 1006.5430 155.3482 1026.7731 197.0749 1.9519 0.7581 0.4648 19.1709 1.1334 34.0902 -1.2479 0.1292
Pedestrian -1 -1 -2.0840 985.5241 134.8750 1023.8121 193.8541 1.8953 0.6085 1.1631 12.9432 0.6752 23.7710 -1.5906 0.1070
Car -1 -1 1.9924 204.3599 186.9512 355.4166 256.1427 1.3922 1.6516 4.4149 -7.8854 1.7803 17.6294 1.5770 0.9430
Car -1 -1 -1.5656 590.6701 172.4582 622.8873 203.1784 1.5524 1.6281 4.4462 -0.2013 1.5328 38.6832 -1.5712 0.8155
Car -1 -1 1.7251 428.5764 168.4322 480.4068 206.4010 1.5067 1.5711 3.8394 -6.5644 1.3316 30.5909 1.5151 0.2135
Car -1 -1 1.3725 699.9540 166.7930 738.7816 194.1382 1.5851 1.6153 3.7049 6.5446 1.2342 43.7142 1.5198 0.2082
Car -1 -1 1.8082 388.2432 176.3152 461.5339 222.1052 1.4637 1.5683 4.1041 -6.4649 1.5959 25.4316 1.5613 0.1471
Car -1 -1 0.1358 861.5803 161.7176 927.7015 197.9944 1.6384 1.4818 2.7186 13.3318 1.1358 33.8929 0.5073 0.1127
