Pedestrian -1 -1 0.9323 906.4050 153.7321 952.7736 228.1102 1.8132 0.6479 0.9060 7.9585 1.3474 18.1020 1.3400 0.6040
Pedestrian -1 -1 0.7826 1003.2263 142.2993 1150.0280 340.8459 1.7380 0.7019 0.9481 4.3432 1.4709 6.8582 1.3271 0.4229
Pedestrian -1 -1 0.0984 993.6357 101.9701 1140.5212 279.8019 1.7640 0.7786 1.2956 4.9142 1.0612 7.8537 0.6407 0.1920
Pedestrian -1 -1 1.2975 852.2938 160.8298 877.1722 205.0653 1.8983 0.7816 0.9885 11.0646 1.3827 31.4783 1.6321 0.1602
Pedestrian -1 -1 2.2742 167.0776 195.4680 207.9869 246.4828 1.7505 0.7197 1.1101 -15.2000 2.5820 25.9058 1.7477 0.1282
Cyclist -1 -1 0.5377 973.1736 98.5120 1180.4498 284.6120 1.7828 0.7407 1.7573 4.9448 1.0710 7.8591 1.0825 0.3082
Cyclist -1 -1 -2.3256 1000.2407 130.3074 1174.4220 344.3177 1.8040 0.7264 1.1906 4.3406 1.4457 6.7358 -1.7736 0.1381
Car -1 -1 1.7890 376.0789 191.4592 520.4622 290.4511 1.4856 1.7100 4.7088 -2.9733 1.9100 14.0795 1.5836 0.9666
Car -1 -1 1.1936 975.4075 130.0131 1147.7445 224.7758 1.7278 1.6966 3.8908 9.2241 0.9471 15.2087 1.7301 0.3632
Car -1 -1 3.4782 111.7770 197.4496 241.8395 241.4415 1.4678 1.6215 3.7789 -15.8766 2.4129 26.5444 2.9432 0.1888
