Pedestrian -1 -1 2.1129 1036.4044 139.3519 1091.6920 233.8451 1.7505 0.5758 0.7784 8.8061 0.9709 13.7378 2.6692 0.4838
Pedestrian -1 -1 0.0542 446.3152 183.3369 491.8577 264.6469 1.7046 0.6240 0.9342 -2.8715 1.7463 15.4444 -0.1323 0.4838
Pedestrian -1 -1 3.2649 367.8093 170.2487 408.4205 253.6196 1.7576 0.6210 0.7726 -4.6339 1.5216 15.5118 2.9738 0.4413
Pedestrian -1 -1 -1.4930 530.6519 169.3739 552.5297 212.2520 1.7383 0.8341 0.9239 -2.4746 1.2477 29.5855 -1.5808 0.4396
Pedestrian -1 -1 2.4260 353.7166 173.4917 402.8913 255.2352 1.8068 0.5840 0.9162 -5.1285 1.6310 16.4184 2.1222 0.3972
Pedestrian -1 -1 1.3582 735.6309 143.9900 756.8743 191.5251 1.8680 0.6826 0.7429 5.7436 0.3950 28.6038 1.5497 0.3206
Pedestrian -1 -1 2.3053 467.5526 177.7462 507.9048 252.4861 1.6697 0.5429 0.7684 -2.6453 1.5870 16.5148 2.1434 0.3130
Cyclist -1 -1 0.1416 451.0943 183.4395 504.2008 266.5666 1.7495 0.6446 1.0501 -2.6912 1.7934 15.4709 -0.0335 0.1833
Car -1 -1 -1.8722 715.8922 152.5685 884.1238 282.1079 1.8908 1.6501 3.8215 3.1806 1.4698 12.4402 -1.6325 0.9551
Car -1 -1 -1.3436 532.0523 178.1091 574.3535 206.8138 1.4729 1.5784 3.3114 -2.5520 1.2998 38.6163 -1.4142 0.6050
Car -1 -1 -1.9484 644.1825 165.7826 681.5725 187.3376 1.6504 1.6461 3.8204 4.8634 0.4475 57.0652 -1.8686 0.3678
Car -1 -1 -2.0753 891.8322 188.3799 1123.3059 283.3724 1.4104 1.6625 4.4240 7.0819 1.5596 13.2188 -1.5971 0.3194
Car -1 -1 -4.0645 1136.1592 97.0108 1238.0000 374.0000 1.5434 1.5951 4.0425 4.6001 1.3406 2.6772 -3.0682 0.2992
