Pedestrian -1 -1 1.1308 1161.4019 140.8013 1229.0209 258.2918 1.7425 0.5584 0.6949 8.9327 1.2675 11.0994 1.7953 0.3461
Pedestrian -1 -1 1.3734 695.6178 167.0925 707.3422 194.9477 1.8826 0.5317 1.3923 6.2382 1.4936 49.4775 1.4977 0.2344
Pedestrian -1 -1 -0.0998 943.8895 138.9091 994.4758 215.0550 1.8843 0.5707 1.0931 9.0507 1.0446 18.3086 0.3527 0.2108
Pedestrian -1 -1 1.3814 759.3586 172.5042 774.8036 205.7132 1.7208 0.6338 0.8816 8.1952 1.7030 37.8320 1.5926 0.2004
Pedestrian -1 -1 -1.0219 219.5137 168.7585 234.5770 198.8183 1.9572 0.5636 0.7525 -25.1702 1.6909 47.3701 -1.5082 0.1225
Cyclist -1 -1 1.3884 696.2007 167.5409 707.9830 195.0971 1.8553 0.5289 1.5209 6.2633 1.4979 49.3507 1.5135 0.1847
Cyclist -1 -1 -2.0557 766.5109 162.0393 791.9183 198.5766 1.7444 0.4712 1.6923 8.2334 1.2285 35.3248 -1.8289 0.1050
Car -1 -1 2.1078 135.9759 190.4090 233.5815 234.2183 1.4769 1.5992 3.5685 -16.1611 2.1913 27.5510 1.5813 0.8963
Car -1 -1 1.8537 376.7805 181.9831 413.4686 205.3927 1.6632 1.6399 3.9094 -16.2812 2.3810 54.7468 1.5656 0.8564
Car -1 -1 0.6314 822.4982 157.6246 879.5234 182.3447 1.7272 1.6957 3.6202 17.4294 0.6635 52.3768 0.9509 0.1881
