Pedestrian -1 -1 -1.7363 998.7300 124.9627 1030.4965 194.6681 1.7634 0.5664 0.9107 10.6184 0.3600 18.4072 -1.2185 0.6465
Pedestrian -1 -1 0.1845 441.3057 173.0549 457.9350 204.8979 1.7488 0.6481 0.7935 -8.6125 1.3413 39.1602 -0.0286 0.4186
Pedestrian -1 -1 -1.2410 442.0079 170.8345 469.8631 214.8950 1.6285 0.8848 0.5648 -5.6018 1.2728 26.4630 -1.4454 0.3557
Pedestrian -1 -1 1.1596 544.9628 169.2166 559.2125 201.6524 1.8376 0.5051 0.8824 -3.0462 1.1997 40.5600 1.0869 0.3177
Pedestrian -1 -1 0.2204 778.6384 157.0823 797.5167 190.2366 1.8711 0.5180 0.9529 10.4402 0.5509 40.3458 0.4735 0.3090
Pedestrian -1 -1 1.0665 871.8789 151.9034 898.4709 200.5505 1.8264 0.6322 0.8027 10.6604 0.7543 26.9787 1.4406 0.2901
Pedestrian -1 -1 -1.8088 482.3103 168.9020 498.1593 197.7304 1.6396 0.6836 1.0184 -6.6360 0.9813 40.8091 -1.9670 0.2481
Pedestrian -1 -1 -1.8766 913.5218 154.7540 936.4895 194.7681 1.7690 0.4953 1.5647 14.4799 0.6322 32.0586 -1.4543 0.1396
Cyclist -1 -1 -0.2467 609.4428 166.0774 641.6263 196.9744 1.8419 0.5388 1.8636 1.2311 0.9835 42.6085 -0.2163 0.7936
Cyclist -1 -1 -3.0791 668.7686 163.3703 702.6517 195.3500 1.7603 0.6142 1.8404 4.4898 0.8188 39.3792 -2.9647 0.5848
Cyclist -1 -1 -1.1271 366.8793 179.7911 393.3023 217.6138 1.6987 0.4368 1.7819 -10.3936 1.6683 32.6627 -1.4308 0.4837
Cyclist -1 -1 2.0607 343.6783 184.8009 365.2704 212.2685 1.6776 0.5457 1.6824 -15.6981 1.9539 44.3251 1.7241 0.4454
Cyclist -1 -1 -1.9355 912.7239 156.2272 937.6545 196.1436 1.7687 0.4932 1.5866 14.5194 0.6946 32.1298 -1.5130 0.2937
Cyclist -1 -1 -1.7363 998.7300 124.9627 1030.4965 194.6681 1.7634 0.5664 0.9107 10.6184 0.3600 18.4072 -1.2185 0.1175
Car -1 -1 2.5317 992.0281 138.0988 1160.0049 191.2628 1.4830 1.5464 3.8868 13.5761 0.3018 20.5520 3.1103 0.9373
Car -1 -1 -1.5184 508.3697 175.6001 545.8196 205.9858 1.4076 1.6216 3.7812 -3.7859 1.1820 34.6792 -1.6244 0.9304
Car -1 -1 -0.5178 899.4319 153.1690 967.8577 175.9507 1.5984 1.7287 4.1709 23.7051 -0.3339 51.0533 -0.0837 0.3837
