Pedestrian -1 -1 1.6192 875.0909 133.3069 903.2312 204.8901 1.8958 0.6792 0.8770 7.5584 0.8488 19.6435 1.9814 0.3408
Car -1 -1 -1.8857 730.1299 196.3779 913.8923 332.2497 1.5444 1.5289 3.3064 2.8231 1.9419 10.4823 -1.6312 0.9835
Car -1 -1 1.7704 367.6909 201.6546 481.2793 289.3627 1.5348 1.6590 3.8713 -3.9804 2.2480 15.8865 1.5278 0.9615
Car -1 -1 -1.7219 648.7151 194.2771 732.5942 258.4398 1.5336 1.7379 4.3693 2.1713 2.2223 20.9549 -1.6212 0.9414
Car -1 -1 -1.7779 678.7511 195.1072 792.0145 283.9023 1.5222 1.5882 3.5178 2.4330 2.0427 15.0651 -1.6222 0.9302
Car -1 -1 -2.2416 914.3125 196.1281 1242.0000 375.0000 1.5245 1.5412 3.6297 3.0075 1.6992 3.5764 -1.5833 0.7873
Car -1 -1 1.7360 424.9959 196.6369 504.3716 257.4228 1.5143 1.6620 4.2222 -4.3155 2.3029 21.7767 1.5418 0.7147
Car -1 -1 -3.2355 773.3914 179.6518 846.8192 207.6242 1.4995 1.5815 3.8159 11.0909 1.8901 40.3187 -2.9695 0.5560
Car -1 -1 -1.7793 632.5439 188.0964 685.5857 227.0850 1.5776 1.6284 3.8352 2.1243 2.3131 32.7839 -1.7159 0.3829
Car -1 -1 -1.6964 642.6212 187.8530 700.4977 236.6576 1.6037 1.6394 4.0633 2.1845 2.2093 27.0457 -1.6175 0.3503
