Pedestrian -1 -1 -3.1643 988.3445 166.7465 1038.3020 270.8411 1.7096 0.6889 0.7139 6.9169 1.4853 12.0786 -2.6539 0.4692
Pedestrian -1 -1 -0.6901 788.1974 162.8464 807.2368 195.9232 1.7447 0.6295 0.7512 10.2725 0.8150 37.7318 -0.4247 0.3487
Pedestrian -1 -1 -3.4162 995.1891 110.8905 1062.4493 239.1814 1.7262 0.4071 0.7120 5.8123 0.7913 9.7939 -2.8926 0.2887
Pedestrian -1 -1 3.1170 131.9405 120.2689 207.5781 259.5758 1.8434 0.5796 0.8742 -6.0933 1.0481 9.8297 2.5788 0.2787
Pedestrian -1 -1 0.9068 270.7644 178.3564 326.2901 261.3761 1.6414 0.6247 0.8975 -6.3115 1.6007 14.4650 0.5050 0.2764
Pedestrian -1 -1 -1.4153 115.4217 151.8835 133.9032 191.4807 1.9175 0.6504 0.6775 -23.5719 0.5332 34.6783 -2.0061 0.2574
Pedestrian -1 -1 0.0039 773.2553 159.5585 791.6807 191.2812 1.8024 0.5872 1.0183 10.1779 0.6140 40.5791 0.2495 0.1937
Pedestrian -1 -1 1.9673 511.1126 164.2709 520.4208 186.7518 1.9296 0.5421 0.7712 -7.6944 0.5378 61.1284 1.8445 0.1848
Pedestrian -1 -1 -0.1038 724.9207 162.4419 737.3347 186.5604 1.9014 0.4635 0.9247 10.0008 0.4790 56.0016 0.0737 0.1841
Cyclist -1 -1 1.1073 874.6320 155.7518 905.8928 194.3394 1.7771 0.5352 1.9951 13.5092 0.6388 33.5739 1.4884 0.5975
Cyclist -1 -1 1.5818 493.4776 157.5115 507.0750 192.2382 1.8465 0.7106 1.6968 -5.7019 0.6256 38.4789 1.4378 0.2063
Cyclist -1 -1 -3.4146 976.5733 167.1280 1051.9968 272.9744 1.7328 0.7183 0.9454 6.8974 1.5155 12.0303 -2.9038 0.1302
Cyclist -1 -1 0.7198 266.7645 176.9911 328.9808 261.1795 1.6683 0.6407 0.9937 -6.3206 1.6004 14.4652 0.3175 0.1071
Car -1 -1 1.2505 450.6111 173.7884 519.8634 210.5853 1.4449 1.6927 4.0829 -5.1658 1.1829 29.9586 1.0833 0.9408
Car -1 -1 -0.8881 0.0000 208.3515 287.3978 370.0000 1.4797 1.6036 3.9187 -3.1527 1.6889 3.2766 -1.6058 0.7957
