Pedestrian -1 -1 -2.7404 824.7189 176.1963 846.8818 212.9818 1.6448 0.5862 0.7977 10.2337 1.7994 32.8276 -2.4413 0.3212
Pedestrian -1 -1 -1.6719 804.2939 166.7833 837.6862 240.6370 1.8485 0.7508 0.6713 5.3391 1.6970 18.4533 -1.3953 0.2105
Cyclist -1 -1 -1.8010 826.9896 176.2477 843.7448 213.2175 1.6574 0.5512 0.8249 10.2176 1.8143 32.8534 -1.5026 0.1217
Car -1 -1 -3.4059 925.1677 176.5548 1001.5096 201.1881 1.4744 1.5520 3.9726 21.7760 1.7096 44.6537 -2.9551 0.8642
Car -1 -1 -3.2753 805.1855 174.0995 863.3516 196.0843 1.5382 1.6252 3.7938 16.0026 1.6297 51.7174 -2.9772 0.5446
Car -1 -1 2.1032 46.0008 197.5892 117.4255 230.1783 1.4617 1.6045 2.9751 -26.5269 2.7593 36.2816 1.4752 0.5011
Car -1 -1 -1.1722 189.8575 199.0446 354.6364 287.4916 1.4656 1.6924 3.9211 -6.8971 2.0863 15.1064 -1.5944 0.2967
Car -1 -1 2.1689 110.2365 172.0383 160.4978 194.7970 1.8118 1.6668 3.6767 -38.9648 1.7472 59.2922 1.5894 0.2237
Car -1 -1 1.5615 0.0000 190.1146 23.1640 221.5052 1.6845 1.6225 4.1022 -36.1944 2.7659 43.1003 0.8659 0.2120
Car -1 -1 -1.2989 485.5767 174.0516 526.7089 200.7825 1.5981 1.5889 3.8191 -6.5031 1.6769 45.3083 -1.4410 0.2110
