Pedestrian -1 -1 -0.8105 0.0000 78.1264 157.5179 375.0000 1.7096 0.5941 0.6134 -2.7695 1.2920 3.5232 -1.4413 0.2024
Pedestrian -1 -1 1.1213 401.2563 149.5587 457.2042 262.9046 1.7931 0.6530 0.7053 -3.0349 1.4249 11.8915 0.8759 0.1702
Pedestrian -1 -1 -1.7199 781.0801 147.7108 799.2100 189.4597 1.8839 0.6788 0.8790 8.2005 0.7497 33.0254 -1.4788 0.1299
Pedestrian -1 -1 1.5396 514.6525 189.0772 539.2932 259.7204 1.7048 0.5855 0.7995 -2.1322 2.1210 18.0502 1.4227 0.1194
Pedestrian -1 -1 -3.2635 1152.1533 93.5350 1242.0000 264.5844 1.7420 0.6854 0.7643 6.3548 0.9346 7.8361 -2.6001 0.1055
Cyclist -1 -1 -2.1707 1112.7736 88.2939 1242.0000 270.7615 1.7532 0.5999 1.7827 6.2882 0.9411 7.8373 -1.5125 0.2473
Car -1 -1 -1.7857 796.1067 149.8515 984.7525 290.3201 1.8421 1.8055 4.5703 4.2379 1.5408 11.8361 -1.4507 0.9068
Car -1 -1 -1.9903 865.3655 184.9129 1242.0000 375.0000 1.4952 1.6674 4.1961 3.6141 1.6373 6.3237 -1.4921 0.8996
Car -1 -1 -1.5041 783.5823 165.2474 848.3389 225.1041 1.6827 1.6873 4.0267 6.4383 1.4692 22.4604 -1.2290 0.8402
Car -1 -1 -2.1562 1063.5911 138.0347 1242.0000 327.9232 1.6387 1.6486 3.7420 6.9375 1.3386 8.1684 -1.4701 0.1463
