Car -1 -1 -0.3945 728.2031 185.1844 980.2010 273.0003 1.4667 1.6525 4.0903 4.3476 1.7119 13.3291 -0.0867 0.9799
Car -1 -1 0.3760 71.3856 175.1542 325.0241 256.7654 1.4931 1.5883 4.0711 -8.0325 1.5424 14.3046 -0.1281 0.9603
Car -1 -1 -0.2809 662.3015 180.0678 786.2925 228.6867 1.5313 1.6801 3.7722 3.7257 1.7836 24.1210 -0.1303 0.9480
Car -1 -1 3.3804 305.5608 176.8697 430.6247 223.9114 1.5398 1.6056 3.7908 -8.2545 1.6831 24.7307 3.0611 0.9052
Car -1 -1 0.4512 228.7489 181.1343 395.9594 239.8349 1.5037 1.5807 3.9166 -8.0810 1.7402 19.6563 0.0655 0.8558
Car -1 -1 3.7775 0.0000 182.0854 179.7163 326.2908 1.4776 1.5995 3.9519 -7.5791 1.5985 8.4654 3.0628 0.8463
Car -1 -1 3.5313 164.5974 185.3983 363.8069 252.0665 1.4442 1.6164 3.8776 -8.0097 1.7535 16.8662 3.0936 0.8144
Car -1 -1 3.2401 325.1411 173.5671 425.6451 210.9866 1.4805 1.5984 3.8025 -9.6406 1.5115 29.7723 2.9292 0.7079
Car -1 -1 -1.5932 397.2168 171.9582 429.7939 200.6313 1.4917 1.6378 3.5609 -10.8199 1.4455 39.4752 -1.8593 0.6244
Car -1 -1 3.8155 0.0000 196.1856 77.4305 375.0000 1.4211 1.5692 3.7664 -7.0061 1.6503 5.9881 2.9741 0.6018
Car -1 -1 -1.8520 461.2422 175.3869 491.2498 194.2080 1.5645 1.6248 3.5712 -11.6269 1.7910 62.4634 -2.0356 0.5134
Car -1 -1 -1.8380 636.2560 180.6458 701.5467 224.1280 1.4953 1.5807 3.4974 2.1186 1.8112 27.3464 -1.7622 0.4998
