Pedestrian -1 -1 -1.5100 355.3503 149.6590 377.7360 204.5167 1.7262 0.6305 0.8525 -7.8652 0.9967 23.1948 -1.8338 0.3271
Pedestrian -1 -1 -1.7695 852.3955 167.4205 871.3962 208.0259 1.7164 0.6162 0.8183 10.7564 1.4870 30.9422 -1.4383 0.1851
Pedestrian -1 -1 0.7079 918.7873 184.0304 960.9247 230.3994 1.7743 0.5840 1.5087 13.1103 2.2334 28.8032 1.1304 0.1031
Cyclist -1 -1 0.7050 917.6664 183.7028 961.3265 229.9291 1.7686 0.6078 1.5613 13.1071 2.2150 28.8301 1.1271 0.2251
Cyclist -1 -1 -2.4072 348.1921 149.2274 385.6501 204.0550 1.7263 0.6416 0.9593 -7.8603 0.9828 23.2015 -2.7306 0.1025
Car -1 -1 1.6497 468.3550 174.9895 492.0173 198.2050 2.0154 1.7603 4.5200 -11.7487 2.2163 65.4016 1.4723 0.5893
Car -1 -1 0.1200 345.9376 178.2307 439.5215 211.6920 1.4285 1.5752 3.8437 -9.6826 1.6775 32.2561 -0.1698 0.4885
Car -1 -1 1.3721 988.1630 165.8121 1026.8927 190.5889 1.7034 1.6758 3.9167 28.4126 1.2197 51.7224 1.8718 0.3614
Car -1 -1 -1.6917 1010.6646 172.4387 1063.6207 209.3570 1.5798 1.5874 3.9912 19.4302 1.5624 33.0193 -1.1641 0.1948
Car -1 -1 -2.3275 1105.6642 164.0843 1206.8571 198.3811 1.6384 1.6469 4.2024 27.5701 1.2198 36.6477 -1.6867 0.1870
Car -1 -1 3.3046 241.5791 165.4455 380.7897 214.8917 1.5106 1.6210 3.9323 -9.5640 1.2846 23.2665 2.9183 0.1859
Car -1 -1 1.6494 418.2538 181.1728 439.0344 198.0976 1.5062 1.6050 3.9132 -17.1557 2.3178 68.2984 1.4039 0.1775
Car -1 -1 1.6766 834.2166 190.6246 874.2202 221.5805 1.5037 1.6953 3.8008 13.3782 2.5286 39.5157 2.0001 0.1619
