Pedestrian -1 -1 -2.1390 1106.5007 150.2757 1242.0000 375.0000 1.6689 0.6207 0.8260 3.9745 1.5258 5.0147 -1.4977 0.1715
Pedestrian -1 -1 2.1720 0.0000 154.2072 40.3316 237.3424 1.8497 0.6680 0.6926 -13.6173 1.4352 16.4240 1.4876 0.1631
Pedestrian -1 -1 1.1911 745.8221 140.1708 776.0374 197.6164 1.8578 0.6246 1.0681 4.9475 0.8012 23.9128 1.3924 0.1148
Cyclist -1 -1 -1.8192 578.9188 152.0785 601.8873 200.3172 1.6940 0.4381 1.6453 -0.7668 0.9648 26.1862 -1.8486 0.2551
Cyclist -1 -1 -2.4434 1095.0242 146.9175 1242.0000 375.0000 1.7073 0.6095 0.9164 3.9942 1.5446 5.0495 -1.8029 0.1290
Car -1 -1 -1.5129 406.4492 167.3980 457.2651 213.4725 1.5783 1.6124 3.4468 -6.5357 1.3918 26.5548 -1.7523 0.9343
Car -1 -1 1.6535 425.0103 161.5459 465.9548 192.5581 1.4494 1.6292 4.3869 -8.1829 0.9212 36.0039 1.4314 0.4167
Car -1 -1 -1.9449 594.3113 135.0110 702.1113 205.2539 2.0870 1.8926 4.9009 1.0789 0.9630 24.0597 -1.9010 0.2369
Car -1 -1 -2.5695 515.5586 161.9086 571.8574 184.1874 1.6199 1.6147 3.9586 -5.0044 0.8244 54.0909 -2.6615 0.2080
Car -1 -1 -0.1682 461.6488 159.4422 520.5466 182.0685 1.7714 1.7221 4.4480 -9.5903 0.7218 58.0238 -0.3315 0.1286
