Pedestrian -1 -1 1.8647 726.5657 153.6075 764.7290 237.2974 1.8440 0.6472 0.8208 3.0412 1.4203 16.4084 2.0440 0.4027
Pedestrian -1 -1 -0.7249 0.0000 146.7207 12.9937 197.8370 1.9272 0.7539 0.5957 -23.4555 0.9423 27.5506 -1.4255 0.3428
Pedestrian -1 -1 3.3386 330.1826 159.3649 364.8395 217.0831 1.8333 0.6150 0.9490 -8.5104 1.4052 23.2903 2.9916 0.1254
Pedestrian -1 -1 2.0368 175.1910 161.1110 221.5130 234.8557 1.7610 0.6720 0.8535 -10.1174 1.4810 17.6699 1.5230 0.1181
Pedestrian -1 -1 -1.6972 710.0872 168.5470 725.5677 205.6428 1.8244 0.6359 1.0301 5.3374 1.6129 36.0039 -1.5518 0.1099
Pedestrian -1 -1 1.2200 581.5574 163.4976 591.9894 191.1822 2.0028 0.4801 0.9019 -1.7267 1.3263 52.7031 1.1871 0.1046
Pedestrian -1 -1 -1.5450 753.4423 166.6498 768.6815 208.3991 1.8084 0.6405 0.6148 6.5832 1.5401 31.6239 -1.3422 0.1039
Car -1 -1 -0.1494 570.0724 188.8227 651.3340 217.9385 1.5297 1.7077 4.3367 -0.0251 2.4492 40.3586 -0.1507 0.8946
Car -1 -1 1.2360 660.5983 166.3740 708.9952 195.3710 1.6237 1.6433 3.8641 4.3125 1.2612 42.4712 1.3361 0.1254
Car -1 -1 -3.1075 850.2118 161.9261 905.8295 184.0302 1.8785 1.6863 4.4935 23.3570 0.9502 62.9462 -2.7539 0.1239
Car -1 -1 -0.1652 840.5312 165.1361 894.7935 184.2781 1.5033 1.6226 3.8756 20.5738 0.8975 57.7990 0.1749 0.1156
Car -1 -1 -1.7176 988.6301 163.0000 1021.1609 184.7509 1.6172 1.6582 3.7505 30.4084 0.8849 55.6897 -1.2201 0.1107
Car -1 -1 -0.7217 679.4090 171.1022 732.5305 193.3456 1.5246 1.5850 3.5766 6.7817 1.4049 51.1067 -0.5909 0.1092
