Pedestrian -1 -1 1.2835 370.3199 142.2327 449.4476 301.5201 1.8353 0.7088 0.9348 -2.4702 1.3960 8.7252 1.0190 0.8017
Pedestrian -1 -1 1.9074 650.2955 170.6743 713.1016 268.7250 1.7443 0.8679 1.0710 1.4071 1.5712 13.2430 2.0124 0.1620
Pedestrian -1 -1 2.9753 415.6139 170.3609 458.4770 255.1154 1.7573 0.5803 0.8060 -3.6272 1.5487 15.0785 2.7456 0.1268
Pedestrian -1 -1 -3.2068 808.1772 178.2621 859.8649 268.9535 1.7545 0.5865 0.9372 4.5022 1.7128 14.0694 -2.9021 0.1254
Pedestrian -1 -1 -0.4860 1127.7755 122.6621 1203.8118 235.1959 1.7761 0.5891 0.7828 9.0690 0.8649 11.5107 0.1698 0.1180
Pedestrian -1 -1 -1.2856 839.3655 175.1107 879.8666 246.7694 1.7423 0.7485 0.8626 6.3618 1.6128 17.7546 -0.9457 0.1154
Pedestrian -1 -1 -0.0672 235.3537 171.5439 322.5315 259.8893 1.6412 0.5785 1.5077 -6.3750 1.4764 13.7401 -0.4911 0.1042
Cyclist -1 -1 -0.0672 235.3537 171.5439 322.5315 259.8893 1.6412 0.5785 1.5077 -6.3750 1.4764 13.7401 -0.4911 0.2604
Cyclist -1 -1 -1.7126 858.5714 135.6406 905.7251 243.1728 1.7119 0.5221 1.5036 4.6508 0.9994 12.0416 -1.3508 0.1507
Cyclist -1 -1 1.8896 650.9522 171.4654 709.6209 267.7685 1.7136 0.7880 1.1107 1.3818 1.5545 13.2441 1.9928 0.1254
Car -1 -1 -3.0102 461.6624 189.9322 649.1946 256.6700 1.4345 1.6086 4.1615 -1.1015 1.6675 16.4010 -3.0744 0.1832
