Car -1 -1 1.9648 227.6952 192.7874 389.5430 289.8542 1.5426 1.5743 3.7087 -5.7331 1.9840 14.0952 1.5844 0.9611
Car -1 -1 -1.9362 791.5219 177.8866 1104.8138 357.6404 1.4548 1.6007 4.0053 3.2398 1.5246 7.9576 -1.5635 0.9573
Car -1 -1 2.2057 0.0000 201.5935 281.9303 375.0000 1.4630 1.6663 4.3189 -5.7613 1.8847 8.3798 1.6177 0.9516
Car -1 -1 1.3297 704.1070 179.9796 801.7086 248.4642 1.4672 1.4992 3.5321 3.3285 1.6596 17.6378 1.5123 0.9472
Car -1 -1 1.8902 382.8773 185.6057 479.5322 240.8807 1.5298 1.7126 4.4006 -5.6713 1.9815 23.2735 1.6531 0.9452
Car -1 -1 -1.7801 675.3095 181.1370 755.2233 233.0233 1.4967 1.7124 4.2622 3.2981 1.7943 23.6977 -1.6443 0.9038
Car -1 -1 -1.7116 657.9465 177.4605 705.0100 215.0587 1.5475 1.5518 3.7592 3.0777 1.7649 32.0773 -1.6174 0.8403
Car -1 -1 -2.3679 995.5045 196.6834 1242.0000 375.0000 1.5204 1.5916 3.7077 2.9722 1.6627 2.4133 -1.5381 0.4721
Car -1 -1 -1.2895 288.7009 174.1753 337.7942 202.6644 1.5311 1.6189 3.6353 -16.7694 1.6097 40.8429 -1.6771 0.4489
Car -1 -1 1.7313 479.6133 180.4825 521.3084 211.7469 1.5372 1.5870 3.9185 -5.8104 1.9644 38.4022 1.5816 0.4047
