Pedestrian -1 -1 -0.3632 752.9949 151.5026 795.1932 234.9582 1.8199 0.6273 0.7407 3.6037 1.3546 16.0961 -0.1475 0.3435
Pedestrian -1 -1 -1.3328 668.7751 165.1688 682.3250 202.0767 1.8708 0.5721 0.5769 3.3202 1.4816 36.9353 -1.2443 0.2238
Pedestrian -1 -1 -0.5769 1204.9258 98.0445 1242.0000 227.7919 1.7890 0.4984 0.7009 8.9463 0.7578 10.2375 0.1275 0.1400
Pedestrian -1 -1 1.7727 770.9003 152.3058 812.8381 245.2201 1.8314 0.6999 0.7390 3.6611 1.4267 14.7025 2.0113 0.1329
Pedestrian -1 -1 1.5838 252.1895 109.9498 307.3631 256.9982 1.7833 0.6172 0.6529 -4.2407 1.0208 9.1698 1.1612 0.1143
Pedestrian -1 -1 2.3757 740.8120 158.0404 778.9626 232.2358 1.7739 0.6063 0.6879 3.6242 1.4201 17.6890 2.5738 0.1042
Car -1 -1 -1.7588 653.2976 188.2202 736.7896 247.1786 1.4380 1.6200 4.0403 2.2870 1.9247 20.7576 -1.6515 0.9038
Car -1 -1 -1.7664 520.5157 181.1313 557.4193 208.1710 1.6100 1.6336 3.8477 -4.6318 2.1655 46.3092 -1.8660 0.2041
Car -1 -1 1.3963 639.2054 181.0960 672.5491 209.4317 2.0393 1.7582 4.7870 3.4725 2.7059 55.8439 1.4575 0.1366
Car -1 -1 1.7569 563.4616 164.6637 592.9131 187.7073 1.8861 1.7726 4.0827 -2.6823 1.2161 61.2007 1.7130 0.1168
