Car -1 -1 -1.7618 703.3545 188.0352 821.5150 273.3489 1.4290 1.6024 3.7035 2.8815 1.7755 14.5952 -1.5718 0.9699
Car -1 -1 -0.2504 767.8410 177.3158 941.9501 233.9308 1.4481 1.6632 4.1824 6.4787 1.5755 19.5692 0.0641 0.9547
Car -1 -1 0.5067 133.1125 181.9419 415.5511 289.5508 1.6605 1.6650 4.0789 -5.6472 1.8285 12.3009 0.0838 0.9388
Car -1 -1 0.5617 7.4294 197.2269 342.9919 316.6020 1.4657 1.5210 3.7817 -5.9383 1.8330 10.0282 0.0382 0.9358
Car -1 -1 0.4436 250.6784 177.1262 458.6735 253.2337 1.6718 1.6794 4.3326 -5.9937 1.7794 17.0390 0.1097 0.8785
Car -1 -1 3.8677 0.0000 199.6564 159.4236 369.1021 1.4256 1.6007 3.8296 -6.9674 1.7245 7.1851 3.1162 0.8734
Car -1 -1 0.5335 219.6598 180.5344 417.9151 261.8334 1.5148 1.5184 3.4440 -5.8994 1.6820 14.6521 0.1564 0.7961
Car -1 -1 3.3755 360.5049 181.2856 480.6136 229.5893 1.5470 1.5824 3.6311 -6.3361 1.8401 24.2207 3.1218 0.7918
Car -1 -1 3.4283 269.2173 178.5086 434.1916 233.9999 1.4178 1.5323 3.9180 -6.9212 1.5776 19.4735 3.0906 0.7112
Car -1 -1 1.4767 637.0641 179.3246 666.4584 203.6931 1.5329 1.6073 3.7774 2.7289 1.9839 48.3235 1.5323 0.7031
Car -1 -1 3.3882 313.9813 181.7934 470.1873 231.6745 1.4163 1.5912 4.2329 -6.5009 1.6963 21.6846 3.0997 0.6872
Car -1 -1 3.2096 394.3800 180.5264 495.8947 221.7224 1.5583 1.5838 3.8454 -6.5404 1.8760 28.7687 2.9875 0.6354
Car -1 -1 -0.2826 693.5099 180.2320 784.4323 213.9763 1.4674 1.6003 3.7714 5.7891 1.8136 32.8148 -0.1102 0.6192
Car -1 -1 2.9607 696.0602 174.0026 780.6494 207.4045 1.5824 1.6182 3.8138 6.1531 1.6399 35.0637 3.1325 0.5596
