Pedestrian -1 -1 -2.0046 1079.2719 153.9905 1238.0000 374.0000 1.6791 0.6831 0.9340 4.3314 1.4825 5.6898 -1.3815 0.7798
Pedestrian -1 -1 1.4317 625.1340 164.9557 645.6707 213.6916 1.8276 0.6597 0.8880 1.2705 1.2082 27.4091 1.4724 0.7334
Pedestrian -1 -1 1.9928 271.3283 158.2491 352.1744 309.6151 1.7728 0.6201 0.8780 -3.5976 1.5018 8.8617 1.6114 0.6818
Pedestrian -1 -1 2.3070 641.3154 167.3511 681.7623 229.5637 1.8261 0.7210 1.0209 1.7898 1.4119 21.6948 2.3831 0.6507
Pedestrian -1 -1 -0.6642 503.3179 172.8353 540.2028 236.1760 1.6643 0.6157 0.7732 -2.1781 1.4378 19.3622 -0.7801 0.4855
Pedestrian -1 -1 -1.7792 433.5194 179.3760 467.8766 241.9946 1.6419 0.7363 0.8856 -4.1064 1.5874 19.3871 -1.9907 0.4415
Pedestrian -1 -1 1.5455 580.0008 175.8065 596.3267 218.3105 1.6433 0.6157 0.7604 -0.5433 1.4242 28.1656 1.5212 0.4175
Pedestrian -1 -1 3.6465 0.0000 75.5836 200.5903 374.0000 1.7236 0.7100 0.9261 -3.1549 1.1355 4.3939 3.0454 0.3167
Pedestrian -1 -1 1.7298 560.9283 168.8641 587.8455 223.1601 1.8077 0.6559 1.8664 -0.9437 1.3881 24.8781 1.6871 0.3001
Pedestrian -1 -1 2.8338 159.4620 138.1398 239.9740 274.8637 1.8057 0.5840 0.8412 -5.6278 1.2344 9.9906 2.3265 0.2516
Pedestrian -1 -1 -2.1680 640.9085 165.0006 658.3196 195.9829 1.8327 0.6383 0.9076 2.8871 0.8575 43.0411 -2.1064 0.2485
Pedestrian -1 -1 -1.5484 377.2819 167.3817 408.8860 249.1003 1.6958 0.6337 1.7674 -4.6123 1.4040 15.8395 -1.8327 0.2114
Cyclist -1 -1 1.8234 558.4361 169.9858 589.8542 226.0755 1.8618 0.6341 1.9347 -0.9486 1.4807 24.8531 1.7804 0.6190
Cyclist -1 -1 -1.4181 372.0455 166.2235 412.8199 251.4247 1.7655 0.6059 1.7576 -4.6068 1.4502 15.7932 -1.7029 0.4373
Cyclist -1 -1 2.3070 641.3154 167.3511 681.7623 229.5637 1.8261 0.7210 1.0209 1.7898 1.4119 21.6948 2.3831 0.1390
Car -1 -1 -1.8035 752.4391 92.5650 998.1567 269.9820 1.6811 1.7293 4.2715 3.0098 0.8398 8.9993 -1.4946 0.7321
