Pedestrian -1 -1 -2.5742 328.9978 181.6671 346.0746 207.3509 1.8288 0.6232 0.9699 -19.6842 2.4700 52.0570 -2.9343 0.1502
Cyclist -1 -1 -2.3053 1096.9630 186.9218 1135.4457 229.0749 1.7166 0.5036 1.4290 21.4214 2.3283 30.6154 -1.7000 0.1879
Cyclist -1 -1 1.6619 0.0000 190.1991 15.9261 224.0835 1.6288 0.4974 1.5902 -30.3308 2.5208 36.2919 0.9692 0.1337
Cyclist -1 -1 -2.5975 1042.1577 188.5576 1084.2664 230.5108 1.7304 0.4964 1.4941 19.4913 2.4251 31.1192 -2.0429 0.1280
Car -1 -1 -1.3013 382.2328 184.6170 426.1471 210.1159 1.5881 1.7789 4.3441 -13.9759 2.4248 49.1224 -1.5774 0.7853
Car -1 -1 0.9249 65.2572 160.4222 161.6727 193.5587 1.5285 1.6129 4.2210 -23.9260 0.9554 34.7178 0.3249 0.1489
Car -1 -1 -1.2330 321.7340 182.2542 366.0586 207.9108 1.7714 1.7307 4.3886 -19.7413 2.4993 53.6359 -1.5844 0.1457
Car -1 -1 0.9144 1030.5050 181.9756 1168.6193 233.1577 1.4403 1.5413 3.9297 15.4041 1.7574 23.0364 1.4974 0.1453
Car -1 -1 -1.4427 213.2532 173.4595 247.0223 196.8251 1.6184 1.6706 3.9075 -27.4635 1.6643 52.2047 -1.9250 0.1388
Car -1 -1 -1.6631 742.2205 167.0235 764.5763 185.8702 1.7383 1.6940 4.2630 13.6127 1.2009 68.7540 -1.4687 0.1280
Car -1 -1 1.5066 742.4197 179.2224 773.6204 205.7256 1.4998 1.5942 3.9215 8.9216 1.9054 43.8637 1.7055 0.1213
