Pedestrian -1 -1 -0.9245 0.0000 159.9718 12.7971 202.6350 1.8571 0.6810 0.4470 -26.5310 0.9650 31.0145 -1.6252 0.1958
Pedestrian -1 -1 -0.0155 207.4237 172.8750 221.7318 204.9057 1.6612 0.8123 0.6498 -20.5460 1.2672 37.1780 -0.5150 0.1715
Pedestrian -1 -1 -1.7619 798.6487 142.1087 815.8094 179.6315 1.9654 0.7361 0.7922 10.7035 -0.0452 37.4767 -1.4839 0.1668
Pedestrian -1 -1 2.4921 137.4148 172.4254 153.5746 198.0582 1.9141 0.5024 0.9014 -34.6309 1.3124 53.3017 1.9203 0.1541
Pedestrian -1 -1 2.0950 130.5814 168.9718 145.7973 198.2375 1.9712 0.4225 0.9921 -31.7686 1.1960 48.1244 1.5163 0.1459
Pedestrian -1 -1 0.4360 220.1212 169.1704 242.2917 202.0840 1.7643 0.6238 0.8783 -20.2179 1.1584 38.2276 -0.0452 0.1428
Pedestrian -1 -1 0.1816 146.4118 170.4543 162.9081 204.8510 1.8883 0.6707 0.6602 -25.0037 1.3382 39.2448 -0.3803 0.1419
Pedestrian -1 -1 -1.8133 800.0268 123.3189 856.1784 227.0075 1.8023 0.5759 1.7558 4.0807 0.8100 13.1770 -1.5175 0.1236
Cyclist -1 -1 2.1017 417.9271 171.0067 439.3531 198.7421 1.7236 0.5520 1.6575 -11.1688 1.1350 44.8066 1.8608 0.7200
Cyclist -1 -1 -1.8133 800.0268 123.3189 856.1784 227.0075 1.8023 0.5759 1.7558 4.0807 0.8100 13.1770 -1.5175 0.3491
Car -1 -1 -1.5142 546.2150 164.6880 570.2071 185.4992 1.5319 1.6055 3.8640 -3.5298 0.3693 53.9783 -1.5773 0.5129
Car -1 -1 -2.5471 136.2885 179.7960 232.2461 210.0642 1.5821 1.6782 4.2139 -22.5324 1.5467 37.9225 -3.0779 0.3998
Car -1 -1 -1.6250 584.1653 166.3584 604.5030 184.6443 1.5219 1.5556 3.5753 -0.9219 0.3461 60.6763 -1.6383 0.3418
Car -1 -1 1.4381 637.9781 168.8992 660.6033 185.0226 1.4878 1.6136 4.1782 4.2156 0.4185 67.3783 1.5021 0.1503
Car -1 -1 1.2386 553.4645 171.6515 593.6154 197.4622 1.7058 1.5477 4.0151 -2.2168 1.1223 48.8744 1.1953 0.1398
