Pedestrian -1 -1 -0.0012 230.7084 173.9660 258.5033 230.8307 1.7685 0.5923 0.7807 -11.3403 1.5353 22.7772 -0.4638 0.3612
Pedestrian -1 -1 -3.6255 1142.0990 78.5311 1238.0000 280.1335 1.8100 0.7239 0.5886 5.6450 0.8869 6.8557 -2.9603 0.3444
Pedestrian -1 -1 0.6994 0.0000 161.2501 103.1115 374.0000 1.7016 0.6200 0.6077 -3.3910 1.5976 4.0568 0.0274 0.3151
Pedestrian -1 -1 -2.1833 754.4102 160.9376 774.3122 202.7817 1.8877 0.6280 0.6460 7.4307 0.9610 32.8225 -1.9674 0.2270
Pedestrian -1 -1 0.3573 176.1509 176.1124 206.6712 229.5052 1.8088 0.6520 0.7315 -14.1235 1.6274 24.7134 -0.1625 0.1666
Pedestrian -1 -1 0.3415 580.0931 131.8222 618.5012 217.9457 1.7954 0.5934 0.6640 -0.0785 0.7610 15.3614 0.3315 0.1530
Pedestrian -1 -1 -0.5536 834.9533 154.8790 857.5140 193.7450 1.8546 0.6507 0.8082 11.8080 0.5852 34.6842 -0.2326 0.1397
Cyclist -1 -1 -2.8598 651.8043 159.0350 707.7240 206.4187 1.6932 0.6413 1.9359 2.8470 0.8915 26.3258 -2.7582 0.4287
Cyclist -1 -1 2.6380 780.1583 141.5028 807.9286 181.5893 1.8915 0.6601 1.0998 9.1972 0.0051 34.3481 2.8930 0.1305
Car -1 -1 -0.7143 781.4484 190.2668 1026.9821 298.3875 1.4525 1.4994 3.3606 4.6143 1.6048 11.1114 -0.3346 0.9620
Car -1 -1 2.3368 1044.9250 147.7675 1174.5150 199.5508 1.6938 1.6401 3.5550 17.3807 0.5915 24.6517 2.9409 0.2512
