Pedestrian -1 -1 0.3761 205.0482 145.9448 231.4729 198.0790 1.9643 0.7180 0.6701 -15.0106 0.9508 27.5791 -0.1185 0.2404
Pedestrian -1 -1 0.1954 502.9316 159.8447 552.9658 254.7216 1.8067 0.6411 0.8642 -1.6441 1.5594 14.0917 0.0805 0.1773
Pedestrian -1 -1 -0.2897 240.7170 199.9640 296.4954 274.1524 1.6594 0.6213 1.0668 -8.1612 2.3263 17.1516 -0.7284 0.1760
Pedestrian -1 -1 2.9745 645.8646 190.5196 671.9900 244.0483 1.6655 0.6096 0.7381 1.5102 2.2378 23.0142 3.0382 0.1728
Pedestrian -1 -1 3.0381 193.7624 151.0377 253.9655 281.8181 1.7651 0.5442 0.6977 -5.4913 1.4710 10.1555 2.5529 0.1438
Car -1 -1 2.2112 807.9468 180.6205 953.3429 239.2969 1.4705 1.6899 4.2058 7.6597 1.7107 20.4264 2.5645 0.9553
Car -1 -1 2.0069 1022.4890 183.3349 1131.4860 229.9218 1.5134 1.6639 4.3240 16.9084 1.9205 26.1367 2.5753 0.8796
Car -1 -1 -1.2493 1130.0759 174.8768 1242.0000 266.8559 1.5479 1.6871 4.0684 11.9659 1.5925 14.0045 -0.5531 0.8637
Car -1 -1 2.8015 289.7365 167.6651 550.9995 277.2839 1.7862 1.7612 4.4815 -3.5682 1.7020 13.7336 2.5512 0.8391
Car -1 -1 2.0206 980.0339 178.3647 1108.0596 233.2960 1.5077 1.7078 4.2250 13.2653 1.6909 22.0585 2.5556 0.1959
Car -1 -1 -0.1862 331.0276 182.2701 451.3707 222.1877 1.4893 1.6333 4.4867 -8.9645 1.8977 29.5066 -0.4791 0.1690
