Cyclist -1 -1 1.7443 401.5357 179.0594 451.0050 281.5285 1.7203 0.5650 1.8216 -3.3697 1.8417 13.1521 1.4974 0.9481
Car -1 -1 -1.7222 628.7536 179.9207 696.9814 229.1659 1.4713 1.6410 4.2879 1.6450 1.7323 24.3947 -1.6564 0.9660
Car -1 -1 0.3427 235.7299 187.9544 423.4095 245.5221 1.3697 1.5896 4.1812 -7.1083 1.7736 18.4422 -0.0208 0.9645
Car -1 -1 -0.6639 876.8487 188.2513 1242.0000 324.0650 1.4168 1.5650 3.9843 5.4628 1.6263 8.7770 -0.1230 0.9617
Car -1 -1 -0.5210 835.5076 166.4215 1136.6578 277.6703 1.5697 1.6183 3.8290 5.5973 1.4793 11.1108 -0.0657 0.9470
Car -1 -1 2.2404 1022.8445 197.6632 1242.0000 375.0000 1.4539 1.7034 4.2902 5.8779 1.6971 5.9090 2.9976 0.8411
Car -1 -1 -1.6293 618.8270 178.6765 651.5367 208.5688 1.5231 1.5557 3.7577 1.2973 1.8568 39.4006 -1.5972 0.8259
Car -1 -1 0.6217 0.0000 163.8443 190.3763 358.6032 1.6587 1.7630 4.4221 -7.0547 1.5823 7.2998 -0.1284 0.6264
Car -1 -1 0.4453 346.9204 183.6312 466.1192 229.6602 1.5673 1.5957 3.8569 -7.3973 1.9758 26.2060 0.1723 0.5989
Car -1 -1 -2.7863 299.1519 182.9982 436.2620 234.8951 1.4320 1.4950 3.4870 -7.0454 1.7395 21.0322 -3.1062 0.4996
Car -1 -1 0.1585 415.9542 180.0158 499.7595 211.2648 1.4889 1.6574 3.8458 -7.5167 1.8530 35.7179 -0.0479 0.4544
Car -1 -1 -1.4007 447.3028 176.0881 494.8442 210.2725 1.4620 1.5720 3.4075 -6.3182 1.6175 32.8994 -1.5894 0.4460
