Pedestrian -1 -1 -2.6451 745.3024 182.5502 769.1224 225.1433 1.7135 0.7011 0.7160 6.0292 2.1204 29.7495 -2.4478 0.4143
Pedestrian -1 -1 1.4920 70.5487 123.7874 128.8206 251.7160 1.7737 0.6444 0.6712 -7.4591 1.0938 10.4649 0.8846 0.4003
Cyclist -1 -1 1.1619 938.1931 175.6249 1027.7517 296.9048 1.7759 0.5343 1.9015 5.8694 1.8244 11.5697 1.6201 0.3124
Cyclist -1 -1 -2.1001 743.5798 181.0838 768.9946 224.1667 1.7404 0.7163 0.8121 6.0035 2.0868 29.8369 -1.9042 0.1154
Car -1 -1 -1.7050 666.7789 183.7705 722.5488 228.9076 1.5793 1.6759 3.3733 3.1520 2.0257 27.7740 -1.5940 0.9725
Car -1 -1 1.1836 773.5219 200.9527 1098.0890 375.0000 1.4442 1.6045 3.9767 3.0200 1.8262 7.7849 1.5394 0.9706
Car -1 -1 1.8462 273.5366 186.8407 479.6483 324.8619 1.4915 1.6486 4.0899 -3.0814 1.7307 10.2639 1.5606 0.9451
Car -1 -1 2.3399 0.0000 177.7906 262.7810 375.0000 1.4841 1.6043 3.8648 -3.1824 1.5178 2.9334 1.5583 0.7810
Car -1 -1 1.6629 549.7579 179.7985 580.9617 206.0960 1.5428 1.5896 4.2029 -2.8069 2.0023 45.5751 1.6012 0.6551
Car -1 -1 -1.6674 659.2968 185.3634 701.6522 220.5117 1.4640 1.5810 3.5648 3.1419 2.0693 33.1058 -1.5744 0.5360
