Pedestrian -1 -1 -1.3890 331.8871 136.5279 422.9697 323.5119 1.7116 0.7344 0.6142 -2.2752 1.3794 6.9521 -1.6952 0.6613
Pedestrian -1 -1 1.4799 445.6649 185.2978 489.7020 284.3105 1.7531 0.7261 0.8714 -2.7096 1.9940 13.4241 1.2834 0.4057
Pedestrian -1 -1 1.2716 927.1656 174.0094 959.0007 229.8776 1.6603 0.6342 0.9079 10.0771 1.6966 21.9508 1.6963 0.3371
Pedestrian -1 -1 -0.1367 1052.1088 157.6650 1075.3669 193.3561 1.8921 0.5275 0.9910 24.2888 1.0872 38.6905 0.4202 0.1646
Pedestrian -1 -1 -1.1689 185.0522 166.3522 200.9575 202.6646 1.8997 0.5683 0.5184 -22.0172 1.5599 38.0364 -1.6908 0.1450
Pedestrian -1 -1 -0.4253 835.9597 154.1266 853.3385 191.5337 1.9713 0.6168 0.6841 12.4386 0.9848 38.3673 -0.1142 0.1112
Cyclist -1 -1 1.4170 802.1250 165.7237 814.3369 194.6436 1.7749 0.4670 1.7639 12.3740 1.3376 45.1824 1.6824 0.1150
Car -1 -1 2.0755 121.2700 192.1012 367.9745 311.6966 1.5017 1.7230 4.2499 -5.7437 1.8785 11.9332 1.6349 0.9416
Car -1 -1 -0.2454 259.1566 169.8925 342.2522 199.1910 1.4735 1.6015 3.7539 -16.3226 1.3249 38.0564 -0.6482 0.1616
Car -1 -1 1.5842 1195.4099 149.6459 1232.7854 179.4160 1.8183 1.7727 4.1234 38.6704 0.4011 46.2099 2.2779 0.1323
Car -1 -1 -1.3391 451.4789 190.9792 557.3282 276.2156 1.4778 1.5020 2.8325 -2.0918 1.8825 14.6149 -1.4798 0.1026
