Pedestrian -1 -1 -1.4407 398.2162 170.9764 424.2852 223.5317 1.7199 0.7644 0.5905 -6.6382 1.6588 23.9550 -1.7087 0.3022
Pedestrian -1 -1 3.4913 305.6611 169.2541 322.2437 195.7992 1.8967 0.4458 1.0099 -21.2778 1.6398 51.7943 3.1031 0.1452
Car -1 -1 -1.5422 567.5173 182.2474 621.7195 229.2605 1.3850 1.6485 3.3916 -0.5028 1.7152 23.6346 -1.5640 0.9530
Car -1 -1 -1.4684 508.2003 179.4807 552.9880 214.6890 1.4680 1.6534 3.5390 -3.5646 1.7834 32.5247 -1.5772 0.9439
Car -1 -1 2.0674 78.3701 191.9141 225.5449 253.7549 1.4021 1.5730 4.1907 -12.4075 1.9823 19.8104 1.5136 0.8718
Car -1 -1 1.8804 389.2809 172.7005 428.0175 196.1469 1.7020 1.6170 4.1866 -15.1801 1.6912 54.4980 1.6097 0.3623
Car -1 -1 2.0081 166.1273 187.7362 254.1081 225.3430 1.3687 1.6045 4.0897 -16.5445 2.0312 30.0049 1.5077 0.2130
Car -1 -1 -0.9089 752.9115 180.7073 799.2657 202.0545 1.6480 1.6576 3.8840 13.5643 2.3103 58.9462 -0.6844 0.2091
Car -1 -1 -1.7554 841.2100 151.8585 887.2576 183.5909 1.6128 1.6600 3.6744 13.5066 0.5460 38.6087 -1.4214 0.1855
Car -1 -1 1.5136 212.5598 180.5911 251.6842 212.4452 1.5846 1.6481 4.2132 -20.6070 2.0293 39.2048 1.0322 0.1527
