Car -1 -1 -1.8313 730.4609 186.0026 904.5960 304.1969 1.3938 1.5266 3.5163 2.8041 1.6208 10.6658 -1.5821 0.9650
Car -1 -1 -0.3544 799.6722 170.1554 1024.5570 246.0699 1.5626 1.6450 4.2104 6.3985 1.5074 15.7242 0.0249 0.9322
Car -1 -1 -2.8088 304.3245 179.0533 459.8858 235.5481 1.5184 1.5993 3.8935 -6.4242 1.7018 20.4390 -3.1102 0.9119
Car -1 -1 0.6635 0.0000 181.3661 334.6550 337.9198 1.5927 1.6672 4.2862 -5.7352 1.7047 8.4524 0.0815 0.9089
Car -1 -1 0.5083 136.4877 172.5469 415.6172 274.7898 1.7141 1.6904 4.3430 -6.0003 1.7093 13.1232 0.0865 0.8914
Car -1 -1 -1.6633 636.6829 177.9651 668.4786 203.8884 1.4993 1.5878 3.9587 2.5523 1.8294 44.5274 -1.6070 0.8826
Car -1 -1 0.5933 65.7453 176.9605 348.5868 290.0793 1.5229 1.4917 3.4199 -5.9090 1.5893 10.6874 0.0983 0.8724
Car -1 -1 -2.7135 185.3232 178.7859 393.2457 248.3060 1.4250 1.5193 3.8600 -6.9334 1.5611 15.7175 -3.1231 0.8248
Car -1 -1 3.4514 250.5078 180.6918 445.1900 241.5395 1.4092 1.5862 4.2288 -6.3968 1.6122 17.7877 3.1105 0.8120
Car -1 -1 -0.2199 721.6301 177.3335 846.0649 223.1187 1.5806 1.6846 4.0727 6.1312 1.7473 25.9348 0.0090 0.8087
Car -1 -1 0.1837 460.4950 177.6796 532.2612 206.6992 1.5156 1.6019 3.5820 -6.1116 1.7813 38.8155 0.0281 0.7594
Car -1 -1 3.8367 0.0000 221.6335 203.3346 375.0000 1.4337 1.6038 4.1636 -5.9846 1.9026 5.9870 3.0737 0.7523
Car -1 -1 3.3356 346.5452 178.3698 476.3463 225.5994 1.5552 1.6929 4.0806 -6.8294 1.7541 24.9760 3.0709 0.7347
Car -1 -1 2.8603 700.5923 179.1411 800.6844 217.2181 1.4558 1.5922 3.6278 5.5415 1.7161 28.8656 3.0475 0.7231
