Pedestrian -1 -1 -0.4422 994.1390 143.1654 1095.3248 290.2989 1.8813 0.5545 1.0039 5.6731 1.5020 9.5395 0.0801 0.1400
Pedestrian -1 -1 1.0793 619.6493 158.6235 648.8950 215.6414 1.8220 0.6399 0.8241 0.7427 1.3676 23.5647 1.1098 0.1397
Pedestrian -1 -1 1.8335 820.8785 175.5354 854.7949 247.2217 1.8364 0.6717 0.8074 5.9689 1.9095 19.0409 2.1320 0.1181
Pedestrian -1 -1 -2.7705 632.5778 185.8257 656.0952 224.5936 1.6533 0.6047 0.8668 1.4613 2.2285 31.5222 -2.7254 0.1145
Pedestrian -1 -1 1.3840 776.1959 153.4143 804.4345 214.2250 1.8956 0.7120 0.9012 5.6830 1.2900 22.9580 1.6232 0.1043
Car -1 -1 -0.8533 711.0815 191.6852 839.7226 252.8689 1.4599 1.5516 3.4930 4.5494 2.0228 19.8931 -0.6327 0.9423
Car -1 -1 -1.6705 570.0514 159.1119 637.1375 225.3335 2.1240 1.8849 4.7653 -0.3766 1.6836 25.6148 -1.6858 0.6820
Car -1 -1 1.3970 632.6512 152.5783 677.2086 187.0972 1.6460 1.6520 3.4272 2.1670 0.6795 36.2006 1.4561 0.1711
Car -1 -1 -2.1817 607.8373 160.8449 660.7614 185.9220 1.5335 1.5925 3.6039 1.4804 0.7995 46.0647 -2.1500 0.1691
Car -1 -1 -1.5136 470.9739 158.4511 507.4791 194.6891 2.1350 1.9673 4.9133 -7.5098 1.2868 45.0550 -1.6781 0.1648
Car -1 -1 2.2530 498.2901 162.5948 543.7387 183.0212 1.6880 1.6878 4.0494 -7.6026 0.8406 61.7873 2.1309 0.1481
Car -1 -1 -1.4836 1023.4501 149.3288 1184.6608 301.1575 1.7812 1.6408 3.8378 7.2281 1.5056 10.4715 -0.8932 0.1166
