Car -1 -1 -1.7530 703.9775 186.3623 823.5446 270.6996 1.5059 1.7101 4.4372 3.1373 1.8442 15.8203 -1.5619 0.9766
Car -1 -1 -1.8533 733.5369 191.2195 962.1739 341.4011 1.4501 1.6055 4.2566 2.7834 1.7498 9.6232 -1.5813 0.9502
Car -1 -1 1.9038 247.6424 206.3095 456.0291 341.6557 1.4303 1.5994 3.9411 -3.5587 2.0135 10.5846 1.5859 0.9402
Car -1 -1 2.0888 0.0000 212.3346 324.0308 375.0000 1.5328 1.5767 3.6101 -3.4518 1.9087 5.0106 1.5093 0.9335
Car -1 -1 1.7553 441.9277 192.2138 523.4009 253.3050 1.4940 1.6097 3.9819 -3.6267 2.1094 20.9142 1.5849 0.9251
Car -1 -1 -1.7204 685.3256 188.1241 760.6157 248.5342 1.5545 1.6280 3.7687 3.2070 2.0479 21.4059 -1.5747 0.9196
Car -1 -1 1.7820 382.2998 198.5573 486.3311 278.7626 1.4586 1.5232 3.5026 -3.8235 2.0926 16.0179 1.5505 0.8860
Car -1 -1 -2.1474 877.6286 188.2194 1242.0000 375.0000 1.4929 1.5760 3.6090 2.7021 1.6091 3.6136 -1.5446 0.8411
Car -1 -1 -3.4161 882.7484 166.6708 1006.4550 212.0522 1.7202 1.7045 4.1201 13.0767 1.4862 28.5005 -2.9902 0.7649
Car -1 -1 -1.6359 651.9387 189.0944 682.5333 217.2290 1.5197 1.5707 3.5214 3.3229 2.5230 42.7844 -1.5597 0.5929
