Pedestrian -1 -1 1.7110 683.5580 156.6598 740.7097 282.5198 1.6973 0.7001 0.8465 1.5379 1.3637 10.1884 1.8514 0.8429
Pedestrian -1 -1 1.8641 282.5151 159.9755 349.0261 289.4397 1.6561 0.6506 0.6931 -3.8310 1.3821 9.5590 1.4866 0.8044
Pedestrian -1 -1 -1.9415 612.0485 162.2225 677.2137 284.5969 1.6143 0.6282 0.8561 0.5411 1.3614 9.9793 -1.8944 0.7981
Pedestrian -1 -1 -1.8933 726.9448 161.9132 752.9708 223.0445 1.6717 0.4986 0.7390 3.8288 1.1372 20.0422 -1.7121 0.6385
Pedestrian -1 -1 -3.0158 703.1300 160.4999 736.3134 219.9870 1.8052 0.6006 0.9492 3.6350 1.1691 22.2165 -2.8606 0.4148
Pedestrian -1 -1 -1.6035 664.0463 164.5434 688.1150 223.7575 1.7478 0.6831 0.9652 2.2190 1.2484 21.7034 -1.5080 0.4105
Pedestrian -1 -1 -0.9097 172.1733 154.9821 202.7112 213.8501 1.8589 0.6921 0.4892 -13.2617 1.0226 22.9697 -1.4333 0.3811
Pedestrian -1 -1 -0.0415 606.1329 169.4820 622.5088 201.8342 1.8481 0.5492 0.9165 0.7387 1.1624 41.3205 -0.0288 0.3661
Pedestrian -1 -1 -1.6369 450.2308 171.1371 474.8529 225.4339 1.8025 0.7115 1.7231 -4.8259 1.4596 24.7683 -1.8326 0.3618
Pedestrian -1 -1 -1.6487 760.4301 144.6123 789.4760 220.1974 1.7517 0.6046 0.7615 4.0796 0.8980 17.0659 -1.4225 0.3479
Pedestrian -1 -1 2.2365 98.2665 168.3985 156.0753 266.8720 1.6841 0.5215 0.7132 -8.3882 1.4614 12.6601 1.6554 0.2998
Pedestrian -1 -1 0.3168 122.8663 173.8220 225.0716 251.0073 1.6840 0.6454 1.8729 -9.6338 1.5177 16.1875 -0.2183 0.1249
Pedestrian -1 -1 2.1468 262.0365 155.3614 319.1857 222.6755 1.7375 0.5729 1.7284 -8.4118 1.0640 19.4390 1.7383 0.1199
Cyclist -1 -1 1.6891 484.4481 166.1051 511.2299 231.3601 1.7560 0.5554 1.7222 -2.9272 1.3429 20.1965 1.5417 0.9023
Cyclist -1 -1 1.7047 501.6396 164.2921 537.5524 247.1300 1.7978 0.5833 1.9071 -1.8973 1.4256 16.5455 1.5869 0.8871
Cyclist -1 -1 1.8947 396.8268 161.8558 470.2734 285.8858 1.7245 0.5752 1.6934 -2.5399 1.4527 10.8552 1.6645 0.8375
Cyclist -1 -1 -1.7118 448.3726 172.4872 476.2614 225.2618 1.7517 0.6975 1.7380 -4.8363 1.4537 24.7764 -1.9078 0.5116
Cyclist -1 -1 0.3168 122.8663 173.8220 225.0716 251.0073 1.6840 0.6454 1.8729 -9.6338 1.5177 16.1875 -0.2183 0.4537
Cyclist -1 -1 -1.6619 657.7767 166.4061 687.5676 240.8765 1.6873 0.5329 1.7357 1.6474 1.3465 17.1416 -1.5728 0.3359
Cyclist -1 -1 -0.4184 50.8206 159.1895 152.7589 244.3472 1.7856 0.5106 1.8096 -11.0973 1.3190 15.9646 -1.0234 0.3166
Cyclist -1 -1 2.1299 259.8474 157.0593 315.0502 224.5463 1.7359 0.5317 1.7263 -8.4670 1.1084 19.3676 1.7176 0.2953
Cyclist -1 -1 -1.3440 0.0000 171.2980 30.5690 232.8703 1.6764 0.4287 1.7686 -16.7826 1.3998 20.4433 -2.0302 0.2796
Cyclist -1 -1 -3.1588 658.6882 164.0660 693.5131 223.4141 1.7629 0.6393 1.0293 2.2184 1.2462 21.6946 -3.0633 0.1543
Cyclist -1 -1 -3.0392 703.4867 160.5376 737.4987 220.4900 1.8218 0.5841 0.9885 3.6618 1.1859 22.2340 -2.8830 0.1241
Car -1 -1 -1.4317 505.4559 172.2274 541.8203 198.6497 1.5607 1.6727 4.3976 -4.7757 1.0138 44.6506 -1.5426 0.3700
