Pedestrian -1 -1 3.3880 60.5930 182.0198 100.0981 243.9310 1.8020 0.7246 0.8003 -15.9114 2.0833 21.6276 2.7594 0.7336
Pedestrian -1 -1 -1.0881 671.9221 161.9000 708.9843 226.9409 1.7147 0.6299 0.9591 2.1428 1.4263 19.5930 -0.9815 0.4550
Pedestrian -1 -1 2.2099 1083.9908 132.0612 1143.4453 233.2838 1.8802 0.6427 0.7046 9.5900 1.1228 13.8189 2.8064 0.2909
Pedestrian -1 -1 0.8674 683.7812 162.1665 733.4506 224.1163 1.6966 0.5514 1.5084 2.7438 1.4043 20.5410 0.9976 0.1995
Pedestrian -1 -1 -1.6322 662.7644 172.2903 686.2845 230.7685 1.6639 0.5748 1.8440 1.8571 1.6482 21.4557 -1.5478 0.1106
Cyclist -1 -1 -1.6322 662.7644 172.2903 686.2845 230.7685 1.6639 0.5748 1.8440 1.8571 1.6482 21.4557 -1.5478 0.7658
Cyclist -1 -1 -2.6444 678.9644 161.5689 754.2469 234.4244 1.7327 0.6019 1.7763 2.5853 1.4647 17.9278 -2.5043 0.4824
Cyclist -1 -1 0.9938 684.8003 161.9783 732.6725 224.9636 1.7175 0.5515 1.6132 2.7407 1.4213 20.5189 1.1241 0.3501
Cyclist -1 -1 -1.1525 671.9869 161.8185 709.1594 227.7498 1.7350 0.6439 1.0295 2.1475 1.4449 19.5913 -1.0457 0.1761
Car -1 -1 -1.3507 348.3589 179.3204 508.4287 297.8106 1.6003 1.6789 4.0404 -2.8464 1.7263 11.9911 -1.5798 0.9568
Car -1 -1 2.1079 70.4368 196.0571 220.8740 262.9200 1.4951 1.6174 3.9034 -12.3730 2.1849 19.4680 1.5476 0.9342
Car -1 -1 -1.5457 588.9712 177.5064 615.5905 202.4423 1.5243 1.6329 3.8790 -0.4962 1.8389 46.7819 -1.5568 0.7144
Car -1 -1 1.6751 467.2730 180.7749 492.1703 201.3110 1.5456 1.5749 3.7977 -10.4201 2.2015 57.7588 1.4970 0.4351
Car -1 -1 2.1174 64.8510 166.1537 144.0678 196.8503 1.7901 1.8104 4.6989 -31.0641 1.3998 44.4752 1.5103 0.2981
Car -1 -1 -0.9644 63.5296 162.9114 148.3173 194.4724 1.5187 1.6578 3.7841 -25.5040 1.0406 36.6092 -1.5696 0.2947
