Car -1 -1 -1.9233 634.8340 196.4368 814.3013 313.4223 1.4244 1.5712 3.7430 1.5819 1.8689 11.5869 -1.7925 0.9740
Car -1 -1 -1.7020 527.8822 188.2343 588.3350 234.2239 1.4591 1.6756 4.0961 -2.0280 2.0713 26.5222 -1.7783 0.9598
Car -1 -1 1.9021 13.5331 210.8869 239.0847 348.3265 1.4382 1.5577 3.7172 -6.8740 2.1040 10.6352 1.3392 0.9281
Car -1 -1 -2.9197 721.1680 174.3682 831.6265 218.4840 1.5606 1.6945 3.7826 6.2283 1.6214 27.2077 -2.6976 0.8981
Car -1 -1 2.0159 0.0000 221.3218 142.6417 375.0000 1.4407 1.5928 3.9676 -5.5869 1.9917 6.0681 1.2934 0.8580
Car -1 -1 1.7076 347.3248 191.5486 389.3065 223.1188 1.5573 1.6999 3.8064 -13.3813 2.6471 40.0168 1.3864 0.8449
Car -1 -1 -2.3700 867.6010 76.1887 1242.0000 375.0000 1.7946 1.6253 3.8061 3.2694 1.4813 4.3606 -1.7592 0.8215
Car -1 -1 -1.6836 516.2867 185.4389 562.7659 223.4986 1.5098 1.6098 3.9811 -3.2364 2.1076 32.1352 -1.7838 0.8035
Car -1 -1 -1.7539 571.9097 184.1784 610.6240 212.6596 1.4726 1.5569 3.5297 -1.1335 2.1413 40.6947 -1.7822 0.4730
Car -1 -1 -2.8804 657.5340 178.8161 752.4138 214.9389 1.5715 1.6787 4.0671 4.3638 1.8611 33.4472 -2.7524 0.4430
