Pedestrian -1 -1 0.4942 48.3250 190.6314 94.8097 253.2486 1.6580 0.7315 0.7635 -14.7777 2.1554 19.7544 -0.1418 0.5237
Pedestrian -1 -1 1.4219 866.8760 164.4183 890.8552 218.7365 1.7691 0.6218 0.8528 8.8826 1.4947 23.9776 1.7722 0.4090
Pedestrian -1 -1 -0.6546 899.6618 149.0431 942.7712 220.2259 1.8341 0.5826 0.8661 8.1342 1.2209 18.9798 -0.2557 0.2730
Pedestrian -1 -1 2.8294 734.1462 170.6936 747.9075 194.7199 1.8545 0.4740 0.9506 10.1406 1.6881 55.9895 3.0073 0.2549
Pedestrian -1 -1 -1.6189 786.9335 150.9591 800.3761 187.6760 1.9518 0.6657 0.6740 9.8238 0.7883 38.7494 -1.3726 0.2309
Cyclist -1 -1 3.3585 122.1508 189.1366 191.7894 246.1942 1.7826 0.6415 1.8248 -14.7679 2.3268 23.4921 2.8021 0.6649
Car -1 -1 -1.6354 590.0686 174.8535 625.3704 205.2483 1.6348 1.7269 4.4650 -0.2184 1.7562 41.3948 -1.6411 0.7771
Car -1 -1 -1.2250 264.3128 187.3100 394.9718 257.2720 1.4185 1.6358 4.0905 -6.6765 1.8114 17.5328 -1.5844 0.3204
Car -1 -1 2.1042 196.2821 188.8675 292.5129 231.0683 1.4843 1.6327 3.9908 -14.5971 2.1732 28.9768 1.6409 0.1854
Car -1 -1 3.7511 0.0000 189.6138 119.6894 245.8885 1.4585 1.5234 3.2489 -15.8285 1.9442 20.0467 3.0891 0.1494
Car -1 -1 -1.1433 121.2460 191.8901 314.0324 286.5274 1.3613 1.6189 3.6997 -6.8837 1.7552 13.0246 -1.6215 0.1476
