Pedestrian -1 -1 1.5715 796.8098 133.1559 853.5880 282.7625 1.7642 0.6459 0.9301 2.7459 1.1955 9.0049 1.8540 0.8361
Pedestrian -1 -1 -1.6251 549.0503 169.1339 571.6462 225.9016 1.7585 0.6606 0.8827 -1.3330 1.3766 22.7267 -1.6883 0.7474
Pedestrian -1 -1 2.2863 566.7416 167.7081 642.0350 288.2401 1.7612 0.7166 0.9517 0.0086 1.5610 11.0883 2.2813 0.7400
Pedestrian -1 -1 -1.6716 522.6711 169.2612 545.1133 218.8678 1.6603 0.6796 0.8069 -2.3333 1.2518 24.5024 -1.7707 0.7280
Pedestrian -1 -1 1.9069 392.9606 153.3301 463.8723 292.6534 1.8627 0.6893 0.9818 -2.4615 1.4874 10.1232 1.6684 0.6437
Pedestrian -1 -1 -2.0366 901.5524 133.1649 1009.5121 306.1532 1.6920 0.6533 0.9158 3.6124 1.2206 7.4928 -1.6064 0.6196
Pedestrian -1 -1 -0.8527 832.6835 153.2539 875.7181 235.0042 1.7021 0.6522 0.5744 5.3713 1.1152 15.3800 -0.5272 0.6102
Pedestrian -1 -1 0.9327 129.0320 161.4899 209.2754 308.4505 1.6999 0.5311 0.6814 -5.2673 1.4698 8.6825 0.3949 0.5638
Pedestrian -1 -1 -2.9649 627.6094 163.3863 647.7057 203.5379 1.7553 0.5977 0.7986 1.5921 0.9644 31.7808 -2.9202 0.4690
Pedestrian -1 -1 2.8791 446.5941 186.7730 481.4799 255.6970 1.6192 0.5948 0.6953 -3.3577 1.7509 17.3569 2.6852 0.4635
Pedestrian -1 -1 1.2252 569.0748 172.0732 594.8841 223.3973 1.6564 0.5710 0.9131 -0.6732 1.3533 23.7109 1.1919 0.4593
Pedestrian -1 -1 1.6436 470.5998 170.2170 489.8591 218.6906 1.7728 0.6585 0.7144 -4.5139 1.3612 26.6559 1.4723 0.4237
Pedestrian -1 -1 -1.6912 574.9752 166.3820 592.7939 210.1428 1.8381 0.6791 0.6620 -0.7651 1.2041 30.5481 -1.7211 0.4233
Pedestrian -1 -1 -2.6249 615.3159 171.2338 629.4280 200.0921 1.7853 0.5942 0.6771 1.3141 1.1509 44.8654 -2.6008 0.3782
Pedestrian -1 -1 -3.0196 576.7010 166.8897 604.7262 221.3342 1.6902 0.5721 0.8226 -0.3598 1.2377 22.6237 -3.0405 0.3667
Pedestrian -1 -1 2.1903 706.2926 153.3964 739.0011 211.2288 1.7871 0.6569 0.8409 3.8099 0.9198 22.7245 2.3495 0.3583
Pedestrian -1 -1 0.3654 565.0610 170.5938 582.3609 203.8617 1.7239 0.6467 0.7250 -1.4555 1.1596 37.6419 0.3219 0.3542
Pedestrian -1 -1 -1.6463 442.8775 174.4855 470.2695 243.5203 1.7532 0.6426 0.7083 -3.8027 1.5762 18.6686 -1.8499 0.3471
Pedestrian -1 -1 -1.2073 687.0490 159.7001 707.8849 205.6396 1.7915 0.6253 0.6661 3.7878 0.9424 28.4517 -1.0812 0.3446
Pedestrian -1 -1 -1.2869 656.5218 166.8432 678.4999 214.9038 1.7682 0.6337 0.7703 2.4577 1.2300 26.8990 -1.2018 0.3391
Pedestrian -1 -1 0.7173 946.0722 122.9661 1064.0746 297.8519 1.7833 0.7217 0.8624 4.3441 1.1878 7.8543 1.2031 0.3305
Pedestrian -1 -1 0.2885 324.6661 185.5856 383.5858 286.7317 1.6662 0.6109 0.8057 -4.2229 1.7386 12.1796 -0.0445 0.3290
Cyclist -1 -1 1.7090 471.3336 169.7038 518.5642 272.7756 1.6481 0.5813 1.7093 -1.8435 1.4608 12.3416 1.5582 0.8461
Cyclist -1 -1 0.9349 731.8364 156.7497 898.8387 363.8232 1.6898 0.5153 1.7805 1.8853 1.4892 6.7816 1.1902 0.4551
Cyclist -1 -1 -1.2921 456.6227 185.8217 487.3353 240.8172 1.5856 0.4780 1.6784 -3.9221 1.7224 21.7009 -1.4742 0.3753
Cyclist -1 -1 0.9699 0.0000 151.4578 108.9981 291.2712 1.7512 0.5921 1.8408 -7.5674 1.3762 9.5557 0.3079 0.3404
Cyclist -1 -1 1.2830 570.4899 173.8308 594.6143 224.2823 1.6343 0.5735 0.8560 -0.6552 1.3870 23.7635 1.2505 0.1216
Cyclist -1 -1 -1.6299 549.7544 168.5745 572.1504 225.0149 1.7514 0.6510 0.8933 -1.3164 1.3514 22.7713 -1.6923 0.1083
Car -1 -1 1.2362 741.0309 175.0611 846.9628 232.2794 1.4121 1.5716 3.8633 5.1191 1.2544 19.7197 1.4817 0.4050
