Pedestrian -1 -1 1.7449 833.4004 139.5523 856.3511 191.8310 1.8721 0.6631 0.8561 8.5443 0.6799 26.3687 2.0549 0.3009
Pedestrian -1 -1 -1.5337 1121.1254 129.2275 1146.2375 186.0603 1.9281 0.6820 0.7088 18.0782 0.4484 24.9655 -0.9124 0.2587
Car -1 -1 1.8865 286.8205 167.7121 376.2338 224.2864 1.8834 1.7632 4.3009 -10.0238 1.7126 26.2072 1.5242 0.8720
Car -1 -1 -1.5049 528.3064 178.1682 563.2661 208.2740 1.5264 1.6301 4.2394 -3.4970 1.8332 39.4716 -1.5932 0.8173
Car -1 -1 -1.5538 581.6999 174.4527 607.4843 198.5747 1.4940 1.6065 3.9932 -1.0016 1.6028 46.9519 -1.5754 0.6734
Car -1 -1 1.7262 440.6120 179.5992 473.0598 203.0107 1.5778 1.6739 4.0537 -10.9958 2.0825 51.8834 1.5180 0.6327
Car -1 -1 1.9664 191.2582 173.4300 265.2447 209.8941 1.4926 1.5486 3.6696 -16.6038 1.5196 31.4868 1.4844 0.3321
Car -1 -1 1.6492 681.7817 171.9977 702.9771 191.5327 1.6766 1.5756 3.8436 7.3076 1.6035 63.9614 1.7621 0.2794
Car -1 -1 -1.1760 201.1773 187.5503 353.1345 266.6170 1.4076 1.6024 3.7303 -6.9696 1.7606 15.4266 -1.5944 0.2593
Car -1 -1 1.0130 684.3501 161.8609 725.8333 184.9667 1.7923 1.6824 3.5305 7.5731 0.9399 57.9204 1.1421 0.2456
