Car -1 -1 -1.8895 797.5579 191.7236 1050.0497 344.2208 1.4190 1.6141 4.1080 3.6324 1.7175 9.3129 -1.5295 0.9728
Car -1 -1 -1.7752 742.2896 186.2689 871.9182 277.7434 1.5483 1.6857 4.2891 3.8592 1.8685 15.0260 -1.5296 0.9591
Car -1 -1 1.7860 454.5416 188.4064 527.5895 244.8662 1.7166 1.6987 3.9028 -4.0744 2.2995 25.0290 1.6255 0.9511
Car -1 -1 1.7461 494.6023 185.5862 550.3457 230.6536 1.6881 1.6292 4.1140 -3.6408 2.2604 30.3096 1.6268 0.8574
Car -1 -1 -3.0884 1059.9213 178.0229 1242.0000 263.6713 1.4831 1.6213 3.5370 11.1688 1.5997 14.4636 -2.4412 0.7870
Car -1 -1 -1.6550 692.0961 182.8980 725.9930 211.8384 1.6000 1.6790 3.8469 5.8525 2.2292 43.2120 -1.5219 0.7162
Car -1 -1 0.3409 199.0755 193.7338 318.5363 233.6726 1.5357 1.6582 4.1327 -14.5008 2.4311 29.8821 -0.1078 0.6098
Car -1 -1 1.7395 536.5088 184.9861 576.0142 215.6647 1.5308 1.5283 3.9228 -2.9357 2.2316 39.6276 1.6654 0.4780
Car -1 -1 1.0715 742.5789 177.6434 788.6144 200.9256 1.7614 1.7045 4.3941 12.4026 2.1617 57.8999 1.2810 0.4340
Car -1 -1 -1.9956 831.2017 159.0033 916.3543 216.0176 1.8552 1.5461 3.2999 9.0700 1.4049 25.1840 -1.6541 0.3996
