Pedestrian -1 -1 1.4181 538.1892 155.2401 568.9627 223.5623 1.7968 0.6926 0.9159 -1.3330 1.1074 19.4129 1.3453 0.8214
Pedestrian -1 -1 2.6028 566.5335 156.2328 614.0095 236.1804 1.7334 0.6546 0.8453 -0.2879 1.1868 16.0743 2.5799 0.7678
Pedestrian -1 -1 -1.0070 1043.7384 140.1739 1169.6351 320.4424 1.6036 0.6187 0.8824 4.7617 1.2374 6.8506 -0.4227 0.7564
Pedestrian -1 -1 1.4535 812.9167 141.2824 860.0771 252.3704 1.7714 0.6387 0.8222 3.8419 1.1314 11.9140 1.7538 0.7259
Pedestrian -1 -1 1.3052 615.7816 160.6765 636.3580 208.1394 1.7643 0.5803 0.8110 0.9067 0.9913 27.1625 1.3332 0.6687
Pedestrian -1 -1 1.7501 714.4344 150.8616 743.9838 220.7171 1.7358 0.6327 0.6939 3.2236 0.9757 18.2810 1.9170 0.6485
Pedestrian -1 -1 1.5594 568.7875 158.1395 585.6060 204.2353 1.8166 0.6571 0.8766 -0.9933 0.8970 28.7602 1.5202 0.6475
Pedestrian -1 -1 2.5098 467.5446 154.9845 517.1309 234.5619 1.7853 0.6843 0.9100 -2.5659 1.1917 16.6773 2.3542 0.6442
Pedestrian -1 -1 1.5031 368.1370 165.3182 442.2550 322.8633 1.6814 0.7574 0.7660 -2.2874 1.5100 8.1508 1.2317 0.6008
Pedestrian -1 -1 1.4504 602.4665 161.5963 620.0388 205.5181 1.7121 0.6056 0.7384 0.3657 0.9373 28.4003 1.4581 0.5063
Pedestrian -1 -1 1.1153 422.8453 180.9884 486.7930 280.1280 1.6527 0.8307 0.7866 -2.6036 1.6455 12.5381 0.9089 0.4559
Pedestrian -1 -1 -1.7118 348.7572 173.9231 379.2313 246.2119 1.6177 0.5752 0.6617 -5.4931 1.4494 16.4969 -2.0339 0.3618
Pedestrian -1 -1 1.7079 500.5470 179.2428 527.8180 243.3193 1.6065 0.5975 0.7773 -2.2608 1.5511 18.3993 1.5819 0.3484
Pedestrian -1 -1 1.3248 591.2343 158.0182 610.2195 204.2367 1.7263 0.5611 0.7055 -0.0505 0.8503 27.2402 1.3180 0.2781
Pedestrian -1 -1 1.8587 530.7446 160.5576 551.5052 202.9338 1.7517 0.5306 1.3145 -2.5585 0.8870 30.3882 1.7704 0.1590
Cyclist -1 -1 -1.4884 127.7900 157.7225 158.5215 236.9112 1.6744 0.4326 1.8087 -10.2819 1.1729 16.0871 -2.0548 0.5092
Cyclist -1 -1 -1.9163 703.9143 167.0941 771.1837 258.1241 1.5734 0.6137 1.8573 2.4554 1.3257 13.3813 -1.7437 0.3118
Cyclist -1 -1 1.8587 530.7446 160.5576 551.5052 202.9338 1.7517 0.5306 1.3145 -2.5585 0.8870 30.3882 1.7704 0.2876
Cyclist -1 -1 0.1571 257.2888 185.7628 377.6717 286.7747 1.4516 0.5595 1.6176 -4.2791 1.5197 10.8060 -0.2175 0.2827
Cyclist -1 -1 2.7463 566.2490 156.1398 615.9075 237.4932 1.7662 0.6395 0.9352 -0.2717 1.2169 16.0747 2.7243 0.1695
Cyclist -1 -1 2.2112 465.6949 155.5425 515.4496 234.2332 1.7583 0.6758 1.0052 -2.5956 1.1795 16.6500 2.0537 0.1228
Cyclist -1 -1 1.0581 423.0461 180.2716 488.5092 281.7518 1.6910 0.8456 0.7784 -2.5851 1.6718 12.5382 0.8531 0.1057
