Pedestrian -1 -1 -2.6268 551.6562 155.0725 570.1339 197.4816 2.0319 0.6902 0.6381 -2.4195 1.1803 35.0159 -2.6957 0.5233
Pedestrian -1 -1 1.7841 1003.5231 149.3223 1078.2297 297.8507 1.7095 0.6538 0.7278 5.1995 1.4390 8.7909 2.3029 0.4615
Pedestrian -1 -1 2.1996 1074.2109 143.9789 1169.1674 295.0403 1.7000 0.6472 0.6748 5.9885 1.3754 8.5364 2.7947 0.3710
Pedestrian -1 -1 -2.9359 540.1384 147.5870 559.7689 192.2327 1.9796 0.5941 0.7723 -2.7276 0.8596 32.3317 -3.0197 0.2991
Pedestrian -1 -1 -0.7437 1125.0717 133.4176 1200.6371 250.4067 1.7539 0.5690 0.7364 8.4692 1.1630 11.1364 -0.1064 0.2595
Pedestrian -1 -1 -0.9339 900.7448 154.2545 981.3732 289.5117 1.6874 0.6314 0.7705 4.2850 1.4557 9.4642 -0.5212 0.2325
Pedestrian -1 -1 -1.9107 866.5662 140.6927 927.0983 257.7306 1.7048 0.6056 0.8152 4.2724 1.2367 10.9221 -1.5476 0.1906
Pedestrian -1 -1 -2.0308 1044.4310 129.8610 1070.0619 183.2168 1.9609 0.6541 0.4994 16.5603 0.3812 26.7918 -1.4820 0.1848
Pedestrian -1 -1 1.9838 538.0953 162.9125 568.9810 211.6833 1.6912 0.5363 1.5271 -2.0517 1.3468 25.8262 1.9048 0.1804
Pedestrian -1 -1 -1.9625 907.3250 142.1028 925.7634 179.0987 1.9468 0.6733 0.7267 16.2448 0.3290 38.3308 -1.5643 0.1774
Pedestrian -1 -1 2.3098 0.0000 166.8276 264.3695 375.0000 1.6650 0.7219 1.3127 -2.6401 1.6393 3.8318 1.7373 0.1742
Pedestrian -1 -1 -2.4578 826.1005 134.0101 881.3137 218.8336 1.8204 0.6848 0.9435 5.3686 0.9871 16.0641 -2.1411 0.1695
Cyclist -1 -1 -1.2580 538.9030 163.3665 566.6860 212.9035 1.7101 0.5290 1.5819 -2.0711 1.3829 25.7360 -1.3381 0.3244
Cyclist -1 -1 2.2434 0.0000 141.7101 297.4857 375.0000 1.7737 0.5891 1.6177 -2.4844 1.6414 3.9133 1.7067 0.1891
Car -1 -1 1.4981 616.7302 163.1913 648.5541 192.7811 1.6873 1.6086 3.9480 1.2779 1.1367 43.1494 1.5271 0.8100
Car -1 -1 -1.2646 428.7126 151.1942 557.5170 239.0380 1.8076 1.7485 4.3948 -2.6464 1.3623 17.1508 -1.4161 0.2802
Car -1 -1 -1.4818 724.7636 160.1603 748.7912 180.3037 1.6566 1.6699 4.0460 10.8143 0.6130 61.5077 -1.3087 0.1711
