Pedestrian -1 -1 -1.2835 873.5998 168.2936 903.6024 220.1965 1.6768 0.7120 0.8728 9.1753 1.5298 23.8701 -0.9212 0.6739
Pedestrian -1 -1 1.0775 722.4737 177.2491 743.1558 214.1802 1.7737 0.6783 0.8403 5.9628 1.9920 35.2780 1.2430 0.5824
Pedestrian -1 -1 -3.6423 1170.9601 202.7725 1237.2759 295.2871 1.6658 0.5956 0.7700 11.1174 2.2444 13.5817 -2.9680 0.5201
Cyclist -1 -1 2.5123 867.9584 166.1903 907.6410 219.3327 1.7243 0.6885 1.0147 9.1425 1.5084 23.8749 2.8734 0.1954
Car -1 -1 2.1385 34.6635 192.3510 191.9848 254.4665 1.4729 1.7133 4.1035 -13.9198 2.0827 20.4782 1.5473 0.9314
Car -1 -1 1.8854 344.8596 181.8755 396.0465 209.9828 1.5380 1.6829 4.1423 -14.1987 2.1006 42.8853 1.5672 0.8586
Car -1 -1 2.0778 15.2125 190.9245 148.1748 249.3616 1.5936 1.6014 4.1599 -16.8112 2.2282 23.1665 1.4553 0.5412
Car -1 -1 2.2284 0.0000 183.8671 57.6994 226.2694 1.3342 1.5091 3.2265 -21.2785 1.7442 25.1944 1.5321 0.4338
Car -1 -1 1.5006 952.6304 182.3575 984.1088 207.1778 1.7375 1.8099 4.5107 27.1384 2.4916 54.7973 1.9577 0.3292
Car -1 -1 -0.1737 950.6855 180.2991 1178.7473 255.2902 1.5129 1.6538 4.1341 10.0282 1.6978 16.3687 0.3673 0.2949
