Pedestrian -1 -1 -1.1454 685.6364 181.6895 732.9708 280.3075 1.6545 0.5818 0.7030 1.8411 1.6592 12.5032 -1.0080 0.8328
Pedestrian -1 -1 1.2538 744.8505 168.8944 832.3516 324.0362 1.7303 0.7320 0.9383 2.1433 1.5911 8.5072 1.4874 0.8075
Pedestrian -1 -1 2.2400 321.9775 175.3580 403.6863 307.6008 1.6870 0.6871 0.8143 -3.2405 1.6100 9.6610 1.9185 0.7684
Pedestrian -1 -1 1.7592 235.0288 176.2028 301.1434 308.3465 1.7311 0.6864 0.8047 -4.6101 1.6630 9.8808 1.3268 0.6840
Pedestrian -1 -1 1.1627 790.8428 168.1466 825.1116 244.5797 1.7220 0.4847 0.7790 4.7299 1.4223 16.6004 1.4308 0.6801
Pedestrian -1 -1 -1.4252 741.8072 172.8641 772.6251 250.7127 1.6602 0.5756 0.6685 3.3795 1.4773 15.7295 -1.2225 0.6107
Pedestrian -1 -1 0.8056 704.5495 179.0905 767.1732 292.6586 1.6770 0.6262 0.7166 2.0245 1.6428 11.0771 0.9764 0.5678
Pedestrian -1 -1 1.6937 909.4335 168.3253 975.4540 316.2642 1.7129 0.6635 0.6796 4.1264 1.5617 8.7771 2.1161 0.5563
Pedestrian -1 -1 -1.6192 638.1214 176.6968 670.1201 250.7985 1.8107 0.7403 1.1155 1.2828 1.6945 18.1139 -1.5551 0.5448
Pedestrian -1 -1 1.7875 774.7689 174.5665 822.4321 269.3216 1.7143 0.7159 0.8126 3.6777 1.5902 13.5183 2.0427 0.5341
Pedestrian -1 -1 -2.3884 666.0336 181.2700 691.3025 225.1818 1.6691 0.5960 0.7724 2.9670 1.6614 27.7883 -2.2883 0.5161
Pedestrian -1 -1 -2.5583 142.0655 142.9035 189.1262 210.6654 1.8681 0.5486 0.9873 -12.2151 0.8052 20.0935 -3.1037 0.4801
Pedestrian -1 -1 2.8888 678.8524 192.0395 703.0115 233.5422 1.7477 0.6988 0.8791 3.8252 2.2074 30.8579 3.0057 0.4457
Pedestrian -1 -1 0.0177 731.3186 170.5837 814.6284 310.2130 1.7601 0.6002 1.0347 2.2076 1.6238 9.4647 0.2349 0.3829
Pedestrian -1 -1 -2.7269 396.2837 179.9214 472.5574 289.9913 1.7990 0.7770 1.0404 -2.8672 1.7745 12.2144 -2.9586 0.3454
Cyclist -1 -1 -1.3702 154.7766 190.3796 192.5927 266.9368 1.6945 0.4381 1.7064 -10.1235 1.9165 16.9781 -1.9067 0.4367
Cyclist -1 -1 -1.6157 638.7225 177.2415 670.1011 250.2479 1.7827 0.7233 1.2546 1.2933 1.6799 18.1727 -1.5512 0.2456
Cyclist -1 -1 1.5943 243.7674 175.0858 296.2660 308.8936 1.7443 0.6302 0.9615 -4.6098 1.6621 9.9280 1.1636 0.1088
Car -1 -1 1.6835 548.2316 185.4485 595.5033 224.3525 1.5423 1.6092 4.0585 -1.2249 1.7249 30.9744 1.6390 0.9625
Car -1 -1 -3.1618 654.5482 167.2536 721.9186 193.0247 1.5633 1.5923 4.0758 5.3579 0.6998 44.5552 -3.0478 0.3402
