Pedestrian -1 -1 0.6763 342.7370 158.9786 440.8793 305.0117 1.7341 0.7115 0.9474 -2.7238 1.4802 8.9006 0.3910 0.8112
Pedestrian -1 -1 -1.5621 840.6933 176.2660 870.5999 246.1500 1.7081 0.6934 0.7570 6.2550 1.6062 17.7502 -1.2273 0.1847
Pedestrian -1 -1 -0.1685 807.8105 180.8531 863.4366 270.8397 1.7432 0.6090 0.9589 4.5317 1.7520 14.0620 0.1382 0.1379
Pedestrian -1 -1 1.4417 774.4608 132.5019 819.3246 241.2484 1.8341 0.6495 0.8260 3.3002 1.0262 12.3712 1.6981 0.1214
Pedestrian -1 -1 1.9030 653.9880 171.4926 709.6095 268.1009 1.7304 0.8115 0.8224 1.3993 1.5707 13.2035 2.0077 0.1107
Cyclist -1 -1 -1.5592 851.9241 131.7189 890.9424 237.2878 1.6956 0.5916 1.7781 4.5857 0.9138 12.2877 -1.2083 0.1276
Cyclist -1 -1 0.6479 341.3867 157.9928 442.3086 306.8572 1.7702 0.6926 1.0038 -2.7244 1.5042 8.9044 0.3626 0.1151
Car -1 -1 0.9273 0.0000 184.5430 126.2389 227.6422 1.4592 1.5990 4.2028 -19.6881 1.6144 25.5310 0.2781 0.1501
Car -1 -1 -0.8330 1133.5654 148.2316 1224.0000 370.0000 1.5352 1.5998 4.0502 6.0945 1.3653 4.6636 0.0538 0.1219
Car -1 -1 -3.1016 594.0965 171.9365 698.2944 210.9622 1.5168 1.6533 4.0756 1.6554 1.1855 28.5007 -3.0425 0.1120
