Pedestrian -1 -1 -1.6246 264.4007 155.8706 280.6472 197.2298 1.9592 0.6656 0.8227 -16.2706 1.1551 34.6968 -2.0603 0.4377
Car -1 -1 2.0610 92.1658 198.1438 319.0204 318.2511 1.4817 1.5682 3.6292 -6.2047 1.9483 11.4815 1.5747 0.9680
Car -1 -1 -1.7346 684.0591 179.0393 774.7045 244.7877 1.4391 1.5849 3.8941 2.8273 1.6116 18.1153 -1.5831 0.9662
Car -1 -1 2.5871 903.4905 145.0468 1178.5126 238.1588 1.7033 1.6769 4.4153 8.2358 1.1950 14.1127 3.1060 0.9492
Car -1 -1 -0.6283 974.9893 150.6885 1242.0000 262.5899 1.5662 1.6621 4.4148 8.1068 1.2563 10.9347 -0.0035 0.9377
Car -1 -1 -1.3016 364.5266 186.4906 454.7369 246.7782 1.6376 1.6616 4.1559 -6.1983 2.1048 22.6188 -1.5667 0.9210
Car -1 -1 2.7438 819.4715 157.7539 1004.8467 223.5740 1.7601 1.7370 4.4618 8.3011 1.3567 20.1905 3.1283 0.8851
Car -1 -1 1.7866 453.1349 181.5157 506.3947 219.1194 1.5955 1.6083 4.0475 -6.0331 2.0240 33.6115 1.6098 0.7389
Car -1 -1 -0.6741 1154.9896 137.5024 1242.0000 180.8436 1.5198 1.6097 4.0198 22.3534 0.2805 26.1587 0.0276 0.5220
Car -1 -1 1.7158 475.5282 182.6395 515.8507 213.7242 1.5494 1.5938 4.0905 -6.2064 2.1107 39.3088 1.5598 0.4690
