Pedestrian -1 -1 3.0462 495.8909 172.5503 514.3310 206.4795 1.8474 0.5325 0.9563 -5.8028 1.8313 39.6571 2.9014 0.3095
Cyclist -1 -1 -1.6637 517.5851 174.0120 531.8819 206.9981 1.8468 0.6468 1.8188 -4.9377 1.9152 41.4192 -1.7821 0.6324
Car -1 -1 -1.7639 686.6876 163.7766 804.6985 246.9796 1.6323 1.7548 4.3593 2.8496 1.4546 16.3529 -1.5953 0.9201
Car -1 -1 -1.7456 573.5269 178.3177 605.6882 200.7785 1.4479 1.5910 3.5980 -1.4607 1.8367 49.3697 -1.7755 0.8943
Car -1 -1 -1.6164 459.5988 182.2037 497.8245 216.7932 1.4413 1.5528 3.5365 -6.0831 1.8937 32.9854 -1.7979 0.8713
Car -1 -1 -1.7775 634.7054 174.7510 685.6656 212.1450 1.4788 1.4714 3.3773 2.0241 1.5640 30.4870 -1.7124 0.8493
Car -1 -1 -1.7576 609.0951 173.3657 650.8329 203.9836 1.5039 1.5209 3.5259 0.9501 1.5321 37.3639 -1.7329 0.7270
Car -1 -1 1.3916 672.2285 175.7941 749.6333 231.3042 1.4801 1.5823 3.8239 2.8456 1.5756 21.3919 1.5213 0.6688
Car -1 -1 -2.3755 0.0000 0.0000 1242.0000 375.0000 1.5696 1.6135 3.9098 2.7223 1.5222 1.4635 -1.3792 0.5384
Car -1 -1 -1.8191 547.5612 177.4561 578.2147 197.1836 1.5483 1.6291 3.8474 -3.9537 1.9425 59.6774 -1.8853 0.5259
