Pedestrian -1 -1 1.9175 291.9532 131.9921 336.1773 204.6616 1.9425 0.7752 1.1672 -8.1852 0.8506 19.8826 1.5314 0.2093
Pedestrian -1 -1 -0.5868 355.5385 166.0170 393.1546 233.8042 1.8353 0.7019 0.7262 -6.5901 1.6505 20.0348 -0.9011 0.1775
Pedestrian -1 -1 -3.6529 1020.1642 152.2173 1132.7672 242.2350 1.7311 0.5832 1.8142 9.1103 1.3346 14.2089 -3.0925 0.1203
Cyclist -1 -1 -3.6529 1020.1642 152.2173 1132.7672 242.2350 1.7311 0.5832 1.8142 9.1103 1.3346 14.2089 -3.0925 0.3943
Cyclist -1 -1 2.0460 476.4148 175.3111 497.4791 204.5635 1.6562 0.5432 1.5768 -7.1577 1.8019 41.8237 1.8771 0.2426
Cyclist -1 -1 1.5338 1166.1152 120.9158 1242.0000 336.1727 1.6759 0.6065 1.7844 5.3790 1.2719 6.5141 2.2018 0.1754
Car -1 -1 1.9603 137.4918 192.7976 439.6525 365.0026 1.5191 1.7654 4.5071 -3.6660 1.8354 9.1567 1.5885 0.9738
Car -1 -1 1.7972 385.1352 176.3951 492.2683 259.0093 1.7413 1.6325 3.9793 -4.0252 1.8367 17.3666 1.5720 0.9610
Car -1 -1 1.5684 512.7417 172.6902 548.1613 207.2537 1.5451 1.5783 3.7513 -3.8154 1.5381 34.2047 1.4577 0.6688
Car -1 -1 1.5950 638.5250 162.3112 659.6546 185.1140 1.8810 1.7061 4.2596 3.3511 1.0117 61.7069 1.6487 0.3293
Car -1 -1 1.1803 621.8022 172.9827 665.0653 198.3989 1.7815 1.6675 4.2453 2.3712 1.7917 52.8746 1.2244 0.2345
Car -1 -1 1.5938 559.3183 169.8533 579.9973 189.9428 1.6615 1.6753 4.1217 -3.4455 1.4137 61.7600 1.5380 0.2194
Car -1 -1 1.8332 483.5717 185.8726 529.3303 214.9772 1.5098 1.6269 3.9390 -5.9055 2.2927 41.3167 1.6916 0.1858
