Pedestrian -1 -1 1.8230 751.4855 175.3198 777.1168 231.7201 1.6786 0.5814 0.8238 4.6661 1.7559 22.0136 2.0284 0.3763
Pedestrian -1 -1 -2.8593 803.7563 166.5043 846.6692 235.5007 1.7800 0.5857 0.9670 5.6547 1.6166 19.1181 -2.5767 0.3720
Pedestrian -1 -1 -1.4815 724.2863 156.8347 736.8710 189.2643 1.9434 0.6984 0.6329 7.2606 0.9838 43.6314 -1.3179 0.3053
Cyclist -1 -1 -1.4636 683.7769 183.3502 698.0168 218.6968 1.6833 0.5287 1.6890 3.9796 2.2168 35.7639 -1.3544 0.3125
Car -1 -1 -1.7626 570.3683 178.0598 669.3715 252.8635 1.5938 1.6995 3.7633 0.0766 1.7360 17.6576 -1.7594 0.9739
Car -1 -1 1.7998 5.2106 133.5810 335.8143 375.0000 1.9508 1.7480 4.6299 -4.1694 1.6670 7.6773 1.3160 0.9640
Car -1 -1 -1.4696 352.8612 180.3542 411.7551 229.2403 1.5823 1.6471 3.6285 -8.1354 1.8720 25.8894 -1.7717 0.9030
Car -1 -1 -1.7430 548.3833 177.8576 615.3337 230.7540 1.5837 1.5995 3.6328 -1.0524 1.7634 23.9139 -1.7872 0.8629
Car -1 -1 -1.7122 527.8525 181.3715 582.8375 225.8642 1.5718 1.6148 3.8101 -2.2507 1.9303 28.3022 -1.7915 0.8274
Car -1 -1 -1.5871 509.5628 177.2925 538.6671 205.5639 1.5124 1.5759 3.8317 -4.9758 1.7788 41.2319 -1.7069 0.7594
Car -1 -1 -1.6315 485.1128 176.1865 505.4508 194.3646 1.5882 1.6243 3.2692 -10.4474 1.8990 65.4570 -1.7894 0.3855
