Pedestrian -1 -1 -2.3802 334.8036 170.4015 360.2071 216.8851 1.7035 0.6051 0.6508 -9.8087 1.6139 26.8469 -2.7277 0.3146
Pedestrian -1 -1 2.0373 150.2493 147.0056 205.9643 231.8270 1.9170 0.6939 1.1020 -10.1315 1.3332 16.8775 1.5034 0.3064
Pedestrian -1 -1 -1.7082 825.6431 172.0684 848.8272 229.2052 1.7069 0.5574 0.8546 6.8813 1.6838 22.0186 -1.4098 0.2517
Pedestrian -1 -1 -1.7228 280.7116 178.3695 304.5497 231.2236 1.6376 0.5822 0.7911 -10.1422 1.8171 22.9445 -2.1351 0.1805
Pedestrian -1 -1 -3.0713 829.2750 135.4034 878.2369 207.7775 1.8596 0.5923 1.1890 6.3853 0.8977 19.0360 -2.7526 0.1478
Pedestrian -1 -1 -1.2780 1148.1798 166.4702 1242.0000 349.8918 1.5572 0.6709 0.7101 5.4057 1.5034 6.6017 -0.6142 0.1388
Pedestrian -1 -1 -0.1741 1094.8567 116.8578 1198.0830 274.0697 1.7787 0.6065 0.8886 6.3270 1.1455 8.6250 0.4424 0.1334
Pedestrian -1 -1 -0.7055 1076.2550 143.2525 1160.7776 264.5303 1.7724 0.5657 0.8891 7.5971 1.3402 10.8717 -0.1087 0.1267
Cyclist -1 -1 1.8382 420.3321 163.3968 435.6826 193.1043 1.7725 0.4936 1.6235 -11.0891 1.2086 43.8647 1.5917 0.2944
Cyclist -1 -1 2.0373 150.2493 147.0056 205.9643 231.8270 1.9170 0.6939 1.1020 -10.1315 1.3332 16.8775 1.5034 0.1167
Car -1 -1 1.6554 561.9666 177.4460 591.4789 201.8404 1.4960 1.5994 3.8700 -2.1577 1.8077 46.9495 1.6093 0.4880
Car -1 -1 3.1911 244.1502 176.3316 332.2485 205.5039 1.5499 1.6277 4.4108 -17.8942 1.7518 40.2527 2.7749 0.1189
Car -1 -1 1.5940 621.4145 176.7420 641.2752 196.9492 1.6368 1.5979 3.9635 1.8159 1.9780 61.2393 1.6230 0.1042
