Pedestrian -1 -1 3.1651 109.8377 126.3260 238.9315 374.0000 1.6789 0.5701 0.6321 -2.6058 1.3781 4.3340 2.6432 0.6101
Pedestrian -1 -1 -1.2481 255.0881 170.3041 282.3620 226.6183 1.7780 0.6100 0.6858 -10.6974 1.4256 23.0523 -1.6834 0.4116
Pedestrian -1 -1 -3.7097 1134.1123 74.9728 1238.0000 276.7382 1.8309 0.6563 0.7134 5.6432 0.8656 6.8765 -3.0461 0.3652
Pedestrian -1 -1 -1.8241 755.5626 157.8055 771.8591 199.3644 1.8858 0.6053 0.5514 7.4136 0.8116 32.8806 -1.6090 0.2496
Pedestrian -1 -1 -1.5213 183.2979 156.9956 207.1738 217.9174 1.7797 0.5801 0.9135 -12.1903 1.0650 21.5207 -2.0365 0.2050
Pedestrian -1 -1 -1.0159 51.5478 165.9031 88.9491 225.7816 1.9173 0.6807 0.7641 -17.3262 1.4190 23.4076 -1.6529 0.1686
Pedestrian -1 -1 0.3040 635.3586 156.2515 687.7892 204.9274 1.7178 0.6185 1.7860 2.1506 0.8278 25.9676 0.3808 0.1058
Cyclist -1 -1 0.3162 634.3326 156.0869 689.6085 204.2383 1.6963 0.6853 1.8723 2.1659 0.8021 25.9786 0.3936 0.6223
Cyclist -1 -1 -1.4249 248.4148 156.5112 275.4502 213.4891 1.7424 0.6262 1.0348 -10.6749 0.9793 22.5501 -1.8676 0.1290
Car -1 -1 -0.4443 594.2174 189.3387 865.8171 308.2080 1.4481 1.5121 3.4555 1.7220 1.5731 10.1209 -0.2858 0.9500
Car -1 -1 -0.8161 1042.0747 148.7164 1167.1929 201.3159 1.7173 1.5650 3.4802 17.1684 0.6481 24.5887 -0.2165 0.1610
