Pedestrian -1 -1 1.6499 413.1131 168.1384 432.4943 214.4341 1.8778 0.7196 0.6706 -7.5083 1.3779 29.0652 1.4015 0.4670
Pedestrian -1 -1 1.1966 788.5471 115.8878 857.4144 252.5193 1.8198 0.5586 1.0879 3.0053 0.9609 9.9788 1.4827 0.3421
Pedestrian -1 -1 1.2249 624.0014 141.5023 647.0629 192.5915 1.9068 0.6294 0.8358 1.1303 0.4528 26.8775 1.2685 0.3157
Pedestrian -1 -1 1.0900 695.4073 139.4482 739.5811 228.1675 1.8604 0.6070 0.8763 2.3901 1.0012 15.3341 1.2435 0.2563
Pedestrian -1 -1 -0.0323 429.6875 179.2004 442.8906 206.8414 1.7646 0.5391 0.8107 -10.8608 1.6830 45.4996 -0.2635 0.2140
Pedestrian -1 -1 1.4837 777.0165 137.6381 821.4112 256.9399 1.7953 0.5914 0.8545 2.9912 1.1519 11.1061 1.7417 0.2066
Pedestrian -1 -1 3.1732 447.1787 169.3988 485.9922 244.5246 1.8268 0.6077 0.9265 -3.4662 1.5584 17.5609 2.9834 0.2042
Pedestrian -1 -1 0.1684 374.1994 158.3285 394.5538 195.4518 1.9217 0.5860 0.9295 -11.5374 0.7754 36.9461 -0.1299 0.1786
Cyclist -1 -1 1.2200 787.6626 124.5053 860.9429 261.3898 1.8095 0.5388 1.3731 3.0348 1.0709 10.0438 1.5069 0.3359
Car -1 -1 -1.6379 551.8721 163.4726 591.6005 201.4274 1.7268 1.6507 4.0740 -1.6832 0.9536 34.2816 -1.6847 0.8988
Car -1 -1 -1.4767 437.4105 174.5241 469.0403 200.3430 1.4978 1.5482 3.4353 -9.1548 1.1525 42.8076 -1.6842 0.3792
Car -1 -1 1.4215 536.6851 170.7867 577.3593 201.6232 1.6220 1.6480 4.2491 -2.7403 1.1125 39.4386 1.3545 0.3561
Car -1 -1 0.3450 402.8952 177.5801 448.7196 195.4518 1.5297 1.5441 3.5490 -15.5387 1.2810 61.4590 0.1003 0.2166
