Pedestrian -1 -1 2.3104 742.4743 131.6235 781.6426 211.4623 1.8008 0.5830 0.6790 3.4710 0.8712 16.7077 2.5114 0.4392
Car -1 -1 1.0591 816.4805 177.7129 1207.1613 375.0000 1.4445 1.5275 3.6329 3.3441 1.5043 6.9521 1.4900 0.9569
Car -1 -1 -1.7400 680.9077 172.8004 758.2108 229.6875 1.5278 1.6033 3.8086 3.0873 1.5267 21.3017 -1.5987 0.9534
Car -1 -1 -1.8823 725.2974 178.9861 900.0560 281.4818 1.4578 1.6413 4.2162 3.2611 1.5842 12.6758 -1.6371 0.9508
Car -1 -1 2.0766 152.4220 191.0782 380.8312 305.2699 1.5068 1.6347 4.2092 -5.6233 1.8746 12.3776 1.6576 0.9461
Car -1 -1 1.7763 425.2253 174.6604 490.4120 223.9139 1.7264 1.6422 3.9568 -5.7358 1.8003 27.4119 1.5715 0.9118
Car -1 -1 -1.7385 670.1220 173.9389 724.0691 219.3430 1.5734 1.4651 3.0991 3.1188 1.6162 26.6626 -1.6239 0.7677
Car -1 -1 1.7310 463.0038 180.6565 508.3593 215.1151 1.4404 1.5028 3.3494 -5.6045 1.8115 32.6003 1.5616 0.6928
Car -1 -1 2.0500 424.1471 176.4184 465.7209 198.1245 1.5446 1.5021 3.6811 -12.3260 1.8213 53.9595 1.8261 0.3678
Car -1 -1 -2.4166 252.2340 182.2993 331.0991 212.8918 1.4576 1.4476 3.5810 -16.0804 1.9504 36.3774 -2.8305 0.3658
