Car -1 -1 -0.5880 851.7631 178.4337 1242.0000 332.2726 1.4272 1.5511 3.5324 4.5444 1.4937 7.6531 -0.0698 0.9666
Car -1 -1 3.7231 0.0000 184.2832 225.1587 316.2088 1.4427 1.6208 3.9628 -7.2974 1.6016 9.0302 3.0577 0.9447
Car -1 -1 3.5423 59.3448 165.0117 304.9081 253.1111 1.6029 1.6189 3.8176 -8.2726 1.4606 14.1576 3.0213 0.9433
Car -1 -1 -1.8106 459.9831 177.6740 499.1013 203.3743 1.5647 1.6502 3.7304 -8.5180 1.8909 46.7306 -1.9903 0.8867
Car -1 -1 3.5812 0.0000 171.4621 246.9879 272.5555 1.4688 1.5392 3.7305 -8.1102 1.4489 11.5413 2.9793 0.8651
Car -1 -1 -0.4438 790.2861 183.5497 1117.5828 302.2959 1.4690 1.6131 3.7473 4.5152 1.6295 9.9398 -0.0295 0.8112
Car -1 -1 0.3573 143.5030 169.9181 350.6805 250.2001 1.7386 1.6385 3.9426 -8.2715 1.6754 16.6318 -0.0982 0.7202
Car -1 -1 3.3304 226.2387 163.0258 357.3973 219.8578 1.6967 1.6120 3.5338 -9.9557 1.4036 22.7110 2.9213 0.6392
Car -1 -1 0.8307 1049.5676 178.3378 1129.2917 208.0795 1.6439 1.7061 3.9459 28.2600 1.9849 42.7298 1.4114 0.5393
Car -1 -1 -1.5646 1182.3079 181.5557 1238.9380 224.9058 1.4367 1.5149 3.4336 21.9454 1.7778 26.4400 -0.8778 0.4996
