Pedestrian -1 -1 -2.3773 1203.0691 138.3096 1242.0000 216.8444 1.8802 0.6744 0.8020 15.1833 1.0536 17.7063 -1.6768 0.3553
Pedestrian -1 -1 -1.7537 880.2491 156.6337 926.1772 249.2782 1.8174 0.5829 1.6112 6.0183 1.4996 14.9980 -1.3795 0.2825
Pedestrian -1 -1 0.3581 1017.9714 134.1124 1074.3628 233.6150 1.8240 0.6284 0.7486 8.2358 1.1142 13.7126 0.8893 0.1911
Pedestrian -1 -1 1.3101 925.2227 175.5437 944.2637 213.3150 1.6701 0.5634 0.9025 14.5640 1.7933 32.4599 1.7279 0.1319
Pedestrian -1 -1 -1.7160 1170.2290 181.6680 1197.9316 234.4707 1.6894 0.6232 0.6171 18.7620 1.9838 23.6457 -1.0519 0.1148
Pedestrian -1 -1 -1.2743 932.6942 147.4383 954.9512 195.3495 1.9275 0.6515 0.7034 13.6103 0.9053 29.5039 -0.8460 0.1131
Cyclist -1 -1 -1.8870 875.8574 155.3111 930.2548 248.3296 1.8311 0.5578 1.6148 6.0211 1.4861 15.0229 -1.5133 0.7130
Car -1 -1 -0.4328 913.4245 167.6309 1020.6598 201.0874 1.4825 1.5783 4.0853 16.1309 1.2515 32.8010 0.0204 0.2104
Car -1 -1 2.6909 900.8727 167.1071 1022.4803 206.6965 1.6103 1.6602 4.2795 14.6027 1.3769 30.1847 3.1373 0.2015
Car -1 -1 1.9286 408.6332 178.4947 444.0007 198.9731 1.6460 1.6032 4.0130 -15.5619 2.1413 61.2222 1.6804 0.1964
Car -1 -1 -1.1007 128.8104 180.6852 290.2885 251.9592 1.4247 1.6267 4.0109 -9.1973 1.6303 16.8877 -1.5931 0.1328
