Pedestrian -1 -1 1.5908 1095.5308 120.6253 1162.6029 275.6160 1.7755 0.6359 0.8516 6.2953 1.0367 8.7625 2.1985 0.4276
Pedestrian -1 -1 -2.4679 1130.0746 52.9743 1241.0000 376.0000 1.7178 0.6563 0.6327 3.1631 1.1158 3.6550 -1.7914 0.2477
Car -1 -1 -1.3529 413.7162 167.9798 498.5573 224.2391 1.6490 1.7551 4.4345 -4.8263 1.1450 23.2975 -1.5552 0.9652
Car -1 -1 -1.1688 35.9546 98.4748 398.3777 345.2052 2.0884 1.8083 4.8078 -4.0674 1.3553 8.5120 -1.6025 0.9003
Car -1 -1 -1.4199 481.3032 177.6522 524.5777 210.5752 1.5408 1.5763 3.6853 -5.1518 1.1880 35.4873 -1.5633 0.8266
Car -1 -1 -1.6010 574.7006 174.3270 617.5396 213.9206 1.4797 1.5914 2.9694 -0.5402 1.0739 28.3839 -1.6202 0.8162
Car -1 -1 -1.5440 389.8939 174.9404 426.8302 208.5704 1.4623 1.5412 3.8154 -9.2165 1.0166 33.2903 -1.8123 0.4912
Car -1 -1 1.2505 535.7656 181.2859 570.4965 202.2757 1.5982 1.5947 3.8708 -4.3693 1.3001 56.8231 1.1737 0.2765
Car -1 -1 -1.3010 357.5181 170.2383 396.5706 195.7528 1.6938 1.5953 3.8613 -15.9132 0.7007 49.6792 -1.6097 0.2311
Car -1 -1 -1.5068 512.6758 157.9140 549.3804 197.0011 2.4189 2.0513 5.4748 -4.9968 0.7305 47.2606 -1.6119 0.2025
