Pedestrian -1 -1 0.8412 549.9816 158.8923 563.5190 190.7464 1.9748 0.5417 0.6616 -3.3652 1.1096 45.1541 0.7669 0.5153
Pedestrian -1 -1 1.6178 400.9404 179.5269 430.5869 264.6925 1.7588 0.5462 1.8905 -4.3470 1.9166 16.0341 1.3565 0.1428
Cyclist -1 -1 1.6959 436.7971 177.0113 468.8149 253.3022 1.8100 0.5572 1.8872 -3.9898 1.9207 18.1854 1.4822 0.9166
Cyclist -1 -1 1.6290 400.4664 179.3984 430.7818 263.8647 1.7400 0.5383 1.8815 -4.3374 1.8943 15.9882 1.3675 0.8776
Car -1 -1 -1.8644 678.5031 181.5133 813.3831 280.3999 1.5369 1.5101 3.2025 2.2943 1.7158 13.1902 -1.6972 0.9573
Car -1 -1 -1.4313 296.4457 193.3688 395.9755 270.5028 1.3746 1.5285 3.6625 -5.7075 1.8808 15.8391 -1.7725 0.9526
Car -1 -1 -1.7521 562.7385 183.2761 611.4590 220.7338 1.5120 1.5494 3.4656 -1.1081 2.0017 32.0162 -1.7871 0.9098
Car -1 -1 0.9708 868.1528 188.1268 1242.0000 375.0000 1.5027 1.5415 3.5728 2.9293 1.6318 4.2700 1.5393 0.8793
Car -1 -1 -1.7972 616.0503 176.9697 704.1734 234.5357 1.4333 1.6269 3.7854 1.2533 1.5606 20.2502 -1.7370 0.8059
Car -1 -1 -1.6356 543.6154 181.6505 574.0804 209.9001 1.5356 1.5507 3.3752 -3.0523 2.0710 42.1039 -1.7081 0.7341
Car -1 -1 -0.3848 645.3560 172.6365 733.5313 207.1086 1.4803 1.5447 3.5966 3.4923 1.4714 32.2189 -0.2783 0.7174
Car -1 -1 1.6457 336.9475 187.2133 407.8099 246.3354 1.4455 1.6240 4.1963 -6.8383 1.9072 20.9515 1.3334 0.6426
Car -1 -1 -1.6774 524.6516 179.1251 549.0952 199.4719 1.5396 1.5622 3.6457 -5.9040 2.0587 57.7382 -1.7792 0.4410
