Pedestrian -1 -1 -1.3002 842.5181 161.4923 883.9518 243.3431 1.6971 0.6751 0.7153 5.3736 1.4619 15.4431 -0.9719 0.7734
Pedestrian -1 -1 -2.4351 0.0000 174.7670 31.3529 248.5804 1.7772 0.5783 0.8063 -14.8644 1.8252 17.6802 -3.1269 0.4417
Pedestrian -1 -1 -1.1630 730.8959 164.0562 748.0705 199.7990 1.8403 0.6705 0.6728 6.7144 1.3877 37.6122 -0.9881 0.2750
Pedestrian -1 -1 -3.3309 1199.2668 130.5887 1242.0000 258.9971 1.6956 0.5011 0.6221 8.4827 1.1379 9.8949 -2.6370 0.2680
Pedestrian -1 -1 -2.0394 1117.6298 125.9030 1153.0175 186.2759 1.9119 0.6336 0.7851 16.8974 0.4254 23.2834 -1.4174 0.2175
Cyclist -1 -1 -1.7752 1194.9370 118.8182 1242.0000 246.5414 1.7561 0.4103 1.7103 9.1522 1.0135 10.7696 -1.0842 0.7180
Car -1 -1 2.1557 19.6773 196.0162 213.4331 272.4622 1.4106 1.5834 4.2487 -11.2042 2.0161 16.7248 1.5725 0.9053
Car -1 -1 1.5469 600.3008 176.2085 626.8867 201.1299 1.4966 1.5866 3.6918 0.1620 1.7181 45.6920 1.5500 0.6881
Car -1 -1 -1.0985 131.1473 186.9669 340.0023 281.8980 1.4184 1.6775 4.2229 -6.7725 1.7251 13.5340 -1.5551 0.3060
Car -1 -1 1.5978 511.5219 180.3856 529.0573 197.1969 1.5003 1.5425 3.7790 -8.4616 2.2319 68.0977 1.4743 0.2045
Car -1 -1 -1.9373 417.9569 180.8114 450.2119 199.5178 1.5882 1.5598 3.8072 -15.8876 2.3274 64.9768 -2.1765 0.1937
