Pedestrian -1 -1 2.1099 348.7051 139.1869 436.1422 297.2328 1.8506 0.6359 0.9670 -2.7434 1.4567 8.9931 1.8210 0.1748
Pedestrian -1 -1 -0.4415 189.9438 158.1311 205.9159 195.5119 1.8839 0.7178 0.4432 -21.0264 1.1423 36.7486 -0.9582 0.1572
Pedestrian -1 -1 1.8415 193.7799 152.1675 212.1208 198.9489 1.9914 0.5873 0.4489 -17.5275 1.1112 31.0005 1.3305 0.1235
Pedestrian -1 -1 0.8600 943.5494 142.3383 965.6487 187.4243 1.9007 0.6303 0.5712 14.6550 0.6146 30.7747 1.3007 0.1188
Cyclist -1 -1 1.5274 323.4968 163.0767 335.4916 199.4870 1.7365 0.4895 1.2849 -13.6877 1.2706 35.0966 1.1578 0.1419
Car -1 -1 -0.2938 859.0419 183.2228 1147.4828 273.5412 1.4026 1.5925 4.1366 6.5955 1.6008 12.6154 0.1776 0.9788
Car -1 -1 -2.2216 329.1684 177.8574 390.7026 202.5134 1.5136 1.5882 4.1448 -16.2846 1.8513 46.8350 -2.5548 0.1673
Car -1 -1 2.2932 375.0852 170.6996 424.8728 194.1839 1.8906 1.7130 4.0980 -17.5255 1.7176 60.3043 2.0113 0.1391
Car -1 -1 1.7352 239.8857 170.9743 268.9750 191.4363 1.7569 1.6774 4.0350 -31.5780 1.5959 64.1237 1.2790 0.1364
Car -1 -1 -1.0430 25.6087 174.9973 89.1868 200.4542 1.6720 1.6732 4.0418 -38.1169 1.8267 49.8497 -1.6934 0.1166
