Car -1 -1 -0.2127 761.5928 179.3184 901.1943 234.0589 1.5551 1.6905 3.7334 6.5205 1.7588 21.7096 0.0746 0.9728
Car -1 -1 -1.7362 680.8699 182.3257 785.4404 257.3953 1.4695 1.6526 4.3251 2.6695 1.7195 16.8418 -1.5826 0.9625
Car -1 -1 0.5366 0.0000 181.8088 336.6134 316.8524 1.4587 1.6926 4.5880 -6.0286 1.5810 8.8700 -0.0468 0.9480
Car -1 -1 0.4790 121.3763 175.4485 387.5874 259.3209 1.4572 1.5734 4.2057 -6.5444 1.5090 13.4428 0.0333 0.8891
Car -1 -1 0.2461 290.6670 181.2195 474.0054 242.6626 1.4441 1.6441 4.1163 -5.6546 1.6656 18.1380 -0.0525 0.8568
Car -1 -1 3.4592 158.2299 168.3080 368.7984 239.2657 1.4450 1.5071 3.8428 -7.4328 1.3528 15.6676 3.0225 0.8490
Car -1 -1 3.6062 0.0000 175.3265 292.0223 272.5218 1.3773 1.4805 3.6190 -7.1084 1.4190 11.1703 3.0499 0.8248
Car -1 -1 -0.1527 670.2548 175.6121 736.6632 202.0733 1.6359 1.7155 3.9530 5.8514 1.8145 45.7048 -0.0267 0.7881
Car -1 -1 3.1695 451.4124 163.9912 531.6364 193.7324 1.6198 1.6593 4.3456 -6.6307 1.1375 40.4074 3.0076 0.6897
Car -1 -1 -2.9076 396.9126 177.0074 500.7740 214.2666 1.4183 1.5504 3.7391 -6.3435 1.5871 28.4487 -3.1255 0.5870
Car -1 -1 3.2843 411.2768 178.1920 516.1977 214.1787 1.4765 1.6575 4.1993 -6.2214 1.7119 30.8244 3.0863 0.5256
