Pedestrian -1 -1 0.6339 999.7342 119.9370 1056.2563 213.6742 1.7760 0.5489 0.7856 8.1314 0.7737 14.1386 1.1469 0.5570
Pedestrian -1 -1 -0.0923 491.4524 164.2114 504.5089 192.9844 1.9069 0.5948 0.8103 -7.5160 1.3344 48.2026 -0.2465 0.3467
Cyclist -1 -1 -0.7887 376.9595 183.7110 406.5795 214.7882 1.7445 0.6057 1.7346 -12.7384 2.3912 42.0437 -1.0816 0.4235
Car -1 -1 1.8025 384.4996 187.3734 500.2664 259.4429 1.4432 1.7404 4.4394 -3.9555 1.8422 17.5757 1.5836 0.9668
Car -1 -1 2.8751 737.8155 170.1737 846.8962 208.6487 1.5838 1.7209 4.1771 7.6348 1.4738 30.6109 3.1168 0.9277
Car -1 -1 -1.6521 631.1093 177.6148 668.2138 208.2488 1.4903 1.6242 3.6170 1.9787 1.7502 37.5006 -1.6003 0.9031
Car -1 -1 1.9586 220.9324 198.6677 370.9824 278.7204 1.4200 1.6273 4.0479 -6.8634 2.0704 16.1368 1.5618 0.8911
Car -1 -1 1.7224 470.4987 187.5002 524.8306 230.1445 1.4096 1.4850 3.4420 -4.1442 1.9881 26.7530 1.5695 0.8545
Car -1 -1 2.8797 731.4930 152.8640 825.4418 187.1761 1.5667 1.5928 4.0089 7.8092 0.6543 33.8130 3.1046 0.5944
Car -1 -1 -2.4816 0.0000 168.3571 124.4066 212.9764 1.7851 1.7335 3.8586 -22.5777 1.6056 29.7607 -3.1264 0.3212
