Pedestrian -1 -1 0.1396 185.4979 174.1063 246.9692 259.8578 1.7708 0.6398 1.0672 -8.3144 1.6404 15.0804 -0.3538 0.5901
Pedestrian -1 -1 1.3134 531.2551 101.3264 602.1912 256.8537 1.8779 0.6997 0.9032 -0.5561 0.9236 9.0700 1.2569 0.3765
Pedestrian -1 -1 2.8158 385.5876 185.1441 428.5462 276.0115 1.7066 0.5762 0.6556 -3.8919 1.8012 13.7392 2.5472 0.3667
Pedestrian -1 -1 2.1257 300.2368 166.7611 358.6270 264.7089 1.7408 0.6445 0.8620 -5.1150 1.4983 13.0458 1.7620 0.2526
Pedestrian -1 -1 1.8139 61.6329 161.2748 84.8477 204.2738 1.9010 0.6027 1.0241 -23.9609 1.0525 31.8419 1.1755 0.2471
Pedestrian -1 -1 -2.0615 176.9416 178.8241 197.5431 210.5185 1.7340 0.6012 0.9671 -23.1662 1.6437 39.1874 -2.5903 0.2088
Pedestrian -1 -1 -0.4520 558.0604 179.1992 709.7795 333.6260 1.6682 0.6689 1.6488 0.2918 1.6558 8.2723 -0.4165 0.1831
Cyclist -1 -1 2.9973 547.3251 179.6751 709.1000 328.9992 1.6648 0.5992 1.8252 0.2008 1.6572 8.2838 3.0222 0.3823
Cyclist -1 -1 0.0866 180.8961 173.0280 248.9059 260.5846 1.8017 0.6171 1.2171 -8.3326 1.6496 15.0694 -0.4080 0.2925
Car -1 -1 -0.1739 586.1353 135.4244 694.9050 175.6474 1.6909 1.7062 4.5536 1.5001 -0.2199 31.1182 -0.1240 0.4315
Car -1 -1 1.6317 172.8980 180.0246 209.8649 209.2521 1.6142 1.6103 3.7993 -24.0018 1.5894 41.1042 1.1082 0.1839
Car -1 -1 1.7735 176.1556 178.5312 217.4722 204.3953 1.7284 1.6778 4.2061 -28.5115 1.5981 49.5030 1.2553 0.1838
