Pedestrian -1 -1 -0.4142 806.2009 149.6294 842.8203 213.2988 1.8154 0.6248 0.8360 6.1711 1.1535 20.9346 -0.1318 0.3353
Pedestrian -1 -1 -0.5108 948.8051 157.6677 1001.0212 239.6653 1.7611 0.5629 0.8530 7.9314 1.4353 15.7976 -0.0535 0.2838
Pedestrian -1 -1 0.0209 484.6143 173.2081 491.9727 195.9736 1.7755 0.7023 0.5558 -9.5824 1.8038 56.6690 -0.1462 0.2175
Pedestrian -1 -1 -1.5448 63.1290 155.2251 85.1262 207.8053 1.8352 0.6121 0.4629 -19.0128 1.2202 25.5454 -2.1797 0.1388
Pedestrian -1 -1 3.2587 278.7478 169.1973 330.5936 245.1193 1.8507 0.5547 1.1340 -7.6555 1.7619 18.0088 2.8616 0.1299
Cyclist -1 -1 1.9363 487.9271 173.6531 505.8469 200.2723 1.7185 0.6192 1.6455 -7.4685 1.7724 47.5001 1.7808 0.2757
Car -1 -1 1.7799 413.5028 182.8412 509.8760 249.7607 1.4561 1.5906 3.9133 -3.6707 1.7363 18.2506 1.5835 0.9625
Car -1 -1 -0.8262 441.9319 167.2997 494.5210 191.1163 1.6472 1.6130 3.7280 -10.1862 1.2634 51.9113 -1.0192 0.1825
Car -1 -1 1.7840 704.5832 173.0051 732.4501 190.4500 1.5599 1.6623 4.4250 10.0803 1.5748 66.9206 1.9326 0.1806
Car -1 -1 -0.5211 673.2614 170.6327 737.9304 195.4133 1.7647 1.7340 4.4389 7.0006 1.6069 53.0287 -0.3909 0.1188
