Pedestrian -1 -1 -1.0124 1033.0177 169.8450 1087.1741 266.1487 1.6675 0.5757 0.6343 7.9868 1.6158 12.8908 -0.4686 0.1664
Pedestrian -1 -1 -1.4195 1043.7867 159.7245 1066.7852 207.7320 1.8063 0.6849 0.4819 16.9605 1.3127 27.5505 -0.8728 0.1646
Pedestrian -1 -1 -1.7453 1175.5387 114.1298 1219.4105 204.5896 1.9098 0.5948 0.8528 12.7576 0.6704 15.7471 -1.0733 0.1469
Pedestrian -1 -1 1.1160 727.9122 177.9206 747.3169 214.2746 1.6895 0.5696 0.8907 6.0019 1.9335 34.1791 1.2877 0.1414
Pedestrian -1 -1 1.6581 472.5052 153.5855 489.0907 193.0539 1.8762 0.7257 0.7143 -6.2456 0.9606 34.6852 1.4810 0.1096
Cyclist -1 -1 2.2442 181.5806 185.2286 210.3324 213.7331 1.6630 0.5168 1.7780 -25.1562 2.4304 43.8075 1.7253 0.4375
Cyclist -1 -1 -2.4158 941.6744 161.8745 999.2495 210.9494 1.6749 0.4967 1.9961 12.7335 1.3005 25.6405 -1.9598 0.1480
Car -1 -1 -1.5887 586.2918 182.3669 617.8784 212.0443 1.5452 1.7081 4.3695 -0.5318 2.1179 41.1932 -1.6021 0.7923
Car -1 -1 1.9765 161.3610 178.9355 221.5922 207.3277 1.6538 1.7089 4.2702 -26.1575 2.0539 45.1971 1.4542 0.1852
Car -1 -1 1.8225 397.9435 177.2677 462.5375 218.1861 1.4263 1.4998 3.6958 -6.7888 1.6057 27.4042 1.5814 0.1626
Car -1 -1 0.2727 693.6569 168.6274 766.4780 195.8342 1.5116 1.6175 3.8529 6.8899 1.2772 41.6322 0.4352 0.1207
