Pedestrian -1 -1 -2.1079 681.5059 157.9230 771.0327 298.6219 1.5562 0.6375 0.9517 1.4106 1.2967 8.5029 -1.9541 0.8763
Pedestrian -1 -1 1.2075 596.7219 164.8454 634.8524 241.0134 1.7850 0.6462 0.8766 0.3043 1.3959 17.3540 1.2194 0.7861
Pedestrian -1 -1 1.1419 745.1969 147.6028 833.9890 296.9862 1.7235 0.7078 0.9598 2.2402 1.3338 8.8241 1.3778 0.7834
Pedestrian -1 -1 -3.5834 1056.0516 139.2577 1215.1311 343.3322 1.6828 0.6422 0.9306 4.6024 1.3358 6.3131 -2.9785 0.6961
Pedestrian -1 -1 1.7357 199.6485 166.6056 250.8523 274.2802 1.6815 0.6148 0.8044 -6.1506 1.4502 11.6930 1.2551 0.6790
Pedestrian -1 -1 0.9244 717.9122 148.4207 783.8008 262.4959 1.7337 0.6125 0.8861 2.3265 1.2323 11.4472 1.1151 0.6288
Pedestrian -1 -1 2.5437 985.3010 136.4603 1083.2479 280.9966 1.7704 0.6384 0.8565 5.4481 1.2201 9.1482 3.0629 0.5458
Pedestrian -1 -1 1.2181 620.8257 165.6659 656.4441 238.8350 1.7859 0.6442 0.8176 0.8925 1.4006 18.0179 1.2615 0.3830
Pedestrian -1 -1 -2.7706 1179.1078 141.0069 1238.0000 278.9957 1.7092 0.6598 0.5959 7.9607 1.2090 9.3165 -2.0825 0.3561
Pedestrian -1 -1 2.7790 130.2242 133.8452 189.5481 243.8395 1.8028 0.5372 0.7167 -7.5493 1.0230 12.2187 2.2299 0.3232
Pedestrian -1 -1 1.9251 1118.9340 128.4041 1238.0000 306.3385 1.6949 0.5355 1.7070 6.0727 1.1905 7.5196 2.5823 0.1679
Cyclist -1 -1 1.9197 1121.0115 125.9597 1238.0000 304.2351 1.6955 0.5435 1.7283 6.1009 1.1687 7.5201 2.5791 0.7113
Cyclist -1 -1 -1.5904 949.3214 142.6790 977.2916 221.1471 1.6481 0.4922 1.8811 8.0276 0.8340 16.0419 -1.1379 0.4103
Cyclist -1 -1 1.2075 596.7219 164.8454 634.8524 241.0134 1.7850 0.6462 0.8766 0.3043 1.3959 17.3540 1.2194 0.1152
Car -1 -1 1.5652 515.2158 162.9860 564.3934 211.7620 1.6821 1.6957 4.0176 -2.3478 1.0447 26.8520 1.4738 0.9095
Car -1 -1 1.7763 378.7669 153.4919 477.2682 228.2029 1.9713 1.9180 4.6900 -5.0142 1.2334 21.3218 1.5429 0.8587
Car -1 -1 1.6886 439.2293 160.4157 496.2003 210.0981 1.7627 1.6719 4.3458 -5.0894 1.0157 27.7069 1.5035 0.6606
