Pedestrian -1 -1 1.8401 543.7944 173.9820 556.5921 204.3879 1.8346 0.5602 0.9013 -3.6821 1.9046 44.0638 1.7568 0.3787
Pedestrian -1 -1 1.5335 690.6464 164.9342 704.7103 201.7917 1.8065 0.6521 1.0750 4.3223 1.4187 35.9239 1.6518 0.3271
Pedestrian -1 -1 2.7396 872.2328 148.4544 926.7444 237.3716 1.7066 0.6035 0.8193 5.6203 1.2386 14.1603 3.1098 0.2564
Pedestrian -1 -1 -0.1365 700.2704 130.5544 737.6591 208.0077 1.8023 0.5616 0.8028 2.5216 0.8183 17.0704 0.0073 0.2550
Pedestrian -1 -1 1.7850 532.6912 170.3156 554.1719 213.6978 1.7608 0.5511 1.6819 -2.8115 1.6582 30.1519 1.6923 0.1205
Cyclist -1 -1 1.6697 514.5216 173.7394 533.1680 217.0189 1.7104 0.5768 1.8730 -3.5516 1.7481 29.4928 1.5503 0.6602
Cyclist -1 -1 1.7850 532.6912 170.3156 554.1719 213.6978 1.7608 0.5511 1.6819 -2.8115 1.6582 30.1519 1.6923 0.3449
Cyclist -1 -1 1.4911 690.1010 165.1060 705.2208 202.1436 1.8147 0.6598 1.0780 4.3184 1.4354 35.9014 1.6094 0.1479
Car -1 -1 -1.7826 700.5674 171.1504 847.7985 279.7144 1.5460 1.6158 3.5228 2.5099 1.5221 12.0434 -1.5831 0.9829
Car -1 -1 1.8695 302.1305 183.3450 436.3647 267.7173 1.5263 1.6112 3.9546 -5.0483 1.7813 15.5297 1.5595 0.9603
Car -1 -1 1.8149 456.4480 180.4773 517.5661 218.3678 1.4803 1.5976 4.3881 -5.2936 1.8356 31.3413 1.6484 0.8704
Car -1 -1 -1.5095 634.4007 174.3975 661.7659 198.3317 1.6618 1.7488 4.0135 2.7771 1.7789 52.4583 -1.4573 0.5909
Car -1 -1 -1.4478 727.2083 161.2255 777.3359 199.8641 1.5499 1.6508 3.9858 6.1469 1.0838 31.0902 -1.2547 0.4638
