Pedestrian -1 -1 1.5760 988.5633 171.2349 1021.3289 245.3626 1.7392 0.6806 0.8753 9.5100 1.7016 17.4728 2.0667 0.7655
Pedestrian -1 -1 2.0440 1195.5322 168.3136 1242.0000 239.9706 1.7146 0.7044 0.6858 14.9406 1.6063 17.7206 2.7359 0.6463
Pedestrian -1 -1 1.2219 841.2811 167.1324 882.5016 241.9355 1.7526 0.6797 0.8507 5.9916 1.6189 17.3354 1.5487 0.4362
Pedestrian -1 -1 1.5830 396.9372 187.0849 415.6790 240.8062 1.6402 0.5583 0.7788 -6.4528 2.0974 22.7126 1.3086 0.2984
Car -1 -1 3.7303 0.0000 185.4779 212.3205 269.9077 1.4962 1.5374 3.3733 -9.7837 1.7524 13.8226 3.1232 0.9689
Car -1 -1 1.6122 462.6613 178.7553 508.9980 220.5636 1.5066 1.6458 4.1553 -4.9250 1.7600 28.7743 1.4436 0.8968
Car -1 -1 1.2913 652.5515 167.0063 725.1525 213.3531 1.6708 1.7282 4.1091 2.9435 1.4603 28.1832 1.3937 0.8911
Car -1 -1 1.5603 487.5489 178.8665 522.2064 210.2056 1.4964 1.6849 4.2614 -5.5301 1.8283 37.5445 1.4146 0.4077
Car -1 -1 2.9051 633.5675 152.0932 721.6445 182.0647 1.5903 1.6568 4.5283 3.6289 0.4891 39.4294 2.9960 0.4036
Car -1 -1 -1.5288 568.1357 172.9490 589.7438 192.7805 1.5922 1.6281 4.0617 -2.5749 1.6008 59.9797 -1.5718 0.3350
