Pedestrian -1 -1 2.5897 767.0352 165.6516 834.1873 266.7395 1.8696 0.6077 1.0826 3.6322 1.5089 13.7412 2.8426 0.1409
Pedestrian -1 -1 -0.2062 561.1595 169.2462 572.0251 196.6826 1.7852 0.7023 0.5799 -2.7271 0.7473 47.1851 -0.2640 0.1268
Pedestrian -1 -1 1.4805 717.4135 168.0176 737.7757 218.1693 1.7982 0.6589 0.8021 4.3220 1.1827 26.1940 1.6419 0.1260
Cyclist -1 -1 -0.3847 0.0000 50.8680 205.6677 291.5137 1.6915 0.5324 1.7469 -4.3992 0.7483 5.9280 -1.0006 0.1602
Cyclist -1 -1 -1.3777 355.7965 167.1851 423.8412 318.2657 1.6921 0.4881 1.6591 -2.7110 1.4913 8.8963 -1.6655 0.1281
Car -1 -1 -1.5932 581.2646 177.9066 620.0446 215.4939 1.6336 1.6875 3.6349 -0.4072 1.3171 33.0850 -1.6058 0.9101
Car -1 -1 -1.4728 393.7580 169.6457 437.8899 205.1152 1.4819 1.5492 3.5222 -8.4937 0.8325 31.8915 -1.7312 0.5671
Car -1 -1 -1.1718 327.2992 175.7195 420.4207 225.8831 1.6108 1.6506 4.0249 -8.1022 1.3070 25.1581 -1.4805 0.2883
Car -1 -1 -1.5017 525.7709 156.8311 567.9824 199.4870 2.2581 2.0254 5.1303 -3.3936 0.7566 40.6293 -1.5848 0.2696
Car -1 -1 -1.2266 92.3106 152.3670 413.3947 370.6890 1.7133 1.6526 4.0129 -3.3938 1.4567 7.6892 -1.6297 0.2284
Car -1 -1 -1.7471 624.8836 173.1162 663.1462 200.5175 1.5496 1.5911 3.9473 2.0786 0.8665 42.7094 -1.6992 0.1269
Car -1 -1 -1.6943 660.3316 183.2774 730.2908 233.4590 1.4719 1.7021 4.1949 2.6813 1.4162 23.1877 -1.5810 0.1172
Car -1 -1 -1.4450 482.7081 190.6025 537.2041 232.6052 1.4541 1.5780 3.8358 -3.6802 1.6742 27.2995 -1.5782 0.1172
