Pedestrian -1 -1 1.3174 1027.1027 34.7300 1208.0260 375.0000 1.7718 0.6461 0.8125 2.8319 1.0623 4.1909 1.8800 0.3907
Pedestrian -1 -1 0.0210 675.9826 134.7622 711.3707 199.5245 1.9208 0.5734 1.0460 2.4793 0.7914 21.7507 0.1327 0.3522
Pedestrian -1 -1 1.9206 540.5771 172.7661 563.4670 209.0207 1.8387 0.5906 1.8531 -3.0426 1.8346 37.5635 1.8398 0.1018
Cyclist -1 -1 2.0150 531.0624 172.2143 557.4126 207.8153 1.7923 0.6181 1.8622 -3.4232 1.7605 37.3031 1.9236 0.5269
Cyclist -1 -1 1.6321 554.9041 173.6074 563.6873 198.0590 1.7426 0.5470 1.4611 -3.6917 1.7982 52.1973 1.5614 0.3024
Car -1 -1 -1.7546 674.3369 171.4874 772.1318 249.0409 1.6187 1.5870 3.5916 2.4813 1.5906 16.8844 -1.6121 0.9689
Car -1 -1 -0.9650 0.0000 180.5633 296.8611 375.0000 1.6749 1.6661 4.1530 -4.5569 1.7655 6.3619 -1.5674 0.9492
Car -1 -1 1.8068 378.1818 181.8685 469.6436 246.4803 1.5935 1.6225 3.8038 -5.1460 1.8706 20.2357 1.5603 0.9488
Car -1 -1 1.7020 476.4577 179.8711 521.1191 213.5610 1.5456 1.6618 4.2996 -5.5458 1.9188 36.1685 1.5504 0.7814
Car -1 -1 -1.5737 630.3302 174.0374 652.6392 196.1816 1.6891 1.7077 3.9208 2.4632 1.7866 57.2409 -1.5313 0.6366
Car -1 -1 1.8473 519.4068 179.4329 553.1222 201.0971 1.5497 1.5680 3.8191 -5.5912 2.0686 54.8511 1.7458 0.3078
