Pedestrian -1 -1 1.3823 709.3448 161.4395 732.9902 211.7735 1.7874 0.6849 0.8988 3.9680 1.3824 26.0828 1.5310 0.7375
Pedestrian -1 -1 -3.3357 937.4089 86.5467 1118.8019 375.0000 1.7797 0.4772 0.9100 2.5546 1.2744 4.5818 -2.8545 0.3857
Pedestrian -1 -1 3.3851 343.5088 160.1115 374.0823 212.7029 1.8154 0.5991 0.8919 -8.8264 1.3759 25.2424 3.0517 0.3507
Cyclist -1 -1 1.8650 356.8434 179.1494 441.7206 317.1386 1.7581 0.6018 1.9850 -2.9980 1.8568 10.2783 1.5869 0.8756
Cyclist -1 -1 1.6765 491.1915 175.8684 515.3021 233.8053 1.8516 0.6063 1.8510 -3.5943 1.9565 24.0915 1.5293 0.8441
Cyclist -1 -1 1.8910 297.3011 178.2215 389.9287 312.1531 1.6365 0.5852 1.9781 -3.6421 1.7179 9.8898 1.5459 0.7694
Cyclist -1 -1 1.6542 634.8965 176.6072 644.5348 199.9706 1.6526 0.5736 1.5112 2.1214 1.9279 52.0726 1.6942 0.1657
Car -1 -1 1.8757 341.9984 190.0836 457.5818 263.0053 1.6100 1.6975 4.3180 -5.4552 2.1197 19.1429 1.6010 0.8601
Car -1 -1 1.7748 484.7912 181.9933 532.6727 215.1490 1.5890 1.6910 4.0892 -5.2803 2.0950 37.8272 1.6365 0.8140
Car -1 -1 -1.5338 640.0928 178.3208 673.0427 209.1109 1.5913 1.6885 3.6431 2.5766 1.9081 39.8592 -1.4703 0.6571
