Pedestrian -1 -1 1.5373 710.4991 154.0904 757.7567 277.8036 1.6277 0.5999 0.7863 1.7657 1.2684 9.8782 1.7041 0.7783
Pedestrian -1 -1 1.1553 726.1417 148.1454 800.8716 296.1619 1.6264 0.5765 0.7626 1.8148 1.2613 8.3241 1.3579 0.7228
Pedestrian -1 -1 -1.5970 687.2163 155.9192 706.0146 202.9573 1.8853 0.7321 0.7428 3.8461 0.8610 29.1943 -1.4721 0.7047
Pedestrian -1 -1 0.4830 560.4246 147.2492 613.9971 231.9149 1.7232 0.7052 0.9066 -0.3331 1.0273 15.1339 0.4562 0.6844
Pedestrian -1 -1 1.3311 808.2607 149.5551 897.4648 338.6372 1.7123 0.6089 0.8600 2.3569 1.4244 6.9529 1.6408 0.6517
Pedestrian -1 -1 -2.1226 839.0974 146.7559 970.2573 369.5244 1.5764 0.6034 0.7670 2.2475 1.3319 5.5134 -1.7576 0.5643
Pedestrian -1 -1 -1.8257 704.0490 150.7423 730.1849 207.5006 1.8261 0.6714 0.7526 3.7560 0.8376 23.5176 -1.6740 0.5566
Pedestrian -1 -1 1.7150 779.8250 156.6046 829.6697 285.0728 1.6243 0.5446 0.7643 2.6630 1.3109 9.5383 1.9746 0.5365
Pedestrian -1 -1 -2.2327 0.0000 91.7488 88.9976 291.0720 1.7354 0.6739 0.6637 -5.3809 0.9553 6.6583 -2.8986 0.5149
Pedestrian -1 -1 -0.0464 807.0818 146.6911 873.5928 264.4498 1.6939 0.7196 0.9028 3.5248 1.1945 10.7927 0.2568 0.4522
Pedestrian -1 -1 -0.2774 741.8769 146.3329 795.7426 249.3749 1.8484 0.6281 0.8193 3.0300 1.2188 13.2217 -0.0617 0.4256
Pedestrian -1 -1 0.7934 759.0551 153.9764 814.4103 267.0511 1.6619 0.5224 0.6332 2.7790 1.2587 10.9610 1.0306 0.2925
Pedestrian -1 -1 -1.4153 294.5522 142.1983 377.9479 322.8649 1.7138 0.6660 0.8892 -2.7204 1.3423 7.3121 -1.7659 0.2772
Pedestrian -1 -1 -2.2349 798.8459 147.0507 842.7817 233.9337 1.6332 0.4931 0.6844 4.2023 0.9869 13.9094 -1.9519 0.2705
Cyclist -1 -1 -1.8327 565.5753 148.1232 611.6464 233.3007 1.7264 0.7093 1.0814 -0.3220 1.0512 15.1760 -1.8587 0.2751
Cyclist -1 -1 -0.1125 803.8646 146.0472 877.6596 266.6040 1.7375 0.7201 0.9657 3.5307 1.2279 10.7956 0.1911 0.1509
Cyclist -1 -1 -0.2598 735.0577 149.2041 796.8237 252.9403 1.8516 0.6581 0.9614 2.9632 1.2764 13.1711 -0.0481 0.1064
Car -1 -1 1.5866 531.8615 158.2571 580.2648 204.6156 1.5499 1.6180 3.9425 -1.6445 0.7739 26.0233 1.5192 0.9448
