Pedestrian -1 -1 -1.4795 363.3892 147.4507 422.8574 286.8052 1.7020 0.6700 0.6146 -2.7983 1.3921 9.1768 -1.7683 0.4495
Pedestrian -1 -1 2.2437 540.1877 161.3209 574.0267 221.3530 1.9058 0.6755 0.9153 -1.7619 1.5400 23.4721 2.1689 0.2844
Pedestrian -1 -1 -1.6985 897.5137 161.8415 919.1812 203.0817 1.8373 0.8343 0.5701 13.4041 1.3470 32.5251 -1.3112 0.2489
Car -1 -1 3.0525 525.8887 165.5694 600.2354 195.7566 1.5138 1.6109 3.7005 -2.4876 1.1489 37.2639 2.9859 0.7533
Car -1 -1 1.1015 759.4147 159.3467 806.5726 184.1030 1.7485 1.6962 4.1012 12.6576 0.7948 53.1495 1.3339 0.4796
Car -1 -1 1.8646 158.3646 168.3218 201.1151 194.7533 1.8292 1.6149 3.7732 -30.9515 1.5159 51.9558 1.3294 0.4501
Car -1 -1 -1.9474 729.9901 159.9878 775.1979 185.5684 1.7537 1.7110 4.2861 10.1335 0.8720 51.7258 -1.7552 0.4339
Car -1 -1 2.0801 21.2991 163.6581 91.0082 196.0909 1.9469 1.7351 4.0173 -34.7972 1.3952 45.4212 1.4291 0.3937
Car -1 -1 -0.4835 2.2463 180.5959 127.1097 221.6307 1.4792 1.4884 3.7007 -21.6556 1.8095 28.7491 -1.1248 0.3110
Car -1 -1 -2.3390 1008.6722 155.8776 1067.7328 181.1715 1.8419 1.7112 3.7459 32.2875 0.6060 54.5594 -1.8071 0.2333
