Pedestrian -1 -1 -0.1553 543.5497 167.4867 557.4036 193.7354 1.8193 0.5511 0.8906 -3.8056 0.9187 49.3715 -0.2300 0.5144
Pedestrian -1 -1 0.0928 547.9357 166.9589 565.7286 198.6765 1.8561 0.5219 1.0014 -2.8406 1.0650 41.6448 0.0270 0.5085
Pedestrian -1 -1 -1.8280 973.8469 128.5506 1010.1105 196.5205 1.8167 0.6134 1.0874 10.6214 0.4298 19.4937 -1.3340 0.4012
Pedestrian -1 -1 -2.8863 488.0842 170.2599 506.2097 200.4917 1.7741 0.6358 0.9300 -6.3877 1.1746 41.8531 -3.0349 0.3787
Pedestrian -1 -1 -2.6549 440.7419 172.6987 459.7653 203.7202 1.7479 0.5953 0.8818 -8.8139 1.3097 40.2392 -2.8672 0.3036
Pedestrian -1 -1 -2.1398 997.5290 136.0416 1023.4445 183.6019 1.9906 0.7638 0.5686 17.1191 0.1313 29.8918 -1.6224 0.3003
Pedestrian -1 -1 1.8950 347.6306 181.3749 365.4684 207.4668 1.6449 0.6027 1.5909 -15.9538 1.7035 45.4214 1.5610 0.2041
Cyclist -1 -1 -2.8741 659.5161 162.8865 693.7628 194.6886 1.7998 0.5465 1.8791 4.1048 0.8044 40.6039 -2.7723 0.7345
Cyclist -1 -1 -1.2284 372.8908 177.4243 396.0075 214.0671 1.6892 0.4622 1.8050 -10.4537 1.5488 33.5003 -1.5265 0.7252
Cyclist -1 -1 -0.1892 602.0166 166.0121 632.6763 195.6438 1.8179 0.5838 1.8226 0.7588 0.9304 43.8154 -0.1703 0.5538
Cyclist -1 -1 1.9064 347.3905 181.3235 365.9476 207.5164 1.6510 0.6158 1.6414 -15.9497 1.7062 45.4336 1.5725 0.4735
Cyclist -1 -1 1.1932 901.4635 158.9274 929.7516 197.7211 1.7601 0.5362 1.9135 14.4799 0.7828 33.0401 1.6045 0.3223
Cyclist -1 -1 -1.8595 973.8522 128.0613 1010.7161 196.7678 1.8363 0.6015 1.0796 10.6234 0.4364 19.4820 -1.3651 0.1677
Car -1 -1 -1.5090 511.4673 174.2831 548.0555 203.8274 1.4116 1.6107 3.4730 -3.7516 1.1160 35.5460 -1.6115 0.9309
Car -1 -1 2.5367 970.3470 134.5643 1134.1102 187.2008 1.5495 1.6244 4.0548 13.6266 0.1988 21.7194 3.0924 0.8884
Car -1 -1 -1.5908 1130.9110 140.8313 1181.3809 180.0257 1.6047 1.6467 4.0521 24.1608 -0.0208 31.1129 -0.9337 0.3853
Car -1 -1 -1.7566 597.8327 172.1074 633.5052 199.0567 1.6543 1.6281 3.7162 0.6404 1.1405 45.3668 -1.7409 0.3178
