Pedestrian -1 -1 -1.6178 715.4747 150.2969 732.5342 196.6158 1.8493 0.6450 0.7438 4.5688 0.9491 29.2096 -1.4645 0.2660
Pedestrian -1 -1 0.8036 734.2376 168.8325 773.2775 235.6761 1.8360 0.5832 0.9500 4.0057 1.7259 20.3730 0.9942 0.2508
Pedestrian -1 -1 2.4768 911.8012 118.2468 979.4991 256.9352 1.7771 0.4772 0.6596 4.3848 1.0777 9.5545 2.8951 0.2276
Pedestrian -1 -1 1.0655 826.8986 140.8062 894.2797 255.6837 1.8221 0.7083 0.8836 4.0781 1.3141 11.9407 1.3864 0.2223
Pedestrian -1 -1 -1.3617 141.7357 169.5293 198.5193 290.1148 1.8327 0.6472 0.6133 -6.9635 1.7825 11.3584 -1.9017 0.1935
Pedestrian -1 -1 -1.0917 974.9246 113.7883 1061.3005 278.4031 1.7169 0.5976 0.6634 4.4432 1.1012 7.9563 -0.5983 0.1759
Pedestrian -1 -1 -2.8983 666.8795 176.6067 683.6475 207.4669 1.7291 0.5924 0.8303 3.6702 1.9445 40.9405 -2.8101 0.1574
Car -1 -1 1.8007 348.8089 190.0611 478.6654 289.8156 1.5286 1.5387 3.5372 -3.5519 1.8925 13.4567 1.5466 0.9651
Car -1 -1 2.9351 400.9453 183.7853 493.6653 217.3878 1.5630 1.7567 4.2879 -8.2282 2.1397 36.3476 2.7135 0.9088
Car -1 -1 1.5031 518.7733 181.9814 549.6781 209.4803 1.5503 1.6106 3.9069 -4.7035 2.1347 44.1078 1.3970 0.5753
Car -1 -1 2.7693 644.8383 169.7661 702.2822 194.5070 1.7871 1.6711 3.8991 4.6729 1.5644 53.4663 2.8557 0.2829
Car -1 -1 -0.0155 385.2197 170.5558 448.1183 194.6658 1.5122 1.6044 3.8559 -12.4946 1.3684 46.5495 -0.2766 0.1786
