Car -1 -1 -1.8148 710.5121 184.6534 895.0200 306.4550 1.4506 1.6438 4.2713 2.6570 1.6686 11.1563 -1.5881 0.9696
Car -1 -1 -0.2718 807.5357 179.3212 1006.6346 249.5421 1.4494 1.6111 3.7979 6.4297 1.6027 16.0680 0.1018 0.9455
Car -1 -1 -0.2595 727.6581 180.5237 832.2918 221.3017 1.5140 1.5651 3.6620 6.4896 1.8204 27.9483 -0.0343 0.9359
Car -1 -1 3.6471 0.0000 171.3564 250.5277 287.5446 1.4754 1.5566 3.6507 -7.3156 1.4568 10.1299 3.0339 0.9205
Car -1 -1 0.6629 0.0000 176.8170 252.0645 328.0965 1.4648 1.6500 4.3812 -6.5720 1.5132 7.8872 -0.0153 0.9034
Car -1 -1 -0.1878 677.5079 174.6149 755.7479 205.4557 1.6678 1.7135 4.0457 5.8449 1.7682 40.0691 -0.0445 0.9010
Car -1 -1 0.3650 107.4437 181.0029 410.3188 272.3134 1.4379 1.6963 4.4212 -5.9451 1.5912 12.5387 -0.0701 0.8746
Car -1 -1 3.3127 332.2350 175.7797 472.3909 225.1687 1.4691 1.6249 3.9972 -6.4524 1.5652 22.5969 3.0371 0.8672
Car -1 -1 0.2342 424.1080 175.5345 525.7669 215.3541 1.5871 1.5864 3.8598 -5.5650 1.7014 29.7660 0.0505 0.8389
Car -1 -1 -3.3412 720.1595 176.3750 811.5654 214.7089 1.5572 1.5996 3.4951 6.4465 1.7093 30.2703 -3.1339 0.7723
Car -1 -1 3.3496 370.4882 176.8106 501.3267 219.8408 1.4386 1.6053 4.1884 -6.0317 1.5815 25.1332 3.1160 0.7311
Car -1 -1 3.1925 430.4153 171.0567 521.7159 203.6450 1.5189 1.6034 4.2246 -6.4204 1.4355 34.6991 3.0106 0.6053
