Pedestrian -1 -1 0.2649 678.3416 147.6745 750.0020 260.9732 1.8412 0.7423 1.0510 1.8209 1.3094 12.0362 0.4130 0.8457
Pedestrian -1 -1 0.8633 397.0009 144.0747 482.4601 281.5851 1.8403 0.7718 0.9183 -2.3934 1.3545 10.0411 0.6383 0.6981
Pedestrian -1 -1 -2.5779 311.8030 173.5503 360.8593 244.5084 1.6221 0.6987 0.8309 -6.3340 1.4648 16.5850 -2.9346 0.5043
Pedestrian -1 -1 0.4459 43.4450 168.6907 104.6062 263.4509 1.6738 0.6381 0.6785 -9.6891 1.4669 12.8606 -0.1861 0.4325
Pedestrian -1 -1 -1.3695 147.3098 151.9286 166.0887 189.8047 1.9538 0.7035 0.6840 -23.4132 0.4814 36.9113 -1.9289 0.3939
Pedestrian -1 -1 -2.8517 352.2835 157.5265 467.2077 268.1699 1.8376 0.6229 1.7892 -3.3569 1.4577 12.0733 -3.1144 0.1788
Cyclist -1 -1 -1.6286 959.5171 146.1038 983.2981 210.1000 1.7783 0.4966 1.8259 10.6169 0.8241 20.5777 -1.1567 0.8484
Cyclist -1 -1 -2.8664 350.9861 155.9600 465.2519 265.9772 1.8260 0.6406 1.7708 -3.3792 1.4204 12.0601 -3.1309 0.8212
Cyclist -1 -1 -0.6759 1085.5619 140.0970 1147.3423 192.4113 1.8163 0.6008 1.7813 17.9707 0.4151 24.8924 -0.0549 0.7067
Cyclist -1 -1 0.2145 678.0703 147.4429 750.0745 262.5061 1.8718 0.7430 1.0814 1.8207 1.3357 12.0364 0.3626 0.2420
Cyclist -1 -1 0.7402 394.5985 143.0970 484.8788 283.7387 1.8838 0.7577 1.0008 -2.3903 1.3845 10.0415 0.5155 0.1113
Car -1 -1 -1.0931 0.0000 189.6189 382.5208 370.0000 1.4250 1.5899 3.8755 -3.2182 1.5250 5.6693 -1.5840 0.9475
Car -1 -1 1.8166 451.5889 169.4663 492.4856 195.3361 1.6038 1.6517 4.1056 -8.5813 0.9211 45.9299 1.6350 0.7999
Car -1 -1 -0.7614 1171.5160 145.9292 1224.0000 197.3958 1.4709 1.6322 4.3043 19.6320 0.4844 21.0545 -0.0168 0.5168
