Pedestrian -1 -1 1.8138 734.0847 158.5701 757.8997 207.3371 1.7856 0.6999 0.8186 5.0371 1.2629 26.9330 1.9963 0.4572
Pedestrian -1 -1 0.8660 681.4678 160.6177 702.0115 204.0772 1.7976 0.5576 0.6656 3.3868 1.2918 30.2735 0.9759 0.3983
Car -1 -1 -1.8476 718.6041 175.7318 866.3171 274.6209 1.4960 1.5608 3.5789 3.0186 1.5549 12.8469 -1.6229 0.9776
Car -1 -1 1.8631 335.3004 184.4627 439.8241 254.4257 1.6006 1.5902 3.7831 -5.7771 1.9375 19.0246 1.5715 0.9273
Car -1 -1 -1.8117 693.8369 175.5167 786.2112 241.5554 1.5034 1.5143 3.3484 3.1441 1.5776 18.2878 -1.6449 0.9178
Car -1 -1 1.7881 404.3026 186.7374 471.9559 234.6871 1.4195 1.4897 3.3962 -5.6957 1.9157 24.0551 1.5574 0.8379
Car -1 -1 -1.6915 685.9432 176.1699 744.7359 223.5821 1.4356 1.4998 3.3523 3.3565 1.5530 23.7697 -1.5536 0.8291
Car -1 -1 0.5877 14.2063 181.9182 174.0735 234.8409 1.4380 1.5090 3.4799 -14.7425 1.7082 20.6756 -0.0258 0.8122
Car -1 -1 -2.1588 882.0272 188.9046 1242.0000 375.0000 1.5423 1.6254 3.8575 3.1235 1.6825 4.3533 -1.5692 0.7945
Car -1 -1 2.3303 0.0000 220.1360 74.9345 375.0000 1.4822 1.5586 3.8174 -5.3959 1.9019 4.4221 1.4758 0.5654
