Pedestrian -1 -1 -3.4875 992.5563 116.0826 1063.0659 243.7629 1.7214 0.4150 0.7392 5.8003 0.8546 9.7969 -2.9650 0.3800
Pedestrian -1 -1 2.7374 120.4348 119.7049 204.0456 259.4589 1.8428 0.6192 0.8113 -6.1966 1.0428 9.8284 2.1917 0.3515
Pedestrian -1 -1 -1.5112 789.0032 162.5088 803.9004 196.2313 1.7861 0.7316 0.6925 10.2518 0.8346 37.8890 -1.2474 0.3386
Pedestrian -1 -1 -3.3452 988.0478 147.7506 1024.1293 220.0632 1.8319 0.6589 0.6899 10.3506 1.0039 18.3248 -2.8367 0.3341
Pedestrian -1 -1 -1.9043 274.4327 178.8026 321.9356 258.6137 1.5723 0.6631 0.8189 -6.3171 1.5405 14.4504 -2.3067 0.3231
Pedestrian -1 -1 -3.3707 775.7634 158.3564 794.2818 189.7859 1.7901 0.5988 0.9170 10.3204 0.5303 40.5752 -3.1217 0.2322
Pedestrian -1 -1 0.1252 0.0000 167.3266 20.3760 199.2487 1.8704 0.4914 0.9024 -35.2516 1.0999 41.8723 -0.5691 0.1425
Pedestrian -1 -1 -2.2221 125.1994 165.9871 151.8661 210.5664 1.8932 0.7146 0.6467 -20.1206 1.2784 30.4677 -2.7992 0.1397
Pedestrian -1 -1 1.5371 122.5647 149.8387 140.2863 190.9099 2.0011 0.7101 0.6109 -23.3946 0.5087 34.8998 0.9528 0.1297
Cyclist -1 -1 1.0350 875.0188 157.0964 908.3074 195.5492 1.7686 0.5540 1.9200 13.5487 0.6936 33.5069 1.4177 0.5567
Cyclist -1 -1 -3.4456 984.3731 148.4238 1029.2015 221.9330 1.8565 0.7100 0.8294 10.3425 1.0480 18.2841 -2.9366 0.1000
Car -1 -1 -0.8787 0.0000 211.0625 292.5320 370.0000 1.4698 1.5985 3.9283 -3.1548 1.7007 3.3156 -1.5914 0.8152
Car -1 -1 1.6289 86.9029 182.7774 119.2273 205.5685 1.4809 1.5659 3.8923 -34.3252 1.6449 48.4171 1.0169 0.1291
