Car -1 -1 -1.4113 410.1553 178.7062 509.5691 251.3141 1.5162 1.6403 4.2587 -3.4294 1.3814 17.1640 -1.6058 0.9562
Car -1 -1 -1.5615 556.2735 173.9253 625.9904 236.2906 1.5299 1.7112 3.1966 -0.4786 1.2541 19.2426 -1.5864 0.9446
Car -1 -1 -1.2091 269.2787 177.8741 381.3549 232.6956 1.4021 1.6065 4.0527 -7.9068 1.2155 20.4113 -1.5745 0.9332
Car -1 -1 -1.3064 262.7148 188.1736 465.5568 313.1142 1.4116 1.5891 4.4049 -3.2805 1.4649 10.4506 -1.6036 0.9271
Car -1 -1 -1.2603 342.6171 175.9825 395.2169 208.3326 1.6606 1.6229 3.7377 -12.8440 1.1878 38.7715 -1.5784 0.8824
Car -1 -1 1.7022 394.7954 173.5000 443.4171 208.8515 1.4827 1.5991 3.9225 -8.4141 0.9924 32.1895 1.4483 0.7364
Car -1 -1 1.4979 509.7218 173.8586 550.1391 209.0580 1.5379 1.5877 3.7647 -3.6981 1.0429 33.4000 1.3882 0.6810
Car -1 -1 -1.5009 258.8540 181.4250 309.3442 221.0152 1.4529 1.5591 3.5245 -12.7133 1.3149 28.2991 -1.9198 0.5695
Car -1 -1 -1.5208 452.5123 179.3754 481.3082 205.6270 1.5781 1.5972 3.5230 -8.8183 1.2282 45.0678 -1.7133 0.4928
Car -1 -1 -1.4498 470.3783 173.0935 535.1931 223.8356 1.5656 1.6567 4.2697 -3.4967 1.1927 24.3266 -1.5913 0.4886
