Pedestrian -1 -1 -1.7420 777.3204 170.3088 795.3030 209.9592 1.7587 0.6337 0.9296 7.8927 1.6462 32.4858 -1.5063 0.5663
Pedestrian -1 -1 -1.7673 759.0283 170.4050 780.1547 211.2672 1.8264 0.7778 0.8634 7.1838 1.7173 32.6857 -1.5534 0.4801
Pedestrian -1 -1 2.1139 938.2434 152.1560 980.2349 223.0135 1.7816 0.6538 0.8121 8.9716 1.2615 18.6358 2.5560 0.4305
Pedestrian -1 -1 -0.5621 706.2851 174.1016 725.8558 204.2083 1.7416 0.6605 0.9243 6.1784 1.8159 42.2677 -0.4184 0.3741
Pedestrian -1 -1 -1.5745 833.8292 171.5432 849.7343 213.1374 1.7402 0.6354 0.9172 9.8216 1.6857 30.7165 -1.2683 0.1455
Cyclist -1 -1 -1.7468 737.1451 165.7238 761.2198 215.9845 1.7816 0.5403 1.8685 5.0550 1.5292 26.5103 -1.5610 0.8508
Cyclist -1 -1 -1.9028 836.6145 140.8239 907.5173 257.8524 1.7911 0.5390 1.7404 4.2317 1.3012 11.9108 -1.5699 0.7447
Cyclist -1 -1 2.4988 901.1944 151.6563 966.5800 219.8495 1.7213 0.5723 1.5036 8.3238 1.1866 18.6594 2.9122 0.1869
Cyclist -1 -1 -1.5578 710.0413 174.3214 722.1720 203.8038 1.7045 0.6937 1.0092 6.1934 1.7920 42.3188 -1.4140 0.1621
Car -1 -1 -0.5223 1018.0928 183.3245 1068.6860 201.5459 1.5847 1.5762 3.5669 38.6947 2.5329 64.5006 0.0156 0.3609
