Pedestrian -1 -1 -0.2451 188.6590 155.5759 212.6388 201.6870 1.9393 0.6155 0.7659 -17.5330 1.2130 30.8305 -0.7586 0.2929
Pedestrian -1 -1 1.8498 355.1088 135.6826 429.3642 289.6730 1.8140 0.6405 0.9700 -2.7418 1.3765 8.9851 1.5609 0.1999
Pedestrian -1 -1 -1.7709 144.7392 171.5702 177.1812 230.5303 1.8066 0.7509 0.6471 -14.1114 1.7676 22.5988 -2.3240 0.1642
Pedestrian -1 -1 0.5170 1179.0389 107.3423 1242.0000 198.6387 1.8740 0.5626 1.1456 12.9416 0.5296 15.4436 1.2054 0.1394
Cyclist -1 -1 0.5970 1164.8573 110.2999 1242.0000 202.8637 1.8887 0.5520 1.3748 12.7467 0.6127 15.4579 1.2774 0.1301
Car -1 -1 0.6535 111.4863 180.1654 346.0187 260.4084 1.5331 1.6900 4.2227 -8.0092 1.6997 15.2021 0.1754 0.9764
Car -1 -1 -0.4762 1020.6984 179.1107 1242.0000 282.1704 1.5007 1.6900 4.3732 9.4063 1.6147 11.8775 0.1809 0.9618
Car -1 -1 1.7109 240.5156 172.1457 267.2929 191.7406 1.6819 1.6044 3.8522 -31.5729 1.6214 64.0079 1.2541 0.2231
Car -1 -1 -2.2239 328.8321 178.4822 390.5137 203.3466 1.5232 1.5724 4.1693 -16.2978 1.9029 46.8226 -2.5574 0.1352
Car -1 -1 2.2314 372.6379 172.4895 419.1792 195.2764 1.8301 1.6870 3.8808 -17.7967 1.8012 60.0611 1.9443 0.1298
Car -1 -1 0.5998 187.8729 156.3643 304.1538 193.5067 1.5492 1.6096 4.3405 -15.7323 0.8618 31.1832 0.1358 0.1253
Car -1 -1 -1.1659 212.0173 168.6209 260.2553 195.4819 1.8289 1.7160 3.6727 -26.4010 1.5410 51.0165 -1.6415 0.1167
