Pedestrian -1 -1 -2.2550 1122.2660 158.7214 1157.7218 211.0893 1.7827 0.6887 0.7036 18.5782 1.0083 24.8197 -1.6225 0.6070
Pedestrian -1 -1 -2.1646 753.5194 160.7294 775.8340 201.7382 1.8549 0.6770 0.7780 7.4788 0.9163 32.9753 -1.9483 0.4892
Pedestrian -1 -1 -3.7410 1130.8204 79.4934 1238.0000 285.5136 1.8637 0.6709 0.7694 5.6318 0.9423 6.8550 -3.0770 0.4076
Pedestrian -1 -1 1.2165 151.9516 191.1516 298.0511 374.0000 1.6153 0.6471 0.6135 -2.4266 1.6837 4.5326 0.7412 0.3445
Pedestrian -1 -1 2.2250 1080.8993 145.0663 1112.4104 193.2738 1.9624 0.5802 1.0113 20.4404 0.4803 29.6746 2.8192 0.2629
Pedestrian -1 -1 -1.8208 1108.4697 150.1314 1134.0829 196.6476 1.8149 0.6208 0.8692 20.6288 0.5920 28.5408 -1.2043 0.2490
Pedestrian -1 -1 -0.9072 833.4635 156.1108 855.5813 195.7364 1.8842 0.6851 0.7666 11.7170 0.6779 34.6525 -0.5883 0.2113
Pedestrian -1 -1 -2.6327 1135.5371 149.7801 1169.8102 198.9088 1.7746 0.6457 0.7872 20.2610 0.6299 26.4349 -1.9885 0.1716
Car -1 -1 -0.9445 988.1215 183.6185 1229.1903 275.8402 1.4101 1.5334 3.7493 8.7043 1.4520 12.4031 -0.3478 0.9489
Car -1 -1 -0.6680 747.2526 151.5253 840.0953 186.7655 1.7021 1.6960 4.4578 9.7330 0.2552 36.3635 -0.4130 0.2040
