Pedestrian -1 -1 -0.3453 556.3997 172.4767 589.8514 227.8738 1.7054 0.5747 0.9067 -0.9179 1.4288 22.5502 -0.3908 0.7059
Pedestrian -1 -1 1.6288 366.0000 168.4796 441.3525 325.4053 1.7321 0.8076 0.7076 -2.3264 1.5897 8.3569 1.3592 0.6690
Pedestrian -1 -1 0.1565 691.4089 168.3982 723.0499 239.4578 1.7022 0.7646 0.6656 2.5743 1.3896 17.6672 0.2938 0.3359
Pedestrian -1 -1 -1.5515 850.5182 155.1208 867.6140 194.5237 1.8969 0.7773 0.6076 12.5463 0.6279 34.9989 -1.2145 0.3137
Pedestrian -1 -1 -0.4204 1055.3494 114.4536 1131.8398 261.4631 1.7399 0.6837 0.5376 6.0178 0.9477 8.8786 0.1566 0.2122
Pedestrian -1 -1 -1.9681 809.3815 195.1101 889.0455 312.6392 1.2835 0.6806 0.5947 2.7818 1.4473 8.2434 -1.6579 0.1983
Pedestrian -1 -1 1.8860 776.6841 194.4226 837.0940 317.3663 1.5377 0.5971 0.6800 2.6839 1.7185 9.5238 2.1476 0.1745
Pedestrian -1 -1 0.8237 1191.2559 110.4815 1238.0000 219.5309 1.7524 0.5897 0.6066 10.2432 0.6124 11.8584 1.5203 0.1560
Cyclist -1 -1 1.4635 769.5052 152.7739 799.3224 216.9050 1.7272 0.5767 2.0917 5.1495 0.9547 20.4186 1.7025 0.5935
Cyclist -1 -1 0.2678 429.5755 161.7195 519.1228 242.4411 1.7372 0.7521 1.8212 -2.8339 1.3127 15.9120 0.0890 0.3190
Cyclist -1 -1 0.0069 689.8958 168.8920 727.2391 239.8927 1.7055 0.7528 0.8904 2.6014 1.4039 17.6895 0.1454 0.1162
Cyclist -1 -1 -0.3453 556.3997 172.4767 589.8514 227.8738 1.7054 0.5747 0.9067 -0.9179 1.4288 22.5502 -0.3908 0.1053
Car -1 -1 -0.1560 774.1075 171.8883 936.2672 230.8590 1.5509 1.5828 4.0446 6.9115 1.2993 20.0065 0.1674 0.2892
Car -1 -1 -2.4258 912.6749 253.9876 1238.0000 374.0000 1.4735 1.5412 3.6323 3.0925 1.9931 3.2277 -1.7079 0.1944
