Pedestrian -1 -1 -0.1971 352.9169 192.0245 381.6246 239.5923 1.5706 0.7970 0.7849 -8.2169 1.8083 24.4270 -0.5188 0.3656
Pedestrian -1 -1 2.2234 763.1368 131.2309 818.6925 233.4135 1.8038 0.6851 0.7322 3.3087 0.8520 13.1824 2.4641 0.1952
Pedestrian -1 -1 -1.2825 702.8497 166.3084 724.9968 213.5128 1.7840 0.6784 0.6789 4.0430 1.0705 27.6135 -1.1389 0.1666
Pedestrian -1 -1 0.0773 513.0336 165.2065 535.0735 207.5959 1.7647 0.6102 0.8774 -3.5534 0.9328 30.2450 -0.0389 0.1591
Cyclist -1 -1 0.1154 379.9317 145.9234 474.2748 234.6414 1.7421 0.5446 1.7946 -3.6674 0.9717 14.4966 -0.1281 0.1921
Car -1 -1 -1.2308 253.0484 187.6942 371.4774 247.8632 1.4381 1.6359 4.1816 -7.8764 1.5137 19.4740 -1.6107 0.9486
Car -1 -1 -1.6365 576.0170 179.7747 614.8233 213.0907 1.5435 1.6538 3.6021 -0.6824 1.2925 35.1649 -1.6562 0.9045
Car -1 -1 -1.3629 356.1352 183.6141 416.0250 227.0992 1.4645 1.5062 2.7198 -7.8844 1.4117 25.6267 -1.6588 0.2698
Car -1 -1 -1.1251 78.5105 155.8930 308.2329 278.3199 1.8454 1.7718 4.5379 -7.2588 1.4046 13.1429 -1.6212 0.2375
Car -1 -1 -1.6037 479.2548 156.5829 504.5095 183.3473 1.7758 1.6083 3.6527 -8.0952 -0.1337 49.9094 -1.7638 0.1715
Car -1 -1 -1.7473 533.3387 171.3660 567.0009 197.8308 1.8359 1.7116 4.2199 -4.2376 0.8763 52.1232 -1.8284 0.1284
