Pedestrian -1 -1 1.6275 506.2411 169.7672 526.4531 219.9178 1.8861 0.7220 0.8135 -3.6152 1.7703 27.5651 1.4977 0.6541
Pedestrian -1 -1 -2.6447 534.9379 166.2572 550.7592 204.6973 1.8482 0.5743 0.5599 -3.3002 1.5314 35.0624 -2.7383 0.3110
Pedestrian -1 -1 -1.5860 992.4390 124.0024 1019.2030 193.0955 1.8957 0.6414 0.7755 11.0731 0.5557 20.2854 -1.0924 0.2291
Pedestrian -1 -1 -0.3253 959.2227 154.0351 1081.4744 311.4391 1.7239 0.6116 1.0769 4.6288 1.5181 8.2909 0.1681 0.2265
Pedestrian -1 -1 -1.9166 429.1337 178.6350 464.8538 249.0419 1.6452 0.6633 0.6341 -3.9776 1.7884 17.3761 -2.1391 0.1629
Pedestrian -1 -1 -0.6945 713.3751 172.5123 760.6407 236.5845 1.6407 0.7626 0.9643 3.3019 1.6323 19.0455 -0.5262 0.1390
Cyclist -1 -1 2.0284 0.0000 165.5302 101.5269 375.0000 1.6313 0.6112 1.6311 -2.7789 1.6112 2.8770 1.3053 0.1894
Car -1 -1 1.5547 654.9692 183.7670 680.7781 210.1175 1.5476 1.5633 3.6838 3.6100 2.2696 45.8227 1.6322 0.5862
Car -1 -1 -0.4840 0.0000 0.0000 1242.0000 375.0000 1.6036 1.5881 3.5878 -3.3767 1.6310 1.5231 -1.5641 0.2951
Car -1 -1 -1.5723 698.4869 177.3296 755.1953 236.8463 1.5669 1.4983 2.5138 3.2667 1.7031 20.5532 -1.4177 0.2076
Car -1 -1 1.8355 525.5443 179.7460 586.3043 220.7475 1.4870 1.5364 3.5358 -2.1250 1.7793 28.6798 1.7616 0.2000
