Pedestrian -1 -1 1.9604 995.9833 166.5195 1041.7129 243.6438 1.6903 0.6405 0.8241 9.1985 1.5518 16.3183 2.4654 0.5712
Pedestrian -1 -1 -0.3242 1219.2577 166.6357 1242.0000 241.7104 1.6971 0.5674 0.6603 14.5762 1.5569 16.6950 0.3844 0.2749
Pedestrian -1 -1 1.8450 368.9975 188.1670 394.8830 244.9661 1.6333 0.5355 0.7952 -6.7947 2.0958 21.3693 1.5401 0.1751
Pedestrian -1 -1 -1.3680 547.0903 170.2567 556.5906 194.1528 1.9023 0.5859 0.9299 -4.6916 1.6959 57.9331 -1.4488 0.1729
Pedestrian -1 -1 -1.7035 847.0156 171.4953 885.9971 253.3203 1.7767 0.6951 0.9576 5.6963 1.7475 16.2020 -1.3720 0.1642
Pedestrian -1 -1 1.9465 397.3945 168.0340 423.7182 215.4884 1.7543 0.6290 1.0128 -7.5560 1.5764 27.2077 1.6777 0.1337
Cyclist -1 -1 1.9465 397.3945 168.0340 423.7182 215.4884 1.7543 0.6290 1.0128 -7.5560 1.5764 27.2077 1.6777 0.1002
Car -1 -1 3.7379 0.0000 189.2046 159.4446 285.3483 1.4792 1.5572 3.6256 -10.0716 1.7798 12.3288 3.0633 0.9422
Car -1 -1 1.6187 444.7588 177.4382 494.6322 220.3957 1.4806 1.6624 4.1497 -5.3162 1.6695 27.5011 1.4290 0.9343
Car -1 -1 1.2972 643.3328 163.1012 719.8934 213.2791 1.7196 1.7475 4.2074 2.5304 1.3857 26.9509 1.3893 0.8960
Car -1 -1 1.6467 471.7740 177.8843 510.0870 208.7692 1.4275 1.5980 3.8027 -5.9185 1.6921 35.9486 1.4843 0.4038
Car -1 -1 0.5689 0.0000 168.4086 212.3948 242.5796 1.8211 1.8657 4.3400 -13.0554 1.7123 18.7181 -0.0337 0.1745
