Pedestrian -1 -1 -1.5315 702.3235 160.1683 740.4503 275.8064 1.7402 0.5688 0.8517 1.8503 1.4205 11.2800 -1.3782 0.8005
Pedestrian -1 -1 2.0782 240.8492 160.8331 349.6927 342.7016 1.6666 0.7002 0.7451 -3.0041 1.4786 6.9884 1.6795 0.7890
Pedestrian -1 -1 1.9165 99.5508 161.3845 210.5436 343.3740 1.7276 0.6881 0.9190 -4.5689 1.5380 7.3353 1.3693 0.6838
Pedestrian -1 -1 0.2660 770.1705 173.1596 853.5425 322.5200 1.6199 0.5485 0.8075 2.3655 1.5308 8.2294 0.5316 0.6720
Pedestrian -1 -1 -1.8688 721.4941 162.4537 745.5113 212.7793 1.7015 0.6177 0.7365 4.5101 1.0586 24.6875 -1.6951 0.6432
Pedestrian -1 -1 1.2068 684.1938 165.7662 708.5126 214.2883 1.7846 0.6273 0.8761 3.5306 1.2070 26.9174 1.3308 0.5806
Pedestrian -1 -1 -2.0559 718.0804 168.7038 786.9746 293.3130 1.6137 0.5945 0.8233 1.9974 1.4493 9.7801 -1.8653 0.5161
Pedestrian -1 -1 -2.0814 788.0345 163.6479 888.7284 344.0831 1.6477 0.5536 0.9058 2.2530 1.4860 7.0590 -1.7890 0.4781
Pedestrian -1 -1 1.0979 1066.9221 142.5741 1218.3102 374.0000 1.7170 0.6954 0.6548 4.0616 1.4398 5.5092 1.7051 0.4196
Pedestrian -1 -1 -1.6398 743.5139 170.9720 789.1819 282.8061 1.6604 0.6233 0.7680 2.4887 1.5054 11.0864 -1.4296 0.3872
Pedestrian -1 -1 0.1934 203.9603 166.8982 262.5717 257.1251 1.7655 0.5748 0.9585 -7.4353 1.4810 14.4614 -0.2796 0.3314
Pedestrian -1 -1 -1.4871 569.6812 158.8402 581.9756 190.6746 1.8708 0.6712 0.7689 -1.5136 0.5399 42.6098 -1.5272 0.3256
Pedestrian -1 -1 1.1227 735.7421 160.3687 783.4526 253.3376 1.8480 0.6607 0.8202 3.2002 1.4292 14.7539 1.3272 0.2746
Pedestrian -1 -1 -1.7979 621.8885 158.3925 667.8120 238.1899 1.7813 0.6868 1.7576 0.9643 1.2667 16.9582 -1.7472 0.2532
Cyclist -1 -1 -1.7979 621.8885 158.3925 667.8120 238.1899 1.7813 0.6868 1.7576 0.9643 1.2667 16.9582 -1.7472 0.5942
Car -1 -1 1.6729 543.7225 169.7392 594.8394 211.0030 1.5305 1.6405 4.2546 -1.2335 1.0953 28.8096 1.6254 0.9675
