Pedestrian -1 -1 2.4717 795.5264 167.5830 816.7625 203.4878 1.8196 0.6695 0.8112 10.0281 1.5528 37.0317 2.7337 0.4148
Pedestrian -1 -1 1.8902 200.8020 175.3725 247.4488 258.6843 1.8367 0.6372 1.0622 -8.8652 1.8967 16.5159 1.4039 0.2223
Pedestrian -1 -1 -3.2565 1026.3429 113.7215 1104.9484 302.3460 1.8245 0.7736 0.5833 4.6246 1.2529 7.4489 -2.7189 0.1664
Car -1 -1 1.7648 519.0317 176.4807 587.2759 224.3714 1.5686 1.6948 4.1123 -2.0082 1.7109 26.0954 1.6882 0.9433
Car -1 -1 1.6228 584.2858 173.3967 614.8143 200.2433 1.4828 1.5785 3.8026 -0.6009 1.5161 41.8560 1.6081 0.6792
Car -1 -1 0.4081 689.8862 173.2565 749.9221 196.5738 1.5525 1.5854 3.7741 7.5377 1.5815 49.7656 0.5572 0.2522
Car -1 -1 -1.1057 552.8352 167.0663 589.5760 188.5906 1.8444 1.6474 3.9731 -3.4228 1.3489 63.9771 -1.1592 0.2045
Car -1 -1 1.8268 392.2264 180.4713 425.0164 200.9367 1.5531 1.5783 4.0407 -16.2497 2.1904 58.2984 1.5559 0.1949
Car -1 -1 1.6806 431.9403 178.1668 458.2166 200.1230 1.7139 1.6556 4.2903 -13.6113 2.1696 59.6220 1.4568 0.1794
Car -1 -1 1.7900 523.8801 179.2983 574.6830 212.4255 1.5084 1.6231 4.3167 -2.9941 1.8502 35.9757 1.7070 0.1454
Car -1 -1 1.3788 840.4053 168.6320 870.3287 190.0567 1.6760 1.5853 3.8063 19.8059 1.3461 58.4320 1.7038 0.1325
