Pedestrian -1 -1 -1.1662 153.6542 170.1788 192.1423 238.4667 1.8193 0.6753 0.6930 -11.9180 1.7484 19.6088 -1.7065 0.4510
Car -1 -1 -1.7250 655.5381 179.6434 726.0802 234.0532 1.6581 1.7264 4.3185 2.6224 1.9119 24.7343 -1.6214 0.9679
Car -1 -1 -2.8092 275.4016 184.6565 445.0919 243.3232 1.4839 1.6397 3.9981 -6.6729 1.8154 19.4118 -3.1366 0.9321
Car -1 -1 -2.0780 814.8513 203.4388 1242.0000 375.0000 1.4385 1.6060 4.2524 2.8914 1.7520 5.2376 -1.5986 0.8882
Car -1 -1 -2.4036 0.0000 172.0800 272.3580 327.6778 1.5563 1.5905 3.6307 -6.0666 1.5489 8.2161 -3.0245 0.8408
Car -1 -1 -1.6806 644.2427 185.9436 682.7519 219.1417 1.4948 1.5204 3.3478 2.5527 2.1707 35.5318 -1.6101 0.7111
Car -1 -1 3.2205 399.3734 184.7935 493.9785 226.4308 1.5656 1.6311 3.5632 -6.4909 2.0599 28.7930 3.0001 0.7096
Car -1 -1 0.1923 398.3596 172.8952 511.9369 215.3232 1.7859 1.7647 4.5622 -6.6842 1.7881 31.2904 -0.0169 0.6618
Car -1 -1 0.4493 367.1124 184.1638 484.7129 230.2763 1.4491 1.4825 3.5438 -6.2105 1.8471 24.2821 0.2009 0.5716
Car -1 -1 3.2321 445.9940 181.7870 523.6276 211.5239 1.5126 1.6440 3.9239 -6.6233 1.9989 38.2635 3.0614 0.4910
Car -1 -1 0.6679 754.6392 210.5408 1098.8649 373.3071 1.4239 1.6348 3.8519 3.7526 2.0208 9.3439 1.0373 0.4772
Car -1 -1 3.2366 489.7642 175.2365 545.3565 199.5831 1.6891 1.6576 3.7671 -6.5437 1.8612 51.1181 3.1095 0.4748
Car -1 -1 -1.6742 632.7333 184.7794 663.2879 210.1355 1.5436 1.6198 3.8367 2.4438 2.3651 47.7223 -1.6240 0.4643
