Pedestrian -1 -1 1.4330 682.5984 138.2915 731.0445 250.9940 1.9251 0.7238 0.9276 1.7460 1.2058 12.5363 1.5699 0.7420
Pedestrian -1 -1 1.2792 754.9352 141.5752 832.5641 308.8877 1.7596 0.6025 0.8604 2.0305 1.3519 7.8747 1.5239 0.7159
Pedestrian -1 -1 1.5308 514.6920 135.9235 555.3439 240.3930 1.7288 0.6640 0.7044 -1.2506 0.9928 12.0903 1.4326 0.6811
Pedestrian -1 -1 1.3936 654.4568 146.3588 678.8724 204.6568 1.8075 0.6663 0.6171 1.9050 0.7505 22.2541 1.4798 0.6050
Pedestrian -1 -1 1.7171 523.0272 143.6730 599.2772 353.4790 1.7453 0.5664 0.8255 -0.4231 1.4406 6.3118 1.6555 0.4390
Pedestrian -1 -1 -1.4016 425.4429 149.0785 441.1554 185.3924 1.8735 0.6781 0.7516 -8.9630 0.2538 36.8704 -1.6361 0.4389
Pedestrian -1 -1 -2.1935 805.8166 135.8917 921.8625 338.8813 1.5908 0.6690 0.6328 2.1055 1.2429 5.9364 -1.8668 0.4067
Pedestrian -1 -1 1.0548 602.6755 124.2624 697.1497 304.3192 1.7638 0.6864 0.7918 0.4079 1.2146 7.4283 1.1096 0.3888
Pedestrian -1 -1 0.9005 1071.0638 137.2683 1224.0000 370.0000 1.7036 0.6931 0.7537 3.8411 1.4237 4.9919 1.5281 0.3755
Pedestrian -1 -1 -1.4894 116.6046 148.6573 168.5765 261.6624 1.7943 0.6542 0.7469 -7.6854 1.2904 11.7044 -2.0560 0.3420
Pedestrian -1 -1 1.5202 549.7545 142.6306 568.1495 189.9728 1.9000 0.7113 0.7380 -1.9018 0.3817 28.7775 1.4571 0.3118
Pedestrian -1 -1 0.1352 587.6880 140.4346 644.2222 247.6106 1.7894 0.6467 0.8969 0.1544 1.1222 12.1867 0.1496 0.2966
Pedestrian -1 -1 -2.2518 290.2847 144.3875 327.3184 209.7019 1.8303 0.5955 0.8236 -8.5249 0.8199 20.2671 -2.6422 0.2873
Pedestrian -1 -1 -1.7514 239.1236 147.2061 267.1267 209.4222 1.7646 0.6104 0.7313 -10.2528 0.8219 20.5243 -2.2064 0.2522
Pedestrian -1 -1 1.6656 818.3525 148.1024 849.7010 217.7784 1.7046 0.6477 1.2879 5.8094 0.9136 18.0124 1.9743 0.2476
Cyclist -1 -1 0.7075 221.9239 137.5722 331.4171 247.1329 1.7257 0.6269 1.6274 -5.4563 1.0512 11.6599 0.2824 0.4680
Cyclist -1 -1 1.5160 820.3866 148.5856 850.3652 217.4400 1.6837 0.6450 1.3348 5.8179 0.9049 18.0117 1.8252 0.3446
Cyclist -1 -1 -1.4634 255.7437 176.8708 272.3776 221.8457 1.6235 0.3877 1.5429 -12.7060 1.4940 26.3099 -1.9069 0.2593
Cyclist -1 -1 0.1260 587.2482 139.9091 645.8008 247.8622 1.8036 0.6257 0.9392 0.1641 1.1271 12.1840 0.1412 0.1410
Car -1 -1 1.8485 0.0000 12.1466 275.1931 370.0000 1.7471 1.6761 4.5503 -3.0563 1.3847 3.9488 1.2298 0.4314
Car -1 -1 -2.5646 363.8614 151.9933 453.0304 180.6273 1.4775 1.6164 4.4528 -10.5501 0.0080 37.9263 -2.8316 0.2498
