Pedestrian -1 -1 1.6400 973.2219 156.9267 997.8563 209.1662 1.8381 0.7375 0.7758 13.4438 1.2780 25.9073 2.1137 0.2792
Car -1 -1 1.9391 212.3821 189.3584 422.2986 312.2042 1.5283 1.6425 4.2671 -4.4858 1.8451 11.6895 1.5794 0.9703
Car -1 -1 -1.7923 744.6476 164.6209 875.3491 255.9490 1.7318 1.7443 4.5734 4.1735 1.5760 15.9896 -1.5423 0.9666
Car -1 -1 2.1189 0.0000 201.2877 307.1562 375.0000 1.4325 1.5277 3.8233 -4.5659 1.7865 7.0525 1.5608 0.9582
Car -1 -1 -1.7287 720.8914 182.9357 797.1558 239.9853 1.5545 1.6715 4.0056 4.4750 1.8964 22.4072 -1.5350 0.8604
Car -1 -1 1.7539 531.9454 181.3844 574.8617 211.0761 1.4489 1.6023 3.8402 -2.9901 1.9262 38.3456 1.6760 0.7860
Car -1 -1 -1.7844 705.9783 176.8221 764.3129 219.0318 1.5168 1.5335 3.3400 4.7395 1.6802 27.9503 -1.6188 0.7586
Car -1 -1 -1.6532 701.8403 179.4745 744.7972 214.7844 1.4938 1.6259 3.8001 5.1178 1.8168 33.2055 -1.5022 0.4020
Car -1 -1 1.7328 549.4078 176.8614 586.8740 206.0672 1.6779 1.6403 4.1826 -2.5460 1.9359 44.2101 1.6751 0.3542
Car -1 -1 1.6461 591.1661 175.3777 611.7312 194.0255 1.6275 1.5905 3.7350 -0.7692 1.8633 65.4024 1.6340 0.2862
