Pedestrian -1 -1 -1.0153 20.9130 164.7462 51.5096 216.4128 1.8351 0.6945 0.5124 -20.6511 1.5475 25.9185 -1.6831 0.2414
Pedestrian -1 -1 3.2214 311.7690 169.0563 339.2234 218.9796 1.6955 0.5949 0.8364 -9.8590 1.5668 24.9074 2.8478 0.2392
Pedestrian -1 -1 -3.2325 855.1506 135.3029 905.5899 215.9506 1.8926 0.5901 1.0822 6.4396 1.0117 17.3535 -2.8830 0.1999
Pedestrian -1 -1 -0.8772 957.4988 145.8874 1010.4797 231.0288 1.7625 0.6323 0.8123 7.9211 1.2046 15.3858 -0.4099 0.1102
Pedestrian -1 -1 1.2390 375.8739 153.7684 402.5181 208.4946 1.8857 0.6521 0.8619 -7.8208 1.2284 25.3995 0.9429 0.1076
Cyclist -1 -1 1.1352 783.7714 137.7436 818.4802 191.2099 1.7976 0.5452 1.5759 6.5822 0.6175 25.0805 1.3888 0.2028
Cyclist -1 -1 -0.1849 339.3331 166.1275 371.7345 197.4373 1.7887 0.6265 1.6891 -14.8128 1.4048 41.9112 -0.5229 0.1137
Cyclist -1 -1 1.8692 312.7848 169.0081 338.5091 219.1079 1.6992 0.6009 0.8554 -9.8578 1.5691 24.9181 1.4958 0.1027
Car -1 -1 1.6983 553.2761 177.1702 588.3247 202.7586 1.4462 1.6317 3.8518 -2.3476 1.7182 43.4267 1.6442 0.6860
Car -1 -1 0.9119 51.6468 159.5285 150.5307 195.5939 1.6179 1.6116 4.1027 -23.8294 1.0205 33.7428 0.3006 0.1168
Car -1 -1 1.9439 279.0926 175.4367 343.2672 208.6829 1.4570 1.5350 3.6658 -13.9357 1.5848 33.7500 1.5548 0.1136
Car -1 -1 2.1430 343.3524 178.6443 391.8141 201.3983 1.5744 1.5685 3.7914 -17.7752 2.0163 52.9863 1.8206 0.1047
