Pedestrian -1 -1 1.3878 337.3409 169.5778 355.0108 203.5296 1.7723 0.7063 1.0254 -14.0385 1.6016 38.2828 1.0382 0.3974
Pedestrian -1 -1 -1.2100 151.4113 137.4638 271.5396 346.6234 1.6933 0.7286 0.6145 -3.4475 1.4072 6.1906 -1.7008 0.3228
Pedestrian -1 -1 -0.3958 738.8881 164.1529 753.3331 194.0617 1.8743 0.6127 0.7151 8.5661 1.3294 45.5888 -0.2115 0.3125
Cyclist -1 -1 1.3691 336.7145 169.2933 353.7737 203.9589 1.8028 0.6567 1.0156 -14.0301 1.6180 38.1255 1.0185 0.1464
Car -1 -1 1.2526 681.1316 165.0945 726.0259 194.3465 1.9220 1.7387 4.4974 6.3634 1.4125 49.7788 1.3787 0.9019
Car -1 -1 0.7557 959.5501 161.3351 1016.3602 184.5172 1.6694 1.5956 3.6578 28.1753 0.8403 53.9468 1.2347 0.8930
Car -1 -1 3.1047 384.4597 171.1354 469.4949 205.1013 1.5051 1.5991 3.7151 -8.4763 1.4293 33.2588 2.8567 0.8588
Car -1 -1 1.9903 11.9277 176.0385 68.9601 202.2017 1.6205 1.5459 3.6998 -37.1761 1.8377 47.1534 1.3253 0.5508
Car -1 -1 -1.9900 712.9402 169.9208 757.5875 193.6557 1.6118 1.6609 3.9007 8.7896 1.4130 51.0917 -1.8210 0.4894
Car -1 -1 -2.3577 908.5416 164.8080 969.9310 187.6065 1.6167 1.6017 4.2303 24.2795 1.0465 53.4245 -1.9334 0.3964
Car -1 -1 2.1674 52.2439 172.8292 122.1442 199.2141 1.6552 1.6790 4.1274 -34.2374 1.6540 47.3458 1.5439 0.3386
