Pedestrian -1 -1 0.0704 759.0358 137.1802 865.8801 315.5654 1.7749 0.6661 1.0467 2.1627 1.3455 7.5189 0.3414 0.7793
Pedestrian -1 -1 1.3037 580.7664 133.7540 620.0314 222.0012 1.8670 0.6551 0.8532 -0.1499 0.8796 15.4532 1.2964 0.7766
Pedestrian -1 -1 1.4586 545.0721 141.3250 582.9647 228.2114 1.8015 0.7156 0.8831 -0.9293 0.9909 15.1509 1.4007 0.7611
Pedestrian -1 -1 1.2789 425.4966 142.8135 463.7596 222.7488 1.7881 0.6481 0.8465 -3.7519 0.9467 16.3386 1.0595 0.6610
Pedestrian -1 -1 -2.2524 672.1367 141.2950 705.0632 203.0811 1.8722 0.6567 0.7998 2.5582 0.6858 21.9330 -2.1359 0.6409
Pedestrian -1 -1 1.2097 442.3621 143.6353 476.0914 212.0085 1.8223 0.6465 0.8549 -4.0351 0.8414 19.3735 1.0098 0.4780
Pedestrian -1 -1 1.0718 502.2401 138.5360 544.0706 220.8123 1.8534 0.6568 0.8159 -1.9476 0.9097 16.4453 0.9583 0.4551
Pedestrian -1 -1 0.8501 689.7239 125.4500 810.6215 322.3481 1.8075 0.6903 1.0081 1.3845 1.3038 7.0952 1.0367 0.4397
Pedestrian -1 -1 -1.4337 77.0846 155.7903 107.7276 217.0049 1.8260 0.6628 0.7011 -15.6495 1.0905 21.5504 -2.0528 0.4278
Pedestrian -1 -1 -1.3586 109.8068 149.6118 168.1335 264.3142 1.8336 0.6556 0.7778 -7.7909 1.3415 11.7767 -1.9287 0.4271
Pedestrian -1 -1 1.3884 769.4218 135.6229 839.5458 302.5732 1.8895 0.6384 0.9333 2.3222 1.3833 8.4871 1.6480 0.3812
Pedestrian -1 -1 -2.0377 236.5703 140.8573 289.7000 241.7921 1.6632 0.6214 0.5878 -5.8814 1.0116 12.0714 -2.4785 0.3771
Pedestrian -1 -1 2.8192 566.9918 143.1052 602.1383 211.7729 1.8147 0.4968 0.8325 -0.5889 0.8281 19.0570 2.7910 0.3045
Pedestrian -1 -1 3.2716 308.7738 152.6523 350.9545 195.6877 1.8253 0.6414 1.6247 -11.8706 0.6457 30.4853 2.9059 0.1546
Cyclist -1 -1 0.6291 236.0137 126.0862 343.6755 237.8855 1.7970 0.5129 1.6627 -5.2977 0.9240 11.7910 0.2192 0.4953
Cyclist -1 -1 0.1634 308.0515 152.5650 351.4240 194.9389 1.7983 0.6360 1.6606 -11.8744 0.6143 30.4801 -0.2026 0.4806
Cyclist -1 -1 -2.6177 619.6608 154.4993 669.2670 200.3999 1.6775 0.5389 1.8373 1.4473 0.7288 26.5644 -2.5620 0.4367
Cyclist -1 -1 -2.5635 401.7916 153.9920 436.6733 190.8186 1.7941 0.6015 1.6026 -9.2063 0.5041 34.9808 -2.8166 0.2816
Cyclist -1 -1 -0.0147 759.9898 136.8066 869.6467 316.2755 1.7931 0.6723 1.0707 2.1601 1.3583 7.5201 0.2560 0.1923
Cyclist -1 -1 1.3623 424.8085 141.8669 460.4531 223.5973 1.8175 0.6343 0.8689 -3.7778 0.9600 16.2457 1.1402 0.1141
Cyclist -1 -1 -2.4356 669.8406 141.3896 706.5723 204.1620 1.8981 0.6389 0.9423 2.5469 0.7170 21.9369 -2.3196 0.1111
Car -1 -1 1.8433 0.0000 36.0777 282.9827 370.0000 1.7699 1.6920 4.5839 -3.0621 1.4400 4.0613 1.2359 0.5097
