Pedestrian -1 -1 1.4929 349.1095 174.3008 388.4776 254.6423 1.7541 0.7804 0.8645 -5.5134 1.7883 16.3204 1.1714 0.3227
Pedestrian -1 -1 -0.5500 858.2767 160.4212 915.1863 267.7399 1.7334 0.7997 0.5483 4.5751 1.5330 12.0976 -0.1974 0.2767
Cyclist -1 -1 1.8831 328.5815 154.5888 480.4814 375.0000 1.7666 0.5975 1.7611 -1.5578 1.6480 5.5889 1.6215 0.8129
Car -1 -1 -1.8831 775.3699 189.6155 1182.9553 375.0000 1.4769 1.5975 3.5513 2.3712 1.6531 5.7467 -1.5112 0.9662
Car -1 -1 -1.3919 467.2796 183.4715 544.1741 239.2831 1.4128 1.5493 3.7716 -2.9697 1.7489 20.9044 -1.5320 0.9362
Car -1 -1 1.7910 350.7077 172.9470 501.5081 287.3990 1.7492 1.7270 4.2233 -3.1824 1.7515 13.1512 1.5572 0.9072
Car -1 -1 -2.2703 0.0000 178.7985 142.0032 354.0473 1.4059 1.5756 4.1408 -7.0047 1.4706 6.8280 -3.0489 0.8232
Car -1 -1 1.4982 631.3197 178.0329 668.8792 208.3584 1.4823 1.6668 4.1389 2.0256 1.7709 38.0644 1.5504 0.7876
Car -1 -1 1.7431 555.1229 171.7145 583.4137 193.1740 1.6169 1.5985 3.6779 -3.1689 1.5314 56.2833 1.6867 0.5943
Car -1 -1 -1.6471 522.9649 176.6846 548.1910 199.0399 1.5777 1.5799 3.6958 -5.5800 1.8727 53.5491 -1.7508 0.3095
