Pedestrian -1 -1 -2.1517 1217.0789 130.8927 1242.0000 182.8367 1.9507 0.6921 0.6045 23.6380 0.3752 27.4366 -1.4457 0.1664
Pedestrian -1 -1 1.1319 789.4766 135.3072 822.1379 192.6059 1.8871 0.6592 1.0898 6.5546 0.6509 24.3559 1.3916 0.1552
Pedestrian -1 -1 -2.1067 1191.6915 99.0990 1242.0000 195.1746 1.8641 0.5979 1.0657 12.3712 0.4334 14.5702 -1.4123 0.1353
Cyclist -1 -1 1.4729 698.4438 180.4233 710.3617 212.6299 1.6703 0.4529 1.8255 5.0289 2.0870 38.7687 1.6003 0.1382
Car -1 -1 1.7754 392.4279 180.4604 444.8248 215.9887 1.5521 1.6098 4.1400 -9.1214 1.9387 34.5303 1.5186 0.8836
Car -1 -1 1.9378 375.7087 173.6955 426.5129 207.6245 1.9708 1.6225 4.0844 -12.7369 2.0251 44.1178 1.6580 0.8540
Car -1 -1 -1.5596 586.5223 176.1286 612.0863 199.8809 1.5158 1.6504 3.8644 -0.7301 1.7452 48.5141 -1.5750 0.7137
Car -1 -1 -1.5474 1060.5991 153.7861 1108.1965 192.8557 1.5563 1.6091 3.7039 20.1847 0.7971 30.7213 -0.9706 0.1562
Car -1 -1 1.6733 436.1430 180.9829 476.9503 212.3562 1.3990 1.5642 3.7611 -7.4565 1.8173 35.1369 1.4652 0.1420
Car -1 -1 -3.1701 769.8686 158.3984 839.4058 183.9821 1.5126 1.6171 4.0138 11.7616 0.6583 43.9047 -2.9102 0.1125
