Pedestrian -1 -1 -1.8617 854.7748 167.4437 961.4164 371.5968 1.5591 0.5833 0.8132 2.3648 1.5181 5.9336 -1.5006 0.6654
Pedestrian -1 -1 3.0485 89.0056 185.7694 125.7563 246.5136 1.8067 0.6995 0.8707 -15.5392 2.2150 22.2386 2.4440 0.4271
Pedestrian -1 -1 0.8789 0.0000 195.3586 33.5935 266.4246 1.7066 0.6725 0.8304 -15.0957 2.2809 17.9909 0.1879 0.4204
Pedestrian -1 -1 -0.2219 709.4673 176.9083 725.9767 210.1599 1.7023 0.6166 0.7259 5.5367 1.9144 37.3524 -0.0765 0.3576
Pedestrian -1 -1 -2.0272 344.3929 182.7321 361.9436 212.9538 1.7132 0.6791 0.7888 -14.8990 2.2923 41.7566 -2.3683 0.2510
Pedestrian -1 -1 -0.1171 949.3923 85.8545 1226.2611 375.0000 1.6750 0.6056 1.1915 2.4935 1.2550 3.9983 0.4079 0.2206
Pedestrian -1 -1 -0.1400 921.2761 101.1625 1242.0000 360.9264 1.5649 0.5828 1.7987 3.0673 1.1333 4.9540 0.3881 0.1188
Cyclist -1 -1 -0.1400 921.2761 101.1625 1242.0000 360.9264 1.5649 0.5828 1.7987 3.0673 1.1333 4.9540 0.3881 0.2874
Cyclist -1 -1 -2.0814 1043.2611 136.2577 1128.8153 237.4065 1.7493 0.4524 1.8636 8.7474 1.1167 13.4189 -1.5139 0.2684
Cyclist -1 -1 2.5536 895.3952 94.6953 1242.0000 375.0000 1.6552 0.5312 1.7605 2.4952 1.2590 3.9767 3.0811 0.2683
Car -1 -1 1.8944 319.3424 196.0803 399.6530 239.4694 1.4143 1.7306 3.9275 -9.5142 2.3664 27.5933 1.5648 0.8008
Car -1 -1 1.6905 602.8962 178.1625 635.0934 203.6919 1.5295 1.6167 3.7910 0.5818 1.8832 46.0365 1.7026 0.5857
Car -1 -1 -1.1561 171.3186 185.8479 350.2021 275.2943 1.5015 1.7093 4.2055 -6.9736 1.8073 14.8424 -1.5889 0.3652
Car -1 -1 1.4723 989.6049 173.5915 1022.4972 197.0816 1.5070 1.5514 3.8306 26.5373 1.5591 48.4846 1.9702 0.2931
Car -1 -1 1.8784 487.2065 186.7396 517.9835 204.5685 1.5474 1.7130 4.1076 -10.1234 2.9010 68.1539 1.7311 0.2679
