Car -1 -1 -1.7581 656.1651 181.2434 742.0861 240.3098 1.4713 1.6461 4.2753 2.3975 1.7389 20.7865 -1.6458 0.9675
Car -1 -1 -1.9302 721.8273 190.0456 911.9164 309.2103 1.4296 1.5669 3.5266 2.8887 1.7365 11.0233 -1.6817 0.9544
Car -1 -1 -2.6264 134.1850 186.6213 388.2692 276.8081 1.5826 1.6809 4.1426 -6.6791 1.8683 13.9569 -3.0659 0.9501
Car -1 -1 0.4216 263.0504 178.7136 432.8955 241.2706 1.5335 1.5814 3.8519 -6.8017 1.6942 18.8004 0.0785 0.9083
Car -1 -1 3.5007 199.5614 184.3262 406.2547 255.5414 1.5020 1.5871 4.0101 -6.8884 1.7762 16.3549 3.1074 0.8918
Car -1 -1 -2.5091 55.8851 196.5555 329.0971 295.8776 1.4026 1.5135 3.6282 -6.6761 1.8165 11.6182 -3.0212 0.8801
Car -1 -1 0.2882 361.3614 185.5425 493.4459 230.2239 1.4297 1.5577 4.0627 -6.1676 1.8751 24.4411 0.0430 0.8591
Car -1 -1 0.6349 0.0000 191.2401 281.1492 320.7737 1.4897 1.5237 3.5414 -6.4421 1.7505 9.3765 0.0458 0.8576
Car -1 -1 -1.7168 646.2928 178.4444 696.8537 213.8941 1.4153 1.6032 4.1044 2.5835 1.6765 31.5664 -1.6365 0.8393
Car -1 -1 0.7205 0.0000 188.9847 220.8598 360.5061 1.4173 1.5842 4.2322 -6.3249 1.5899 6.9055 -0.0020 0.8301
Car -1 -1 -1.7233 628.9303 177.3365 661.1412 201.0040 1.5779 1.6691 4.0403 2.4046 1.9080 50.9919 -1.6769 0.7892
Car -1 -1 0.2159 391.7653 170.1765 486.9410 211.6469 1.6481 1.5620 3.5313 -6.9613 1.5421 29.4793 -0.0144 0.7424
