Pedestrian -1 -1 2.0478 349.0234 155.9943 376.8380 206.0615 1.9213 0.7015 0.8803 -9.6831 1.2747 28.1726 1.7194 0.1918
Pedestrian -1 -1 0.6180 223.1435 171.9154 239.0476 198.9355 1.8788 0.5215 0.8385 -26.5394 1.8139 50.4844 0.1359 0.1639
Pedestrian -1 -1 0.1266 651.4298 183.8235 662.3630 207.3123 1.8355 0.5663 0.7987 3.6857 2.7089 57.0660 0.1902 0.1386
Pedestrian -1 -1 0.6594 291.2060 176.4058 303.0972 197.2819 1.7941 0.5162 0.7954 -27.1092 2.1037 62.4734 0.2513 0.1335
Cyclist -1 -1 1.5716 667.7580 164.5901 676.0164 189.2681 1.8222 0.6078 1.3057 4.6000 1.2124 53.9520 1.6559 0.1264
Car -1 -1 -1.4109 446.8850 187.7285 525.8268 249.1569 1.5015 1.6388 3.4781 -3.4179 1.9547 20.2221 -1.5770 0.9744
Car -1 -1 -1.3236 359.3406 187.7483 438.6054 238.7617 1.4430 1.6053 3.6449 -6.7694 1.9633 23.3342 -1.6035 0.9530
Car -1 -1 1.5214 536.1131 181.4698 560.9647 204.7931 1.5428 1.5743 3.3453 -4.3824 2.1708 50.7938 1.4353 0.2123
Car -1 -1 -2.6755 246.9201 169.4752 306.1933 195.3041 1.9381 1.6753 3.7534 -25.4322 1.6849 55.0417 -3.1067 0.1786
Car -1 -1 -0.5978 786.1142 174.2840 851.0776 196.4569 1.4596 1.6227 4.0338 14.1536 1.5600 49.0796 -0.3190 0.1694
