Cyclist -1 -1 -3.3639 780.7253 177.8806 835.6495 224.7871 1.5935 0.6528 1.7282 6.7949 1.7702 24.9476 -3.1016 0.2581
Car -1 -1 2.6695 860.6121 171.3470 996.2001 219.5962 1.4361 1.4623 3.5650 9.7468 1.3916 22.3195 3.0759 0.9491
Car -1 -1 0.5279 64.2240 184.5809 263.1004 254.7732 1.9543 1.8758 4.7205 -13.1473 2.3183 21.3936 -0.0179 0.9283
Car -1 -1 -0.7564 1171.8610 150.2461 1242.0000 233.6364 1.4854 1.6320 3.9667 13.2146 1.0831 13.6686 0.0013 0.7313
Car -1 -1 1.2950 243.0684 189.1066 309.3920 229.2063 1.5137 1.5996 3.7809 -14.3203 2.2513 30.7751 0.8624 0.5821
Car -1 -1 2.3650 1009.7221 170.4074 1175.0668 220.2838 1.4609 1.6584 4.3697 14.8676 1.3896 22.3706 2.9451 0.5525
Car -1 -1 2.6003 940.4869 146.0702 1051.4227 183.0925 1.6004 1.6516 4.0936 17.0916 0.4429 32.1270 3.0854 0.3430
Car -1 -1 -1.7041 781.2982 177.9442 833.2875 221.8486 1.4717 1.4873 2.2137 6.9277 1.6614 25.6517 -1.4439 0.3187
Car -1 -1 -0.0029 95.8763 185.8909 195.0557 223.7546 1.4907 1.5966 3.5232 -20.0279 2.0831 31.1451 -0.5707 0.2676
Car -1 -1 1.4901 511.4714 159.1877 547.8322 188.0001 1.5620 1.7336 4.1270 -4.6814 0.8215 41.3055 1.3777 0.2602
