Car -1 -1 -1.9716 810.8369 183.1188 1153.5792 372.2732 1.4332 1.5927 4.0246 3.4388 1.5718 7.6984 -1.5667 0.9746
Car -1 -1 2.0951 0.0000 196.5759 310.7242 375.0000 1.5334 1.6112 4.0514 -4.7693 1.8479 7.5063 1.5445 0.9532
Car -1 -1 -1.7326 719.3430 179.7339 810.8562 248.5238 1.5311 1.6437 3.7722 3.7762 1.7248 18.3558 -1.5337 0.9430
Car -1 -1 -1.8281 741.2836 184.4371 902.0134 290.7644 1.5315 1.6792 4.0453 3.4940 1.7707 12.8544 -1.5696 0.9421
Car -1 -1 1.9170 227.6339 188.8862 417.6320 293.9487 1.4417 1.6507 4.4237 -4.8573 1.7758 12.7965 1.5604 0.9389
Car -1 -1 1.7409 466.3222 180.1649 521.1619 222.4225 1.5372 1.5674 3.5550 -4.5917 1.8459 28.6492 1.5828 0.9208
Car -1 -1 -1.7564 695.1794 180.5280 766.8702 229.8494 1.4479 1.5834 4.0573 3.8587 1.7239 23.8667 -1.5988 0.9076
Car -1 -1 1.7467 492.3483 178.5252 540.2522 213.5488 1.4905 1.5369 3.8780 -4.3032 1.7682 33.3156 1.6187 0.7865
Car -1 -1 -1.7067 694.2214 176.9466 743.9802 215.4065 1.4483 1.5343 3.3406 4.3162 1.6238 29.2025 -1.5620 0.6686
Car -1 -1 -2.4710 1082.8579 189.9518 1242.0000 375.0000 1.5419 1.5860 3.7802 3.6302 1.6474 2.5376 -1.5642 0.6679
Car -1 -1 -3.1399 627.0461 173.7878 674.9219 190.6660 1.5523 1.7475 4.4116 3.8097 1.6412 67.4666 -3.0840 0.6079
