Pedestrian -1 -1 3.3226 104.4896 189.1457 146.6948 258.9911 1.7118 0.6469 0.7854 -12.3528 2.1367 18.3443 2.7364 0.3061
Pedestrian -1 -1 1.2671 490.1096 168.1650 511.1857 213.8812 1.7769 0.6196 0.7760 -4.3692 1.5950 28.5260 1.1160 0.2449
Pedestrian -1 -1 -1.3791 525.8846 170.5544 544.5239 205.2445 1.6775 0.7621 0.8448 -3.6973 1.5667 35.3430 -1.4830 0.2332
Pedestrian -1 -1 -0.8826 1049.2821 165.4795 1114.8484 272.2513 1.7423 0.5831 0.7527 7.9018 1.6223 12.1661 -0.3183 0.1821
Pedestrian -1 -1 -1.1777 306.6953 143.9065 351.8463 230.4536 1.8843 0.7037 0.7507 -6.2999 1.2544 16.0904 -1.5457 0.1611
Cyclist -1 -1 -2.3697 1050.4994 70.6502 1242.0000 295.7975 1.7614 0.6337 1.8051 4.9456 0.9622 6.5860 -1.7466 0.4232
Car -1 -1 -1.5637 667.1748 169.2803 704.4822 203.4024 1.4133 1.5410 3.5559 3.2999 1.2657 31.7343 -1.4615 0.8049
Car -1 -1 1.7783 579.1196 174.1492 624.2164 203.1774 1.4783 1.6479 4.0348 -0.4304 1.5526 39.0729 1.7669 0.7714
Car -1 -1 -1.1719 375.1999 186.5728 472.5496 239.9966 1.4729 1.5930 3.9268 -5.8594 1.9500 23.0104 -1.4192 0.5583
Car -1 -1 -1.0929 698.4553 174.9837 739.6983 196.7979 1.7052 1.7126 3.9419 8.9129 1.8856 58.9070 -0.9439 0.2360
Car -1 -1 -1.5915 729.5912 162.7271 760.6024 191.9532 1.5092 1.5638 3.9139 7.2812 0.9866 39.3129 -1.4100 0.1710
Car -1 -1 0.9021 613.4550 169.6334 681.2021 201.2910 1.7926 1.6999 4.3573 2.1375 1.6106 43.1217 0.9508 0.1571
