Pedestrian -1 -1 1.1747 729.2045 174.7976 750.3823 214.3001 1.7997 0.6799 0.8705 5.9673 1.8914 33.4178 1.3492 0.7316
Pedestrian -1 -1 -1.0879 892.8279 166.5421 929.0115 222.9665 1.6925 0.7335 0.8184 9.2067 1.5036 22.1848 -0.6998 0.4789
Pedestrian -1 -1 -0.1670 674.3979 174.5535 685.4633 197.5483 1.8274 0.5549 0.7986 5.5647 1.9643 57.6873 -0.0717 0.3431
Pedestrian -1 -1 -2.9273 748.8526 170.4083 768.8766 199.3826 1.7708 0.6490 1.1009 9.1734 1.6217 44.6133 -2.7263 0.2564
Pedestrian -1 -1 1.1759 703.3441 173.8743 714.7484 201.2973 1.9104 0.5229 0.8078 6.9362 1.9832 50.7552 1.3105 0.2366
Pedestrian -1 -1 -0.0043 712.6451 168.0789 723.3453 190.2695 1.8940 0.4157 0.9041 9.2344 1.4868 61.8534 0.1429 0.2233
Cyclist -1 -1 -2.8796 748.2255 170.4380 770.3889 199.5122 1.7754 0.6432 1.2179 9.2011 1.6283 44.6188 -2.6780 0.1937
Cyclist -1 -1 -0.4334 890.8369 165.2295 932.7387 221.9678 1.7151 0.7233 0.9730 9.2264 1.4850 22.1907 -0.0446 0.1446
Car -1 -1 2.1950 0.0000 193.3658 112.5506 265.5253 1.4133 1.5789 3.6415 -13.7797 1.9510 17.0413 1.5225 0.8688
Car -1 -1 1.8628 320.3282 182.0842 375.3016 212.0607 1.4953 1.6988 4.1221 -14.2697 2.0265 39.3896 1.5171 0.7528
Car -1 -1 -0.8134 975.5520 179.7449 1201.3662 260.6646 1.5543 1.6728 4.1092 10.1017 1.7141 15.3827 -0.2418 0.3591
