Car -1 -1 -1.7072 656.9248 180.2581 726.5922 237.1366 1.6277 1.6972 3.6272 2.4703 1.8826 22.9633 -1.6023 0.9719
Car -1 -1 1.6986 486.5971 184.8542 550.9311 240.3926 1.5507 1.5752 3.3709 -2.8242 1.9544 22.5616 1.5748 0.9513
Car -1 -1 1.8986 136.4097 192.8617 474.5850 375.0000 1.4657 1.6887 4.5731 -2.7482 1.7418 7.6516 1.5635 0.9486
Car -1 -1 1.2371 748.2444 191.4588 994.6351 360.2699 1.5217 1.5848 3.5495 2.8000 1.7929 8.6987 1.5372 0.9344
Car -1 -1 0.9083 836.6317 196.4259 1242.0000 375.0000 1.4573 1.6322 4.0023 2.4683 1.6281 3.1798 1.5236 0.7965
Car -1 -1 -1.6696 642.0041 178.3585 686.5413 218.8544 1.6939 1.6111 3.9840 2.3622 1.9594 32.7389 -1.5989 0.7551
Car -1 -1 -1.6813 651.4049 185.7782 699.9310 228.0863 1.4682 1.4898 3.2109 2.4206 1.9930 27.6521 -1.5957 0.6650
Car -1 -1 1.7600 544.7869 182.9192 581.1852 209.6343 1.6080 1.6284 4.1402 -3.0578 2.2970 47.2062 1.6952 0.6000
Car -1 -1 -1.7466 686.6945 172.5602 725.8474 202.3308 1.6198 1.5648 3.7764 5.4096 1.6042 41.1780 -1.6173 0.4961
Car -1 -1 -1.6768 634.9618 177.7403 666.1351 204.2067 1.6296 1.6331 3.7263 2.5728 1.9614 47.0309 -1.6230 0.4959
