Pedestrian -1 -1 -3.3406 1002.8937 133.4776 1151.3975 320.7566 1.6751 0.6133 1.0761 4.4702 1.2470 6.8966 -2.7881 0.8036
Pedestrian -1 -1 -1.8070 588.9873 176.2615 612.9728 228.2915 1.6353 0.5946 0.7945 -0.0461 1.4718 23.0324 -1.8143 0.7725
Pedestrian -1 -1 0.2760 637.3344 171.3194 686.7350 260.1537 1.8066 0.6763 0.8868 1.2399 1.6008 15.0757 0.3511 0.7646
Pedestrian -1 -1 -1.7580 131.7786 177.2171 245.8381 374.0000 1.5083 0.6926 0.8117 -3.5141 1.4770 6.0145 -2.2744 0.7021
Pedestrian -1 -1 -3.0804 762.6878 151.9507 845.0402 294.7722 1.7661 0.5825 0.9980 2.5831 1.4021 9.3134 -2.8227 0.6986
Pedestrian -1 -1 1.5710 251.8503 179.6727 300.2075 297.2256 1.7739 0.6736 0.8975 -5.1977 1.7476 11.3850 1.1455 0.6066
Pedestrian -1 -1 -1.4254 341.5480 188.4576 369.0621 252.4151 1.6511 0.5739 0.8909 -6.5814 1.8425 19.1398 -1.7580 0.5762
Pedestrian -1 -1 -3.1562 615.2421 175.6876 643.5645 231.6476 1.7465 0.6275 0.8815 0.8524 1.5662 22.7383 -3.1245 0.5659
Pedestrian -1 -1 1.4784 99.9154 162.9351 136.2998 234.9576 1.8037 0.6999 0.8957 -12.5222 1.3399 18.5549 0.8861 0.4958
Pedestrian -1 -1 1.8176 506.2001 177.7103 534.1055 235.1041 1.8552 0.6835 1.0694 -2.7080 1.7338 23.7906 1.7001 0.4578
Pedestrian -1 -1 -2.8328 1075.4829 133.8048 1127.5955 244.9123 1.6440 0.5680 0.5144 7.6183 0.9396 11.0042 -2.2435 0.4566
Pedestrian -1 -1 -2.2658 598.7764 175.0328 620.4985 214.3918 1.7319 0.6623 0.7198 0.3525 1.4483 32.0942 -2.2601 0.3880
Pedestrian -1 -1 -2.4139 883.8090 155.0651 930.2063 227.9021 1.7708 0.6457 0.8546 7.6111 1.1293 17.9867 -2.0240 0.3403
Pedestrian -1 -1 0.9918 126.1846 189.0314 184.1242 271.6415 1.7592 0.6986 0.9231 -9.9110 1.9325 15.8992 0.4361 0.3380
Pedestrian -1 -1 -1.7315 694.6691 180.7710 728.1237 246.2405 1.5954 0.5583 1.7223 2.7592 1.5788 18.3682 -1.5899 0.2072
Cyclist -1 -1 -1.7315 694.6691 180.7710 728.1237 246.2405 1.5954 0.5583 1.7223 2.7592 1.5788 18.3682 -1.5899 0.6444
Cyclist -1 -1 0.1578 636.8270 170.6259 686.9883 260.5428 1.8332 0.6632 0.9621 1.2390 1.6127 15.0761 0.2328 0.1616
Cyclist -1 -1 -3.3702 1005.1434 131.7765 1149.4454 316.2813 1.6590 0.6365 1.0293 4.4907 1.2133 6.9219 -2.8172 0.1528
Car -1 -1 1.8240 358.1613 167.9619 481.5163 258.2151 2.0166 1.9304 4.7007 -4.4868 1.7154 18.4097 1.5827 0.8695
Car -1 -1 1.6842 440.2670 173.1376 505.1039 236.9241 2.0195 1.7357 4.4999 -4.4081 1.7558 25.0408 1.5063 0.8612
Car -1 -1 -1.5097 0.0000 166.5345 225.6562 374.0000 1.6562 1.6722 4.1118 -4.9212 1.5504 7.3393 -2.0901 0.3612
Car -1 -1 1.5198 513.8880 180.0355 535.6334 200.1634 1.5827 1.5466 3.7996 -6.2435 1.4680 58.4800 1.4089 0.3592
Car -1 -1 -1.6147 586.5306 172.8923 611.9316 197.4954 1.7871 1.7150 4.0590 -0.1823 1.1625 54.2477 -1.6231 0.3471
Car -1 -1 2.5995 0.0000 0.0000 1238.0000 374.0000 1.4718 1.5778 3.6374 -2.1375 1.5263 0.9741 1.5464 0.3453
Car -1 -1 -1.4433 588.3676 179.1053 627.9216 210.7683 1.5733 1.6449 3.5883 0.3919 1.4552 37.5785 -1.4380 0.3370
Car -1 -1 1.7411 0.0000 196.7823 39.7790 248.5666 1.4397 1.6210 4.0676 -19.6948 1.9849 23.4100 1.0419 0.3329
