Pedestrian -1 -1 3.2140 182.3365 183.3746 212.2543 234.2626 1.7751 0.7443 0.8795 -14.8533 2.1609 25.9076 2.6975 0.5223
Pedestrian -1 -1 -1.4858 812.2936 170.3815 828.6096 212.7581 1.7510 0.6067 0.6393 8.7751 1.6492 30.2175 -1.2063 0.2391
Pedestrian -1 -1 -1.8897 718.8964 172.4945 728.7036 193.7354 1.8227 0.6250 0.7730 9.8096 1.7922 62.3461 -1.7348 0.1858
Pedestrian -1 -1 -0.4455 813.8527 158.7745 844.0309 205.2208 1.8301 0.6141 0.9835 8.6948 1.2757 28.8064 -0.1556 0.1706
Pedestrian -1 -1 0.1512 825.9401 151.4171 853.8135 205.4093 1.8519 0.6082 0.8485 7.9883 1.1170 25.2051 0.4545 0.1699
Cyclist -1 -1 3.2771 220.2673 183.0345 270.6539 228.1592 1.7934 0.6169 1.7723 -14.9339 2.2184 29.5133 2.8119 0.8542
Cyclist -1 -1 3.0988 178.0084 181.5648 220.4030 232.3831 1.7660 0.7014 1.2972 -14.8078 2.0871 25.9314 2.5840 0.3098
Car -1 -1 -1.6296 590.8699 173.7720 623.8543 202.1739 1.5169 1.6177 3.9856 -0.2281 1.5717 40.7070 -1.6357 0.7102
Car -1 -1 -1.2009 229.5601 187.6419 376.5783 262.7935 1.4190 1.6314 4.2996 -6.9077 1.8048 16.6376 -1.5893 0.2415
Car -1 -1 -1.3770 179.9072 182.7721 238.2466 226.1402 1.4907 1.4358 2.4983 -14.9076 1.8795 26.8505 -1.8799 0.2221
Car -1 -1 0.4410 1131.0591 154.1811 1242.0000 187.8580 1.6298 1.7484 4.1171 29.5415 0.7265 37.1477 1.1089 0.2200
