Pedestrian -1 -1 1.2127 969.8410 159.7397 1009.4056 231.2648 1.8149 0.6282 0.9054 9.8268 1.4825 18.7920 1.6876 0.5717
Pedestrian -1 -1 -1.2114 674.0977 168.8443 700.6444 224.4819 1.7594 0.6410 0.7210 2.4542 1.6329 23.2794 -1.1084 0.4893
Cyclist -1 -1 0.2420 967.6432 159.5652 1011.7348 230.4434 1.7927 0.6198 0.8965 9.8309 1.4569 18.7747 0.7175 0.1025
Car -1 -1 -1.4230 651.4415 176.0692 742.9229 251.2354 1.5690 1.6182 3.9956 2.1599 1.6564 17.3828 -1.3023 0.9539
Car -1 -1 -1.6723 890.5498 170.4333 1021.3812 272.5597 1.5842 1.7041 3.8064 6.1216 1.5470 13.2647 -1.2491 0.9455
Car -1 -1 -1.3861 688.6481 178.5957 770.2056 233.7206 1.4905 1.7169 4.4184 3.7576 1.6877 22.3693 -1.2226 0.9112
Car -1 -1 -1.6670 870.5963 172.2752 915.3774 207.0027 1.5045 1.5474 3.7248 12.9432 1.4798 33.2579 -1.2993 0.8242
Car -1 -1 1.6291 778.6362 172.8414 808.3767 198.7003 1.6472 1.6976 4.0893 12.2546 1.6467 48.1639 1.8764 0.5583
Car -1 -1 -1.6597 887.5079 178.1055 960.8467 246.0654 1.5898 1.4636 2.8010 8.0046 1.7374 18.6734 -1.2612 0.3678
Car -1 -1 1.4334 792.0803 173.9619 817.9078 192.6832 1.5354 1.5794 4.0129 16.5638 1.6334 61.5093 1.6950 0.2920
Car -1 -1 -1.6534 866.5524 170.7054 900.1568 198.9041 1.6903 1.6272 4.1082 17.1348 1.5618 45.4456 -1.2954 0.2637
Car -1 -1 -0.4861 675.2945 165.1344 749.9286 193.1134 1.6437 1.7081 4.1834 6.2058 1.1906 43.9003 -0.3469 0.2554
