Pedestrian -1 -1 -1.9088 753.9468 179.0093 781.4255 230.0865 1.6609 0.6435 0.8264 5.4777 1.5810 23.8045 -1.6904 0.5876
Pedestrian -1 -1 -1.3295 683.6404 181.5851 709.5150 236.8135 1.6457 0.6216 0.7659 2.8739 1.6495 21.8729 -1.2058 0.5093
Pedestrian -1 -1 1.5095 513.2422 192.4548 538.2349 249.3122 1.7025 0.7065 0.9434 -2.3776 2.0507 22.2338 1.3986 0.4550
Pedestrian -1 -1 -3.0655 694.9628 178.4781 732.8985 252.7129 1.7986 0.6246 0.8900 2.7603 1.7266 17.8044 -2.9195 0.3487
Cyclist -1 -1 -1.8698 1080.4204 96.8770 1208.2489 280.4368 1.7272 0.5825 1.6302 5.6366 0.9323 7.6217 -1.2544 0.2672
Car -1 -1 1.7578 339.2119 173.1198 511.0507 320.2181 1.7873 1.6920 4.3819 -2.4653 1.6868 10.9450 1.5354 0.9282
Car -1 -1 2.0947 0.0000 47.7731 404.2417 374.0000 1.7864 1.7329 4.5908 -2.7830 1.3686 4.5506 1.5643 0.8828
Car -1 -1 -1.6421 654.4915 182.5343 690.0416 212.3409 1.5650 1.6583 3.8468 3.8736 1.6259 39.7870 -1.5508 0.8776
Car -1 -1 -0.8952 0.0000 159.1028 116.1100 209.6338 1.4533 1.4631 3.5236 -17.1365 0.8103 22.4361 -1.5468 0.5497
Car -1 -1 1.8225 569.7466 183.7260 599.0612 200.9964 1.5285 1.7231 4.2607 -1.4995 1.7417 66.4243 1.7949 0.3125
Car -1 -1 1.7791 748.7373 175.1961 773.6440 191.2934 1.4851 1.5859 3.7764 15.2577 0.9039 68.3157 1.9931 0.2780
