Pedestrian -1 -1 -1.7708 707.5745 155.0203 729.7473 205.1574 1.8393 0.6721 0.7810 3.9986 1.1854 26.8751 -1.6252 0.2438
Pedestrian -1 -1 -2.7042 344.8301 163.9507 382.0728 222.3102 1.7425 0.5934 0.9028 -7.5194 1.4771 21.8857 -3.0318 0.1808
Cyclist -1 -1 1.7353 0.0000 119.6852 99.2082 330.6683 1.7663 0.6165 1.8839 -5.5463 1.3215 7.0145 1.0844 0.1833
Car -1 -1 1.9073 188.8163 177.4902 430.3369 337.7448 1.5807 1.5971 3.6349 -3.5193 1.6511 9.0577 1.5457 0.9698
Car -1 -1 1.7185 489.2848 171.9009 544.5463 213.3106 1.5286 1.6317 3.7296 -3.6506 1.4938 28.5143 1.5918 0.8729
Car -1 -1 2.3519 0.0000 180.5702 62.3016 375.0000 1.5126 1.5660 3.7712 -3.6582 1.5580 2.2051 1.3775 0.5998
Car -1 -1 1.8125 541.1316 169.8527 571.0800 189.3088 1.5402 1.5518 3.9473 -4.4075 1.3030 59.1928 1.7382 0.5250
Car -1 -1 2.9422 464.5977 165.4733 524.8625 187.1737 1.4987 1.6268 3.9872 -8.2256 0.9894 51.2907 2.7837 0.3234
Car -1 -1 0.9269 949.8447 55.3343 1242.0000 375.0000 1.8587 1.7934 4.9456 4.6476 1.3390 5.6776 1.5874 0.1922
Car -1 -1 2.9136 634.9279 165.6308 682.7249 183.9938 1.7140 1.6899 4.2559 4.6028 1.0402 68.5227 2.9802 0.1691
