Pedestrian -1 -1 1.4131 911.6829 175.9779 945.1402 244.0086 1.7051 0.6589 0.8393 8.1558 1.7882 18.6141 1.8194 0.2406
Pedestrian -1 -1 -2.2660 902.4135 167.7073 925.1854 209.0746 1.7609 0.6703 0.6083 13.0524 1.5422 31.1015 -1.8725 0.1867
Pedestrian -1 -1 0.3600 488.1978 158.0173 507.1606 192.0352 1.8801 0.5531 0.9086 -6.2971 1.0604 40.2378 0.2055 0.1480
Pedestrian -1 -1 -1.7820 1024.9351 132.8388 1058.5172 199.7824 1.9347 0.6492 1.0205 12.7676 0.7786 21.4365 -1.2508 0.1155
Pedestrian -1 -1 -0.9422 1090.9780 130.1697 1150.8462 233.9469 1.7830 0.5418 0.7322 8.9877 1.0500 12.7714 -0.3400 0.1083
Cyclist -1 -1 1.2376 698.4627 181.5501 714.7968 209.5243 1.5983 0.4633 1.5678 5.6559 2.1213 42.5439 1.3683 0.3560
Cyclist -1 -1 1.4765 733.5345 167.4074 749.9806 209.3039 1.7507 0.5270 1.7400 5.6168 1.5234 31.0358 1.6533 0.2529
Cyclist -1 -1 -3.1191 898.4857 175.4022 953.1019 223.9125 1.7318 0.7093 1.8173 11.5603 1.8283 26.5292 -2.7128 0.1720
Cyclist -1 -1 1.5017 722.9753 181.2025 734.4442 213.9184 1.6065 0.4612 1.5802 5.9860 2.0403 36.6480 1.6617 0.1566
Cyclist -1 -1 1.2997 714.5692 180.4169 730.6469 210.7034 1.6361 0.4702 1.5958 6.2311 2.0665 40.2041 1.4518 0.1123
Car -1 -1 2.0922 94.5710 198.9849 305.7236 292.2335 1.4079 1.6431 4.3267 -7.8619 2.0053 14.2995 1.5969 0.9270
Car -1 -1 -1.5641 590.5901 180.9502 621.7376 210.7976 1.4945 1.6055 3.9222 -0.2347 1.9562 39.1509 -1.5707 0.7838
Car -1 -1 1.2600 704.3090 176.3973 752.0303 204.3413 1.5052 1.5637 3.9304 6.6934 1.7192 41.4457 1.4185 0.1338
Car -1 -1 1.7223 431.8464 178.3360 482.1410 215.7005 1.4611 1.5414 3.7326 -6.4805 1.7090 30.6770 1.5154 0.1168
