Car -1 -1 -1.9270 754.0796 153.0446 1075.7593 347.2963 1.5462 1.6371 4.2037 2.8055 1.3889 7.8633 -1.5970 0.9764
Car -1 -1 3.5492 79.8133 176.4519 359.9739 278.4676 1.5853 1.6470 3.8438 -6.4829 1.6514 12.2352 3.0704 0.9644
Car -1 -1 3.6619 0.0000 180.3539 295.1492 295.4194 1.4357 1.5032 3.6249 -6.5356 1.5482 9.9490 3.0926 0.9299
Car -1 -1 0.3751 149.2398 152.7138 425.2941 254.0338 1.8938 1.8093 4.7194 -6.3339 1.5178 14.4624 -0.0314 0.9290
Car -1 -1 -1.7136 680.7580 171.1769 767.4775 237.8814 1.5659 1.6580 3.9215 2.8231 1.5269 18.8984 -1.5684 0.9274
Car -1 -1 -1.6810 653.4401 171.7812 699.5906 208.8645 1.4877 1.5461 3.7066 2.7411 1.4450 30.8135 -1.5937 0.9170
Car -1 -1 -1.7969 707.8209 179.1985 842.7748 269.8021 1.4087 1.5694 3.7209 2.8364 1.5430 13.3560 -1.5931 0.9030
Car -1 -1 -2.4129 0.0000 189.1588 240.6310 344.3628 1.3919 1.5703 3.9138 -6.2613 1.5828 7.5422 -3.0886 0.8771
Car -1 -1 3.3697 321.4395 167.1132 467.2278 223.1580 1.5900 1.6267 3.8717 -6.3480 1.4275 21.3906 3.0841 0.8158
Car -1 -1 0.3681 228.0640 156.1657 416.4918 227.1018 1.5711 1.6240 3.7408 -6.6415 1.2018 16.7961 -0.0034 0.7790
Car -1 -1 3.9210 0.0000 214.8601 136.4209 375.0000 1.3985 1.5898 3.9324 -5.9930 1.7548 5.2193 3.0922 0.7621
Car -1 -1 1.5249 641.2236 166.9814 670.6461 192.7545 1.4202 1.5184 3.5574 2.5743 1.0970 41.5482 1.5860 0.7232
Car -1 -1 0.1648 391.7106 173.8262 501.6554 210.1491 1.4179 1.5570 4.1250 -6.5619 1.4587 29.1023 -0.0554 0.7113
Car -1 -1 3.2512 435.0957 163.8634 517.5240 196.0102 1.4811 1.5876 3.6859 -6.3171 1.0673 34.1660 3.0695 0.6693
