Pedestrian -1 -1 1.5757 350.1948 140.4644 388.4972 224.8339 1.9050 0.8270 1.0404 -5.6840 1.1740 16.9116 1.2558 0.2834
Pedestrian -1 -1 2.3894 970.9954 100.7003 1083.6136 268.4295 1.9118 0.5870 1.0575 4.9297 1.0898 8.6361 2.8933 0.2084
Pedestrian -1 -1 3.6987 90.8410 154.5542 160.0398 268.0114 1.7092 0.5653 0.6941 -7.5346 1.4339 11.1586 3.1156 0.1330
Cyclist -1 -1 1.9229 461.9618 160.4353 484.6129 198.7450 1.7726 0.5688 1.5101 -6.5037 1.1983 34.1745 1.7359 0.1177
Cyclist -1 -1 1.8354 365.7024 181.5299 396.6497 238.4936 1.6315 0.4783 1.6272 -6.9229 1.9031 21.7357 1.5300 0.1119
Car -1 -1 -0.1570 666.1469 176.3766 764.2034 209.6943 1.4563 1.6950 4.1654 4.6578 1.6201 32.6041 -0.0169 0.9766
Car -1 -1 0.0404 649.6750 177.6923 703.8887 199.3367 1.5946 1.6863 4.0336 5.0625 1.9695 54.7476 0.1317 0.3216
Car -1 -1 3.2372 391.2060 185.0879 483.1918 218.7734 1.4791 1.5345 4.0204 -7.9893 2.0646 33.4678 3.0042 0.1386
Car -1 -1 1.1625 640.1686 178.1745 674.7909 200.6339 1.7114 1.5600 3.3351 3.7398 2.1507 57.6810 1.2264 0.1196
Car -1 -1 -3.2918 784.6719 173.8726 854.3193 202.5894 1.5582 1.5667 3.5285 11.5953 1.6167 40.2213 -3.0135 0.1033
