Car -1 -1 -1.8009 668.9979 187.7884 747.5729 247.2545 1.5537 1.5709 3.3277 2.7907 2.0341 21.4567 -1.6743 0.9671
Car -1 -1 -2.7428 246.3840 187.4251 432.3128 256.7423 1.5449 1.6563 3.8543 -6.4751 1.9149 17.3814 -3.0950 0.9641
Car -1 -1 3.6873 0.0000 198.1593 298.3757 317.1894 1.4866 1.6242 3.9544 -6.8082 1.8769 10.2474 3.1125 0.9465
Car -1 -1 -1.7058 640.6385 183.8574 691.8698 222.2659 1.4842 1.6404 4.1948 2.3235 1.9939 31.2518 -1.6330 0.9193
Car -1 -1 -2.8101 353.2749 188.0178 478.7709 234.9883 1.4844 1.6023 3.7721 -6.5305 2.0159 24.3365 -3.0701 0.8682
Car -1 -1 3.5644 56.5059 194.0158 345.0450 290.5152 1.4906 1.6356 4.0522 -6.9704 1.8872 12.5372 3.0655 0.8578
Car -1 -1 -2.6909 981.1540 190.3488 1242.0000 348.6730 1.4480 1.5690 3.7251 6.8293 1.7168 9.0538 -2.0610 0.8488
Car -1 -1 2.3398 0.0000 154.4889 169.2329 375.0000 1.5333 1.5831 3.6320 -4.6838 1.4660 4.4809 1.5618 0.7081
Car -1 -1 -2.9248 439.0348 188.2663 524.1277 219.6053 1.4382 1.5838 3.7933 -6.1968 2.2012 34.8342 -3.1002 0.6875
Car -1 -1 -2.8815 373.4416 187.5400 479.4766 230.3711 1.5130 1.5765 3.5380 -6.8187 2.0765 26.8530 -3.1284 0.5267
Car -1 -1 0.4008 296.5287 189.7525 446.9758 248.2924 1.4857 1.5917 3.5850 -6.5209 1.9721 19.8029 0.0861 0.5250
Car -1 -1 0.5297 326.9537 190.3204 456.9064 241.9398 1.4519 1.5054 3.5601 -6.7351 2.0181 22.2217 0.2381 0.5058
Car -1 -1 3.2799 446.1455 172.7006 517.7729 201.3747 1.5544 1.6363 3.7196 -7.0894 1.5464 39.9958 3.1052 0.5030
