Car -1 -1 2.1028 23.0005 201.2159 294.3101 340.3623 1.4932 1.5864 3.6529 -6.1654 1.9711 10.3159 1.5749 0.9686
Car -1 -1 -1.7323 691.0432 180.0760 788.8663 250.9515 1.4351 1.6022 3.9168 2.8740 1.6249 16.9669 -1.5682 0.9603
Car -1 -1 2.7101 830.4426 155.7739 1033.3159 224.4328 1.7204 1.7299 4.5796 8.3151 1.2928 18.9992 3.1165 0.9535
Car -1 -1 -3.6593 928.1335 138.0652 1242.0000 247.5221 1.8088 1.6963 4.4426 8.2175 1.2343 12.8580 -3.1013 0.9091
Car -1 -1 -1.2704 349.5210 182.5431 448.6999 245.6777 1.6380 1.6757 4.0644 -6.1631 1.9532 21.3968 -1.5481 0.8959
Car -1 -1 -3.7566 1020.1484 152.5625 1242.0000 274.9905 1.4734 1.6423 4.2287 8.0259 1.2295 9.6359 -3.0773 0.8766
Car -1 -1 1.7721 448.6081 182.7877 501.5139 219.0210 1.4744 1.5634 4.0326 -6.0453 1.9502 32.5010 1.5891 0.6535
Car -1 -1 1.3866 481.1432 171.1133 505.6230 188.9967 1.5899 1.5889 3.5424 -10.7238 1.4355 66.0809 1.2261 0.4432
Car -1 -1 1.1465 457.4014 170.8214 491.9904 189.8576 1.5878 1.5830 3.5998 -11.6935 1.4186 62.1080 0.9609 0.4112
Car -1 -1 1.6995 490.3716 180.1764 524.6147 207.2234 1.4983 1.5440 3.7701 -6.0821 1.9532 42.8878 1.5591 0.3952
