Pedestrian -1 -1 1.8231 345.9735 180.2014 371.7619 233.3276 1.6195 0.5706 0.8186 -7.7711 1.4678 22.3410 1.4917 0.2744
Pedestrian -1 -1 -1.4266 665.5840 170.3524 691.9117 225.9094 1.6945 0.7321 0.6338 2.1659 1.2423 22.3167 -1.3315 0.1622
Cyclist -1 -1 -2.7996 423.1723 177.6310 448.4813 200.9346 1.7266 0.7099 1.6996 -12.8577 1.1657 53.7005 -3.0338 0.2474
Car -1 -1 -1.5944 572.6749 176.2442 621.0398 222.0174 1.6232 1.7180 3.4970 -0.4994 1.3062 27.2709 -1.6129 0.9266
Car -1 -1 -1.3147 316.1787 191.2423 470.1587 286.6153 1.4374 1.6345 4.2488 -3.7734 1.5674 13.2379 -1.5875 0.8408
Car -1 -1 0.2524 397.5245 180.1669 451.9931 200.5253 1.5031 1.5222 3.6911 -13.6960 1.1315 53.8397 0.0041 0.2817
Car -1 -1 -1.1565 0.0000 7.5438 442.5294 357.5943 2.4002 2.0690 5.6873 -3.5290 1.1831 7.7698 -1.5698 0.2347
Car -1 -1 1.5855 525.5292 173.7998 550.5084 198.2301 1.5704 1.6007 3.7761 -4.6658 0.8377 48.1521 1.4891 0.1425
Car -1 -1 -1.4656 462.8245 145.7040 538.3111 217.2822 2.3144 2.1265 5.3133 -3.7657 1.0379 25.9342 -1.6086 0.1348
Car -1 -1 1.8813 375.7490 180.1220 442.4686 219.8532 1.5312 1.5750 3.7338 -8.1327 1.3361 29.6010 1.6152 0.1207
