Pedestrian -1 -1 2.2809 279.4104 140.5292 314.7884 201.2492 1.8526 0.6157 0.8364 -9.7984 0.8667 22.5032 1.8744 0.3971
Cyclist -1 -1 1.5860 814.4294 175.0102 826.6877 210.0246 1.6846 0.5636 1.7402 10.3986 1.7945 35.7394 1.8664 0.3581
Car -1 -1 -1.7670 803.0107 180.8215 1021.3115 353.6845 1.5660 1.6036 3.4015 3.2349 1.6803 8.5042 -1.4162 0.9304
Car -1 -1 1.7099 580.1602 180.6665 638.3868 226.4582 1.6126 1.7326 4.0947 0.0059 1.9425 28.2874 1.7093 0.9161
Car -1 -1 1.4882 737.5366 180.5496 776.2067 214.2045 1.6194 1.6513 3.7468 7.5577 2.0413 37.5646 1.6846 0.9104
Car -1 -1 1.6151 633.6769 181.6962 664.3038 207.6381 1.4894 1.7294 4.4855 2.4625 2.0735 45.3184 1.6684 0.7872
Car -1 -1 -1.5685 791.2971 192.5306 888.0711 287.9929 1.4873 1.5675 3.5535 4.3582 1.9211 13.9625 -1.2731 0.7397
Car -1 -1 -2.0306 885.8776 251.6371 1242.0000 375.0000 1.4475 1.5607 3.8726 2.7333 2.0890 3.8539 -1.4515 0.6926
Car -1 -1 1.4415 771.9623 174.1558 801.4023 201.0039 2.0143 1.7118 4.0865 13.7577 2.1204 56.4618 1.6788 0.3232
Car -1 -1 1.7342 653.8647 179.3555 679.7637 199.8287 1.6229 1.5896 3.6768 4.7635 2.1855 60.4209 1.8120 0.3172
