Pedestrian -1 -1 -2.8731 648.3055 172.7095 661.9168 199.8137 1.8209 0.5491 0.8037 3.0262 1.8115 48.8601 -2.8121 0.2043
Pedestrian -1 -1 1.0194 973.3756 156.1461 1030.0234 263.3934 1.7688 0.5673 0.6839 6.5911 1.4936 12.2583 1.5021 0.1804
Cyclist -1 -1 -1.7797 791.5029 162.7019 815.9940 213.6091 1.6893 0.4711 1.6486 6.5945 1.3528 24.7750 -1.5230 0.2533
Car -1 -1 -1.7532 687.1132 146.0413 801.9323 245.5257 2.0666 1.8267 4.6310 2.9962 1.5100 17.3144 -1.5855 0.9495
Car -1 -1 -1.4903 546.5848 173.4920 580.9156 203.3470 1.6342 1.6571 4.0546 -2.6546 1.6732 41.6211 -1.5540 0.8611
Car -1 -1 -1.6878 670.8211 175.5288 740.0252 228.6387 1.5123 1.6699 4.0496 2.8695 1.6047 22.7779 -1.5648 0.8278
Car -1 -1 -1.6580 656.8978 171.3517 698.6721 205.6167 1.5254 1.6097 3.9517 3.1071 1.4589 34.0959 -1.5684 0.5567
Car -1 -1 1.2407 841.8640 173.5233 974.2299 239.6729 1.4597 1.6935 4.3639 7.2590 1.4790 18.1808 1.6144 0.4401
Car -1 -1 -1.6935 664.0776 173.7114 716.4338 215.6365 1.5275 1.5672 3.7673 3.0333 1.5637 28.2610 -1.5882 0.3728
Car -1 -1 1.3818 632.2261 168.8011 661.2493 192.9078 1.9780 1.7270 4.0406 3.0622 1.6458 61.3228 1.4311 0.2180
