Car -1 -1 -1.7634 676.4247 182.0211 791.5917 262.4478 1.4396 1.6046 4.1642 2.4517 1.6639 15.5066 -1.6105 0.9578
Car -1 -1 -2.5289 0.0000 198.5948 318.7136 312.8676 1.3853 1.6091 4.1410 -6.5067 1.7771 10.0610 -3.0913 0.9573
Car -1 -1 -2.6248 121.0152 195.9473 389.2257 290.0930 1.4713 1.5706 3.9720 -6.1572 1.9063 12.6525 -3.0701 0.9389
Car -1 -1 0.4485 245.6092 186.3052 425.5312 257.6803 1.6267 1.6379 3.8194 -6.7411 1.9774 17.8030 0.0908 0.9187
Car -1 -1 -1.6596 647.4371 180.8850 693.4956 219.2576 1.4838 1.6017 3.7014 2.4591 1.8448 30.5350 -1.5807 0.8920
Car -1 -1 3.2177 404.6552 183.9048 500.8360 219.2321 1.5652 1.6795 4.2846 -7.3295 2.1003 33.7913 3.0052 0.8389
Car -1 -1 -2.7952 371.9361 184.5938 498.5543 228.3934 1.5461 1.7041 4.3059 -6.5623 2.0056 27.1338 -3.0308 0.7477
Car -1 -1 0.3477 185.5316 196.9663 393.0694 275.2513 1.4829 1.6040 3.6496 -6.6486 2.0196 15.1366 -0.0603 0.6958
Car -1 -1 -1.6742 642.4142 178.6056 682.5560 211.7337 1.5300 1.6164 3.4851 2.5117 1.8291 35.7056 -1.6052 0.5450
Car -1 -1 1.6677 517.9108 180.7751 546.8040 205.6292 1.5343 1.5546 3.5581 -5.1031 2.0754 47.4666 1.5607 0.5433
Car -1 -1 -0.0190 683.6605 177.7394 739.5118 200.3930 1.7204 1.7036 4.2563 7.8821 2.1098 56.3641 0.1188 0.5336
