Pedestrian -1 -1 1.4448 806.6314 160.2264 834.7160 228.4153 1.8230 0.6310 0.8441 5.7112 1.4858 19.7521 1.7217 0.7433
Pedestrian -1 -1 2.1116 1098.8241 146.9846 1171.1815 256.2446 1.6583 0.6281 0.7584 8.2295 1.2661 11.3894 2.7248 0.5208
Pedestrian -1 -1 -1.0841 858.8375 123.7363 910.7173 231.8883 1.8177 0.6199 0.6415 4.7349 0.9925 12.5691 -0.7318 0.2440
Pedestrian -1 -1 -3.1209 744.5810 160.2988 758.7177 189.2420 1.8788 0.5210 0.8978 9.2340 1.0642 47.1838 -2.9291 0.1647
Pedestrian -1 -1 0.9938 728.4003 164.1458 739.5769 188.4233 1.9710 0.4557 0.9517 10.1301 1.2643 59.1022 1.1624 0.1402
Cyclist -1 -1 -1.8796 688.8924 165.3361 711.6085 206.3496 1.8359 0.5295 1.7346 4.1004 1.4997 33.1968 -1.7582 0.7578
Cyclist -1 -1 1.5172 679.0900 174.8317 689.1188 200.0597 1.6483 0.5756 1.6117 4.9029 1.7828 48.0880 1.6178 0.4035
Cyclist -1 -1 -0.7971 759.4244 167.0902 794.0267 204.2097 1.7790 0.6414 1.7087 8.1263 1.5031 35.3111 -0.5732 0.2628
Cyclist -1 -1 -0.5960 1072.7567 147.1163 1186.1077 257.5589 1.7038 0.5710 1.3787 8.1483 1.3071 11.4214 0.0112 0.2510
Cyclist -1 -1 -1.0474 0.0000 188.3476 28.6825 228.9699 1.6166 0.3944 1.6566 -25.1235 2.2839 30.2092 -1.7369 0.1700
Car -1 -1 -0.8583 130.3486 178.0570 205.5430 207.7394 1.6909 1.7206 3.9745 -26.8602 2.0233 43.9403 -1.4045 0.1188
