Pedestrian -1 -1 -1.5603 429.5071 150.2218 447.8425 197.0057 1.9105 0.7306 0.7804 -7.1424 0.9867 29.9243 -1.7929 0.4427
Pedestrian -1 -1 -2.0352 1042.6378 156.1631 1068.6281 207.0583 1.8425 0.6281 0.5504 16.2694 1.2386 26.4190 -1.4885 0.3764
Pedestrian -1 -1 -1.5519 584.1483 154.7355 600.5590 195.4998 1.9459 0.7789 0.7671 -0.8860 1.0814 34.8269 -1.5775 0.2737
Pedestrian -1 -1 1.1781 921.2521 178.1386 990.9415 284.9162 1.7815 0.6448 1.3093 6.0414 1.8802 12.7680 1.6100 0.2728
Pedestrian -1 -1 -2.2884 885.6605 148.1730 929.0521 208.0364 1.8135 0.6258 1.1812 9.2203 1.0661 22.5155 -1.9046 0.1714
Pedestrian -1 -1 1.0441 1077.4243 130.6453 1103.1592 184.2374 1.9056 0.6315 0.4421 17.1878 0.4051 25.8908 1.6251 0.1435
Pedestrian -1 -1 -1.0901 443.1203 159.8256 457.4954 191.6080 1.9169 0.6205 0.6581 -9.7506 1.1315 43.9147 -1.3076 0.1209
Pedestrian -1 -1 1.4626 429.4903 174.6529 449.6325 224.8286 1.7015 0.6048 0.7016 -5.9369 1.7651 24.9280 1.2307 0.1164
Pedestrian -1 -1 -3.2515 1018.1474 144.7069 1084.9879 222.9332 1.7862 0.6733 1.2743 10.3561 1.1439 17.0434 -2.7134 0.1164
Cyclist -1 -1 1.1781 921.2521 178.1386 990.9415 284.9162 1.7815 0.6448 1.3093 6.0414 1.8802 12.7680 1.6100 0.2625
Car -1 -1 -1.8071 673.8235 179.3653 789.7148 254.3188 1.4908 1.6670 4.2642 2.6423 1.6637 16.9245 -1.6558 0.9717
Car -1 -1 -0.5265 795.3240 153.5063 934.4338 205.0751 1.5123 1.5810 3.7744 7.7917 0.9453 22.2976 -0.1947 0.1178
