Pedestrian -1 -1 2.1328 315.6008 135.9513 348.6963 193.7195 1.9005 0.6664 0.8879 -9.3700 0.6868 24.2348 1.7674 0.4666
Car -1 -1 -1.9419 753.5343 186.4069 1083.8998 375.0000 1.4315 1.6078 4.2162 2.7873 1.6176 7.7508 -1.6100 0.9814
Car -1 -1 0.5328 99.3971 191.0121 412.3358 289.8523 1.4195 1.5717 4.3769 -5.6687 1.7390 11.6987 0.0898 0.9647
Car -1 -1 -1.7677 693.8837 181.2345 786.5876 244.8919 1.4008 1.5304 3.9925 3.1511 1.6387 18.4259 -1.6019 0.9549
Car -1 -1 -1.7113 656.0685 175.0921 698.9550 208.2761 1.6327 1.6384 4.3479 3.4568 1.7578 38.0095 -1.6219 0.9141
Car -1 -1 3.4266 219.0337 164.6645 424.2181 250.0520 1.8429 1.7292 4.0592 -6.5400 1.6665 16.6046 3.0563 0.8983
Car -1 -1 3.5028 156.9658 180.2889 407.4770 262.6664 1.4974 1.6585 4.1797 -6.3493 1.6540 14.2195 3.0893 0.8730
Car -1 -1 0.8645 0.0000 211.0506 125.5533 375.0000 1.4550 1.6651 4.2002 -6.6352 1.8151 5.8748 0.0410 0.7196
Car -1 -1 0.1375 478.0920 171.0332 554.1043 200.1999 1.7776 1.7491 4.4902 -5.8266 1.6670 44.8656 0.0087 0.4485
Car -1 -1 -2.9346 439.6139 173.4137 525.6530 207.4401 1.5107 1.4991 3.6294 -5.8010 1.5372 32.8678 -3.1083 0.4431
Car -1 -1 -2.9797 480.0112 177.5489 546.7177 204.8370 1.5678 1.6191 3.6927 -5.7063 1.8510 42.6117 -3.1125 0.4408
Car -1 -1 -2.9133 412.5492 183.5781 528.0806 226.4593 1.5368 1.6740 4.0054 -5.2543 1.9555 27.2285 -3.1027 0.4174
