Pedestrian -1 -1 1.3895 679.5889 152.2995 721.5945 250.7213 1.8278 0.6469 0.8459 1.8507 1.2868 13.7778 1.5151 0.8377
Pedestrian -1 -1 -1.7828 363.0391 169.2868 388.1617 222.4392 1.7079 0.6137 0.8791 -7.4537 1.3166 23.6128 -2.0906 0.8252
Pedestrian -1 -1 -1.6524 510.5148 170.9207 530.6783 219.6179 1.7303 0.6504 0.8877 -2.9555 1.3554 26.0198 -1.7696 0.6006
Pedestrian -1 -1 2.0349 17.5722 176.2113 113.7047 330.8622 1.6884 0.6354 0.7023 -6.1688 1.6320 8.2396 1.4015 0.5762
Pedestrian -1 -1 -1.5655 608.2361 204.6958 675.3491 337.3596 1.4729 0.7588 0.7772 0.4268 1.7626 8.5208 -1.5232 0.4243
Pedestrian -1 -1 1.8622 589.2969 149.5620 645.0319 259.4607 1.7114 0.7560 0.6248 0.2182 1.2153 11.5950 1.8751 0.4199
Pedestrian -1 -1 1.9545 693.3066 137.0436 741.1873 226.8403 1.8614 0.7146 0.9708 2.4680 0.9411 15.4877 2.1048 0.3166
Pedestrian -1 -1 0.5617 536.0404 170.2726 579.5947 243.4184 1.8004 0.5800 0.9335 -1.1348 1.5252 18.1549 0.4947 0.2562
Pedestrian -1 -1 -1.7374 452.7396 173.1686 467.8020 200.9058 1.5936 0.6835 1.1049 -8.2384 1.1157 41.9052 -1.9354 0.2456
Pedestrian -1 -1 -3.3651 1203.4796 127.7450 1238.0000 233.8658 1.7373 0.5405 0.7666 10.7282 0.8586 12.1747 -2.6584 0.2252
Cyclist -1 -1 2.0860 0.0000 144.6538 282.2148 374.0000 1.7094 0.6491 1.7240 -2.6259 1.5383 4.2295 1.5505 0.6255
Cyclist -1 -1 1.8427 0.0000 177.4913 59.9241 294.4584 1.6827 0.5095 1.7990 -9.1124 1.6264 11.2590 1.1681 0.2638
Cyclist -1 -1 1.9152 288.1657 140.2195 326.5019 202.5899 1.7283 0.5466 1.5091 -8.4725 0.5856 20.6688 1.5258 0.2569
Cyclist -1 -1 -2.6751 488.0142 168.6241 520.0712 218.0407 1.7500 0.6378 0.9622 -3.5297 1.2951 25.8929 -2.8144 0.1235
Cyclist -1 -1 1.9545 693.3066 137.0436 741.1873 226.8403 1.8614 0.7146 0.9708 2.4680 0.9411 15.4877 2.1048 0.1142
Cyclist -1 -1 -1.7828 362.4498 168.8957 388.4422 223.7648 1.7548 0.6167 0.9819 -7.4400 1.3528 23.5497 -2.0908 0.1057
Car -1 -1 1.9871 0.0000 191.4194 326.0364 374.0000 1.4376 1.5965 4.1598 -4.4309 1.5754 7.7346 1.4753 0.9432
Car -1 -1 -1.4936 522.5217 182.1933 574.6794 229.1556 1.4895 1.5315 3.4592 -1.7679 1.5159 24.5608 -1.5700 0.3054
