Pedestrian -1 -1 -2.5886 444.1288 160.6727 460.3311 191.2528 2.0070 0.6553 0.8280 -10.4809 1.2079 47.7989 -2.8035 0.2819
Pedestrian -1 -1 1.5023 598.0107 134.9685 618.9294 189.1557 1.8897 0.6821 0.8789 -0.1045 0.5689 25.6234 1.4980 0.2749
Pedestrian -1 -1 -1.8506 612.1620 175.8295 629.8442 214.4636 1.7538 0.6466 0.6941 0.4643 1.8930 33.2363 -1.8374 0.2638
Pedestrian -1 -1 1.6221 1140.5211 162.6975 1238.7422 352.4063 1.7404 0.7275 0.7955 5.6918 1.6476 7.1554 2.2734 0.2607
Pedestrian -1 -1 0.5537 417.5843 157.8898 444.2037 199.2362 1.9472 0.5366 1.1169 -8.5781 1.2428 34.4045 0.3108 0.1673
Car -1 -1 1.7267 360.7401 183.5018 449.2522 249.3046 1.4506 1.5687 4.0814 -5.2339 1.7583 18.7052 1.4569 0.9475
Car -1 -1 1.6653 424.1804 181.8293 476.7126 224.3225 1.4183 1.5582 3.7093 -5.9070 1.7765 26.8319 1.4501 0.8442
Car -1 -1 1.2311 656.6683 159.0414 782.1649 243.3770 1.8401 1.7180 4.2750 2.5154 1.5391 18.0078 1.3669 0.8274
Car -1 -1 1.5898 447.5356 178.8251 484.7949 214.4868 1.5049 1.5860 4.0893 -6.6372 1.7988 33.3178 1.3943 0.4419
Car -1 -1 -1.5052 551.2394 169.5233 579.3215 195.9474 1.7405 1.6674 3.9986 -3.0605 1.5215 49.5272 -1.5670 0.2586
