Pedestrian -1 -1 -0.3515 824.6143 95.0461 920.5547 275.9602 1.8087 0.5972 0.7691 2.7573 0.9457 7.4833 -0.0149 0.2611
Pedestrian -1 -1 -0.0456 129.1205 164.5065 152.2418 204.1741 1.8272 0.6168 0.8821 -21.5598 1.0454 33.5932 -0.6176 0.1935
Car -1 -1 -1.3929 553.7580 168.1679 593.6417 197.2337 1.5583 1.6264 3.7400 -1.5152 0.8443 40.4710 -1.4350 0.9104
Car -1 -1 0.2980 0.0000 182.7782 158.1761 248.9028 1.5914 1.7182 4.2300 -14.3169 1.6289 18.8753 -0.3495 0.9048
Car -1 -1 -0.4145 329.0454 177.6560 468.4655 228.5359 1.5316 1.6738 4.0750 -6.6115 1.4170 23.5639 -0.6903 0.8923
Car -1 -1 1.7805 447.0931 184.6111 486.1942 210.3005 1.4518 1.5733 3.7074 -8.0004 1.6465 42.9141 1.5922 0.4046
Car -1 -1 0.4649 385.6903 170.5983 440.6274 190.1523 1.6196 1.6592 4.1944 -15.8758 0.7171 60.7341 0.2054 0.3798
Car -1 -1 1.2816 536.7949 168.4741 573.5873 191.5557 1.6656 1.6651 4.0074 -3.4984 0.7263 54.0027 1.2123 0.2474
Car -1 -1 -1.2740 627.9126 187.5860 682.9920 221.1052 1.4495 1.6230 3.5718 2.5786 1.7527 33.7281 -1.2035 0.2305
Car -1 -1 -0.0739 0.0000 158.5320 127.5982 199.6950 1.7024 1.7780 4.9217 -24.1890 0.7535 32.0003 -0.7221 0.2059
Car -1 -1 -1.3577 378.3883 181.0469 431.7882 217.5413 1.4585 1.4780 3.5662 -8.2926 1.4414 30.5275 -1.6259 0.2051
