Pedestrian -1 -1 2.7878 94.5541 170.4022 151.7071 291.6140 1.7321 0.6335 0.5189 -7.2772 1.6974 10.7043 2.2020 0.2997
Pedestrian -1 -1 -1.7787 1055.6442 139.9911 1082.3518 195.7772 1.9019 0.6519 0.6775 15.8698 0.7819 25.0269 -1.2189 0.2382
Pedestrian -1 -1 3.5389 237.0738 147.4449 336.8870 296.1154 1.8592 0.4772 1.0693 -4.1875 1.5418 9.2683 3.1245 0.2237
Pedestrian -1 -1 -2.5178 1094.7754 169.1047 1129.2891 225.5149 1.7343 0.6861 0.6005 15.6621 1.6194 22.5792 -1.9179 0.1735
Pedestrian -1 -1 0.6186 145.5982 183.7243 199.5245 277.9191 1.7022 0.5990 0.6272 -8.1880 1.9099 13.4347 0.0797 0.1719
Pedestrian -1 -1 -1.5755 419.4398 177.7413 430.1253 214.4021 1.6912 0.4818 1.7209 -8.8777 1.9308 34.4148 -1.8265 0.1616
Pedestrian -1 -1 -0.3494 795.1783 152.6685 828.7077 204.5732 1.8407 0.6083 1.0120 7.2080 1.1252 25.9302 -0.0815 0.1321
Pedestrian -1 -1 -1.2356 1011.1456 143.2666 1037.9686 196.3745 1.8990 0.7133 0.5283 15.0317 0.8414 26.2393 -0.7203 0.1282
Cyclist -1 -1 -1.5755 419.4398 177.7413 430.1253 214.4021 1.6912 0.4818 1.7209 -8.8777 1.9308 34.4148 -1.8265 0.4229
Car -1 -1 1.1978 734.9948 184.3596 1066.3336 375.0000 1.4455 1.5671 3.7351 2.3885 1.5896 7.0988 1.5085 0.9758
Car -1 -1 2.2448 486.9300 180.1420 680.9045 271.1652 1.5592 1.6383 4.3605 -0.4233 1.7332 14.9495 2.2159 0.9616
Car -1 -1 -2.4901 924.8314 0.0000 1242.0000 375.0000 1.5505 1.6372 3.7511 2.6415 1.4723 2.1272 -1.6628 0.7018
Car -1 -1 -2.6074 297.6940 178.5541 373.5998 204.3204 1.4326 1.5663 3.8400 -15.8692 1.7712 41.7035 -2.9692 0.1497
