Pedestrian -1 -1 1.0613 849.3663 128.9037 918.2112 259.7796 1.8421 0.6352 0.7887 3.9513 1.2239 10.5936 1.4087 0.3014
Pedestrian -1 -1 -1.4066 738.1440 165.9248 753.3872 198.0108 1.7085 0.6314 1.1720 7.3216 1.3399 39.0749 -1.2231 0.2404
Pedestrian -1 -1 1.0965 777.9776 153.7762 791.4438 184.2528 1.9731 0.5563 0.7865 11.3856 0.7383 47.1590 1.3318 0.2226
Cyclist -1 -1 -1.2957 506.9547 158.6154 527.5953 197.1473 1.7293 0.4920 1.7370 -4.3043 1.0906 33.2749 -1.4236 0.2793
Cyclist -1 -1 -1.3759 744.3575 166.9883 758.5658 196.9980 1.7124 0.4864 1.7584 8.2226 1.3781 42.0755 -1.1846 0.2048
Cyclist -1 -1 -1.3662 736.2009 168.2577 753.4218 200.9285 1.7282 0.6318 1.4745 7.2517 1.4854 38.9666 -1.1840 0.1938
Car -1 -1 -1.6913 762.3018 174.6615 880.5256 266.5069 1.5147 1.6724 3.8841 3.8899 1.5553 14.0189 -1.4270 0.9547
Car -1 -1 1.9863 257.8924 188.2414 464.3058 300.5524 1.4687 1.6554 4.2862 -3.9903 1.7779 12.2600 1.6771 0.9546
Car -1 -1 -1.4859 758.9947 170.1684 817.9091 220.6434 1.5308 1.6028 3.5863 5.9092 1.4497 23.8350 -1.2463 0.7473
Car -1 -1 1.5912 747.7386 171.9041 789.6226 211.3576 1.5349 1.6020 3.9887 6.6285 1.4983 30.1941 1.8047 0.6537
Car -1 -1 1.8703 657.0244 168.9478 696.4836 192.6273 1.6462 1.6841 4.2380 4.8686 1.3750 52.4384 1.9620 0.5866
Car -1 -1 1.8780 810.2411 170.6760 840.1291 187.7360 1.5398 1.6049 3.7720 20.0255 1.3435 67.1308 2.1665 0.2336
