Pedestrian -1 -1 -2.8175 846.0720 136.5838 890.8271 218.8562 1.8161 0.6436 0.7989 5.8343 1.0158 16.4236 -2.4822 0.4413
Car -1 -1 -1.8888 768.5029 181.2701 1028.5164 340.3508 1.4240 1.5457 4.0436 3.0594 1.5495 8.6989 -1.5623 0.9718
Car -1 -1 -1.1645 185.3514 187.1456 377.9525 300.3015 1.6949 1.6833 4.1844 -5.8832 2.0027 13.4257 -1.5709 0.9513
Car -1 -1 2.4204 1004.0671 135.8315 1242.0000 257.0065 1.6270 1.6252 4.1552 8.2562 1.1303 10.6521 3.0663 0.9496
Car -1 -1 1.8228 400.1645 186.1789 481.5300 236.8475 1.4893 1.6722 4.2187 -5.6615 1.9808 24.4573 1.5971 0.8667
Car -1 -1 1.7836 445.5694 182.8754 503.3324 222.2511 1.4760 1.5601 3.9536 -5.6111 1.9217 30.0609 1.6001 0.8468
Car -1 -1 1.7454 470.6166 182.7025 515.2589 214.6451 1.4034 1.5125 3.5872 -5.6000 1.9009 34.6150 1.5857 0.6614
Car -1 -1 1.6793 492.5489 177.9448 529.4857 208.5634 1.6123 1.6125 4.3513 -5.5924 1.9169 40.9192 1.5439 0.6357
Car -1 -1 1.5868 517.1153 178.7110 543.3199 205.1598 1.6499 1.6628 4.2288 -5.3209 2.0589 48.1566 1.4769 0.6026
Car -1 -1 1.2878 471.4618 171.0618 504.6678 193.3175 1.7198 1.6247 3.7970 -9.8267 1.5816 57.8158 1.1198 0.4948
Car -1 -1 -1.0409 33.9479 217.0461 272.3406 357.6816 1.4480 1.4847 2.7293 -5.9460 2.1243 9.6609 -1.5809 0.4247
