Pedestrian -1 -1 1.4089 790.2296 160.9759 816.6756 223.1720 1.8266 0.6508 0.7289 5.7331 1.4781 21.5813 1.6645 0.7027
Pedestrian -1 -1 -1.9892 1222.8440 132.2701 1242.0000 193.5235 1.8984 0.6655 0.8942 20.0273 0.6409 22.8835 -1.2766 0.3567
Pedestrian -1 -1 -1.5690 677.3686 170.6866 686.7153 195.1757 1.6720 0.6354 1.0764 4.9454 1.5244 49.8268 -1.4711 0.3362
Pedestrian -1 -1 -1.6848 692.0002 163.8232 708.7108 202.2871 1.8059 0.6442 1.3128 4.2784 1.3823 34.5327 -1.5631 0.3132
Pedestrian -1 -1 -2.7389 740.2719 162.2368 757.0453 190.2412 1.8869 0.4524 1.0253 9.4026 1.1719 49.0870 -2.5510 0.2961
Pedestrian -1 -1 2.3616 1200.5762 153.5099 1242.0000 211.1380 1.9073 0.6851 0.8557 20.5155 1.2675 24.2555 3.0575 0.1565
Pedestrian -1 -1 -3.4304 994.4803 154.0325 1120.1974 244.8877 1.6044 0.7914 1.8230 8.1726 1.2724 13.3482 -2.8912 0.1057
Cyclist -1 -1 -3.4304 994.4803 154.0325 1120.1974 244.8877 1.6044 0.7914 1.8230 8.1726 1.2724 13.3482 -2.8912 0.5960
Cyclist -1 -1 -1.6848 692.0002 163.8232 708.7108 202.2871 1.8059 0.6442 1.3128 4.2784 1.3823 34.5327 -1.5631 0.3408
Cyclist -1 -1 -1.9892 1222.8440 132.2701 1242.0000 193.5235 1.8984 0.6655 0.8942 20.0273 0.6409 22.8835 -1.2766 0.1242
Car -1 -1 -2.2657 1177.3907 142.6826 1242.0000 183.4018 2.3572 1.8930 4.2326 37.0868 0.6110 43.8860 -1.5674 0.3142
Car -1 -1 -2.1665 1119.0374 184.0575 1190.7137 210.4946 1.6562 1.7154 4.4129 37.1240 2.4576 49.3447 -1.5248 0.1495
