Pedestrian -1 -1 -1.1055 254.8984 127.2901 293.7730 194.1199 1.8460 0.6263 0.9732 -9.5375 0.5878 20.4247 -1.5375 0.4423
Cyclist -1 -1 -1.1055 254.8984 127.2901 293.7730 194.1199 1.8460 0.6263 0.9732 -9.5375 0.5878 20.4247 -1.5375 0.1001
Car -1 -1 0.7210 0.0000 184.7007 313.1667 345.8611 1.4995 1.6663 4.4245 -5.8468 1.6471 7.9162 0.1005 0.9568
Car -1 -1 -1.8100 704.3237 187.1967 832.1245 273.1529 1.4405 1.5652 4.1505 3.0365 1.7790 14.8994 -1.6139 0.9503
Car -1 -1 3.6171 0.0000 182.3931 328.5044 292.7290 1.4352 1.6101 3.8062 -6.3431 1.5859 10.4566 3.0827 0.9475
Car -1 -1 -1.6645 656.0884 176.8861 701.0758 215.2557 1.6793 1.7031 4.3436 3.1452 1.8830 34.2084 -1.5742 0.9346
Car -1 -1 3.5454 91.8420 159.5823 367.5966 270.5273 1.8304 1.7245 4.0056 -6.6586 1.6118 12.8917 3.0766 0.9227
Car -1 -1 -2.1220 838.7979 197.4735 1242.0000 375.0000 1.4747 1.5890 3.8038 2.6704 1.6814 4.1325 -1.5816 0.9075
Car -1 -1 3.3547 397.3356 178.4470 506.0252 215.2886 1.4257 1.5766 4.0170 -6.3354 1.6566 28.9499 3.1406 0.6098
Car -1 -1 -2.0962 701.2170 188.4557 823.4169 254.5458 1.4803 1.5388 3.5660 3.8433 1.9336 19.0087 -1.9007 0.5006
Car -1 -1 -2.8581 369.6859 185.2680 511.3093 234.5638 1.5126 1.6572 4.2057 -5.5102 1.9345 23.5564 -3.0860 0.4705
Car -1 -1 0.1030 457.3903 169.2104 536.4861 196.9968 1.5443 1.6749 4.2960 -6.4151 1.3422 41.0463 -0.0514 0.4375
Car -1 -1 0.1821 422.9609 180.9579 527.1152 217.6247 1.5394 1.6569 4.2379 -5.8709 1.9028 31.4882 -0.0012 0.4368
