Pedestrian -1 -1 -1.6368 1107.7561 177.0423 1232.3007 375.0000 1.6916 0.5999 0.6221 3.6849 1.7227 4.8650 -1.0185 0.3689
Pedestrian -1 -1 -3.1556 1025.4615 151.4956 1064.4863 226.0370 1.7548 0.6335 0.7930 10.4622 1.2524 17.4548 -2.6234 0.3354
Pedestrian -1 -1 -2.2278 141.1026 119.9069 217.6305 247.4563 1.8213 0.6126 0.8106 -6.4554 1.0656 10.7359 -2.7585 0.3263
Pedestrian -1 -1 1.9137 502.6622 156.2503 523.1152 195.7412 1.9455 0.7516 0.9103 -4.8872 1.1279 36.0670 1.7797 0.2606
Pedestrian -1 -1 0.0580 957.7213 125.3803 1051.3137 318.2711 1.6971 0.7117 0.7443 3.6876 1.2798 6.8411 0.5340 0.2340
Pedestrian -1 -1 1.4464 764.8498 177.3927 814.4731 272.4715 1.7728 0.8103 0.9915 3.4266 1.8649 14.0391 1.6798 0.2076
Pedestrian -1 -1 -2.1711 1224.8203 129.8046 1242.0000 190.7214 1.8776 0.6348 0.6165 19.7676 0.5511 22.5783 -1.4583 0.1816
Pedestrian -1 -1 1.5917 520.3818 165.3965 531.0900 201.1828 1.9417 0.5670 0.8523 -4.6571 1.5374 39.5980 1.4750 0.1549
Cyclist -1 -1 1.4911 1030.2213 110.2848 1089.5659 233.4140 1.7793 0.6309 1.6606 6.9630 0.8755 11.3077 2.0315 0.2185
Cyclist -1 -1 -2.2112 1020.1050 170.1173 1072.9481 230.9109 1.6292 0.3910 1.5694 12.1077 1.5562 20.1348 -1.6767 0.1608
Car -1 -1 1.7498 420.5414 170.4378 504.7520 238.5353 1.6561 1.5903 3.5565 -3.8930 1.5977 19.3365 1.5531 0.9738
Car -1 -1 -1.5270 626.2968 179.8608 647.0148 198.9718 1.6052 1.6721 4.0172 2.3786 2.2490 64.1888 -1.4906 0.4928
Car -1 -1 1.6068 545.3937 179.6180 572.7703 207.7682 1.7139 1.6354 4.0185 -3.3054 2.1734 46.9419 1.5364 0.1840
Car -1 -1 -1.6273 639.3665 174.6712 673.2741 210.0378 1.7954 1.5833 3.9977 2.4100 1.8986 38.8344 -1.5664 0.1586
