Pedestrian -1 -1 1.8024 1060.1208 169.6432 1093.2341 238.9777 1.6618 0.5490 0.6710 11.4158 1.5852 17.7218 2.3666 0.3287
Pedestrian -1 -1 -2.4974 735.1104 179.4758 756.4058 217.3130 1.7191 0.6902 0.6953 6.2526 2.0308 33.4401 -2.3148 0.3166
Pedestrian -1 -1 1.0689 795.4221 174.4772 820.9362 222.0741 1.7989 0.5840 0.9008 7.5892 1.8629 27.8080 1.3320 0.1501
Cyclist -1 -1 1.3809 643.1279 165.5315 658.0620 198.8985 1.7537 0.4931 1.6589 2.1374 1.3692 38.7748 1.4351 0.2187
Cyclist -1 -1 -1.3589 115.6845 222.5891 147.6816 284.9777 1.6655 0.4590 1.6040 -14.2262 3.1994 21.4146 -1.9399 0.2001
Cyclist -1 -1 -3.0928 734.4574 174.6216 753.4973 213.6527 1.7845 0.6918 0.8377 6.1767 1.8679 33.4571 -2.9124 0.1003
Car -1 -1 -3.3344 1025.5223 174.7026 1242.0000 260.4685 1.5150 1.6661 4.0052 10.6363 1.5563 14.4077 -2.7087 0.9292
Car -1 -1 -0.7933 677.8790 191.7567 761.8865 231.9971 1.5117 1.5214 3.4297 4.5953 2.3484 30.2817 -0.6450 0.8831
Car -1 -1 -2.2707 4.7559 227.0632 148.4697 286.9661 1.4904 1.6518 3.3545 -15.7714 3.1832 21.3230 -2.9019 0.3697
Car -1 -1 -1.7999 639.4890 157.7156 679.7392 187.1347 1.8100 1.7766 3.7001 3.1095 0.8790 46.3592 -1.7336 0.3123
Car -1 -1 -1.6680 581.8989 173.3151 629.4202 220.7819 2.2066 1.8873 4.9670 -0.3333 2.2317 36.1590 -1.6779 0.2925
Car -1 -1 2.4801 591.4739 180.8964 650.6712 203.9210 1.5003 1.6100 3.9607 0.7628 2.0800 50.1328 2.4947 0.2211
