Pedestrian -1 -1 -1.6788 965.0173 156.4344 988.8016 210.1393 1.8684 0.6740 0.7056 12.9411 1.2975 25.5478 -1.2149 0.5961
Car -1 -1 -2.5898 4.0511 191.3606 339.2202 300.8338 1.4268 1.6390 3.9335 -6.2937 1.7204 10.5630 -3.1166 0.9617
Car -1 -1 -1.7223 649.8210 181.1422 717.5141 230.0118 1.4534 1.6208 4.2230 2.3437 1.7581 24.3408 -1.6282 0.9532
Car -1 -1 -1.8476 692.0297 188.3160 820.6257 276.5862 1.4975 1.5953 3.6209 2.7919 1.8547 14.7736 -1.6656 0.9444
Car -1 -1 -2.7125 236.6216 187.7663 427.1358 256.5858 1.5372 1.6526 3.9851 -6.7005 1.9189 17.4891 -3.0739 0.9338
Car -1 -1 -2.9117 387.5323 186.1705 506.0120 224.4182 1.4075 1.5897 4.2223 -6.2985 1.9384 27.9312 -3.1320 0.8747
Car -1 -1 0.4285 320.9926 180.2536 457.7149 232.2933 1.5152 1.5919 3.7248 -6.8275 1.7553 22.3399 0.1347 0.8502
Car -1 -1 -2.6663 187.1582 190.7459 393.4744 265.3886 1.4366 1.5321 3.6839 -6.6924 1.8358 15.1953 -3.0753 0.8328
Car -1 -1 3.4423 277.5107 184.9654 439.1841 242.7075 1.4962 1.5808 3.9166 -6.8931 1.8448 19.8964 3.1124 0.7643
Car -1 -1 0.5541 126.7141 189.2831 367.0569 279.8767 1.4668 1.5431 3.5911 -6.4800 1.7839 12.9661 0.0983 0.7634
Car -1 -1 -1.6787 642.9274 178.8042 685.6617 212.7855 1.5256 1.6284 4.1049 2.5508 1.8334 35.2002 -1.6076 0.7303
Car -1 -1 3.8381 0.0000 186.7995 72.6963 375.0000 1.4615 1.5441 3.9608 -6.8521 1.5909 5.5833 2.9747 0.6326
