Pedestrian -1 -1 0.5871 668.4849 168.0754 686.2440 198.6396 1.8515 0.5210 0.9544 4.0937 1.5624 44.2090 0.6784 0.4682
Pedestrian -1 -1 1.1478 880.9695 154.5815 906.4119 197.2740 1.9405 0.7702 0.9431 13.0406 1.1103 33.2853 1.5180 0.2520
Cyclist -1 -1 -2.3320 1160.1791 143.2455 1242.0000 243.2078 1.7211 0.4703 1.7212 11.0324 1.2116 13.2966 -1.6505 0.3601
Cyclist -1 -1 0.8250 668.8194 169.9707 685.3550 200.0134 1.8135 0.4706 0.9715 4.0631 1.6398 44.0812 0.9158 0.1227
Car -1 -1 -1.9181 750.3948 173.5487 957.7334 295.2090 1.5177 1.6142 4.0731 3.4174 1.5307 11.1014 -1.6279 0.9826
Car -1 -1 1.9323 305.3777 181.5720 433.7439 258.2889 1.4412 1.5106 3.4287 -5.1337 1.6524 15.6992 1.6206 0.9382
Car -1 -1 -1.8171 719.9575 176.5397 828.7439 249.0771 1.4706 1.5586 3.6481 3.6118 1.5656 16.6656 -1.6082 0.9171
Car -1 -1 1.8204 383.9451 176.6856 474.9712 235.3423 1.4719 1.5573 3.8822 -5.0074 1.5905 20.3071 1.5811 0.9149
Car -1 -1 -2.1193 875.0495 177.8415 1242.0000 375.0000 1.4617 1.5655 3.6255 3.4307 1.5126 5.4849 -1.5851 0.8956
Car -1 -1 0.8318 472.7058 173.0405 528.7479 195.1965 1.5498 1.6765 4.1385 -7.9975 1.5642 52.4549 0.6810 0.6425
