Car -1 -1 0.4080 192.9623 174.5098 383.1707 245.2864 1.5034 1.6062 3.5479 -7.1594 1.5427 16.1702 -0.0032 0.9665
Car -1 -1 -1.7547 624.6688 174.4781 664.9097 202.9463 1.3905 1.4912 3.2421 1.7120 1.4784 37.1445 -1.7095 0.9152
Car -1 -1 3.7179 0.0000 180.9019 263.4445 310.7518 1.4226 1.5859 3.7887 -6.6059 1.5321 8.8956 3.0932 0.9046
Car -1 -1 3.8390 0.0000 179.6016 260.1299 366.7980 1.4727 1.6783 4.3351 -5.8276 1.5427 6.5894 3.1347 0.9033
Car -1 -1 -2.3180 739.8968 176.3295 844.9531 221.4057 1.4168 1.5460 3.4764 6.1590 1.5461 24.8633 -2.0785 0.8989
Car -1 -1 3.4612 239.8754 176.4118 419.8817 238.9562 1.4799 1.6571 3.8809 -6.9572 1.5739 18.0847 3.0984 0.8230
Car -1 -1 0.3070 271.3776 150.9961 466.5581 227.8066 2.0988 1.8975 4.9650 -6.8260 1.5019 20.6825 -0.0084 0.6545
Car -1 -1 3.2239 401.5949 173.9666 493.4829 207.4138 1.4658 1.6408 3.9491 -7.3508 1.5184 32.7735 3.0046 0.5845
Car -1 -1 -2.8965 435.2772 173.2612 508.2697 200.9665 1.5012 1.5766 3.7040 -7.6663 1.5246 40.0102 -3.0850 0.5779
Car -1 -1 -1.7576 604.4819 174.2745 641.5587 199.3608 1.5452 1.6608 4.1182 0.7658 1.6421 46.8562 -1.7418 0.5724
