Pedestrian -1 -1 -1.6699 768.7025 171.6932 815.7568 278.2199 1.7142 0.6049 1.6790 3.0721 1.6959 12.4807 -1.4351 0.1285
Pedestrian -1 -1 -1.7915 795.5040 159.1152 875.1256 320.2054 1.8347 0.5589 1.7374 2.7393 1.6786 9.0995 -1.5093 0.1200
Cyclist -1 -1 -1.7915 795.5040 159.1152 875.1256 320.2054 1.8347 0.5589 1.7374 2.7393 1.6786 9.0995 -1.5093 0.9251
Cyclist -1 -1 -1.6613 770.3560 172.4572 814.7635 278.9785 1.7136 0.5741 1.6765 3.0781 1.7075 12.4751 -1.4260 0.8835
Car -1 -1 1.9999 148.3779 193.9764 434.3332 368.3932 1.4242 1.5055 3.5747 -3.3124 1.7169 8.1563 1.6244 0.9627
Car -1 -1 -2.8327 353.9296 176.7442 472.5583 218.5664 1.5225 1.6277 4.0326 -7.4390 1.6751 27.3368 -3.0963 0.9378
Car -1 -1 1.7718 579.7496 180.0789 631.1470 218.0157 1.5169 1.5479 3.6679 -0.1808 1.8526 31.5392 1.7654 0.8398
Car -1 -1 1.6815 643.3646 178.2404 676.2075 206.6018 1.6465 1.5999 4.0971 3.1060 1.9979 44.8639 1.7496 0.7182
Car -1 -1 -1.5559 757.3885 175.9311 786.8748 204.8785 1.6330 1.6481 3.8929 9.7010 1.8266 43.2284 -1.3371 0.6659
Car -1 -1 1.6846 609.4181 175.0827 649.8080 211.0462 1.6834 1.5872 3.9277 0.9943 1.8015 36.0808 1.7114 0.5882
