Pedestrian -1 -1 -0.9744 3.3660 136.7264 46.3777 204.9417 1.8452 0.5950 0.7637 -16.1907 0.8683 19.9185 -1.6505 0.4931
Car -1 -1 1.2288 748.2425 191.1929 970.6823 334.7574 1.4533 1.5667 3.6040 2.9980 1.7447 9.6098 1.5211 0.9477
Car -1 -1 -2.7587 272.7748 178.8017 424.4294 239.2024 1.5209 1.5578 3.4596 -6.9236 1.6864 19.1811 -3.1012 0.9387
Car -1 -1 -1.6248 645.1871 179.6419 680.2812 210.8228 1.4969 1.5935 3.8941 2.6525 1.8680 37.4483 -1.5552 0.7874
Car -1 -1 3.8493 0.0000 175.3793 196.5645 362.7896 1.4470 1.5981 3.9636 -6.2113 1.4731 6.4641 3.1044 0.7649
Car -1 -1 0.2080 316.1675 179.9824 468.6909 234.3349 1.5389 1.6148 4.1354 -6.4734 1.7628 21.6503 -0.0797 0.6438
Car -1 -1 0.1069 402.7745 179.2039 511.8828 217.7297 1.5040 1.6171 4.2164 -6.2103 1.7730 29.5119 -0.0992 0.5092
Car -1 -1 -2.8187 353.4127 183.0750 490.6577 228.4181 1.4366 1.6149 4.1655 -6.2980 1.7939 24.2405 -3.0707 0.5067
Car -1 -1 -2.9813 462.4251 180.9650 540.7776 208.6968 1.4604 1.6462 4.0134 -5.9024 1.9125 39.3358 -3.1298 0.4131
Car -1 -1 -2.1216 856.1137 0.0000 1242.0000 375.0000 1.8346 1.7291 4.3792 2.7839 1.3528 3.8326 -1.5295 0.3992
Car -1 -1 2.2272 0.0000 177.5955 70.4553 375.0000 1.4518 1.5479 3.4610 -4.3558 1.4866 3.3767 1.3542 0.3273
