Pedestrian -1 -1 -2.5727 999.5977 115.6581 1160.8086 319.8483 1.7290 0.7918 0.9832 4.3828 1.1729 6.6942 -2.0161 0.8060
Pedestrian -1 -1 -1.7186 580.7621 161.8648 614.8689 233.4674 1.7207 0.7009 0.9790 -0.1337 1.2500 17.7988 -1.7312 0.7928
Pedestrian -1 -1 -1.5033 670.4392 164.8637 694.0366 226.3238 1.6584 0.6031 0.7665 2.2031 1.2107 19.8098 -1.3992 0.6860
Pedestrian -1 -1 1.5166 950.8723 144.6648 1072.2010 374.0000 1.6874 0.6389 0.7631 2.6741 1.4649 4.8445 1.9926 0.5978
Pedestrian -1 -1 -2.7272 459.1045 162.0429 492.0143 227.9112 1.6849 0.5104 0.6991 -3.3065 1.1884 18.7027 -2.9050 0.5881
Pedestrian -1 -1 -1.7208 608.7615 162.2218 632.9500 210.2833 1.6970 0.7255 0.9874 0.6707 1.0174 25.8971 -1.7002 0.5153
Pedestrian -1 -1 -2.8023 683.6345 159.9679 714.8375 216.5038 1.6693 0.5519 0.7951 2.9188 1.0347 21.6326 -2.6749 0.5070
Pedestrian -1 -1 -1.3552 346.2586 198.2234 420.7138 336.7533 1.5700 0.7389 0.5947 -2.6234 1.7779 8.5434 -1.6510 0.4827
Pedestrian -1 -1 -1.8467 627.2318 165.5606 656.7655 229.2572 1.6213 0.5596 0.8265 1.0194 1.2168 18.7476 -1.7983 0.4677
Pedestrian -1 -1 -2.6960 638.9837 159.3364 676.3555 232.4971 1.7386 0.4838 0.7742 1.3340 1.2131 17.4693 -2.6262 0.4548
Pedestrian -1 -1 0.8900 718.7913 136.8131 835.1235 307.9483 1.7308 0.6200 1.1985 1.8597 1.2802 7.9372 1.1073 0.4292
Pedestrian -1 -1 1.4222 488.5178 160.8419 533.5461 253.4455 1.7176 0.7807 0.5111 -1.7654 1.3357 13.6743 1.2907 0.4218
Pedestrian -1 -1 -1.4749 263.1487 199.7041 337.0871 349.6141 1.4962 0.6697 0.6375 -3.2454 1.7022 7.6679 -1.8695 0.3549
Pedestrian -1 -1 0.5172 375.5705 155.1018 411.0869 209.7757 1.9470 0.5838 1.0883 -7.5476 1.0080 25.9878 0.2322 0.3499
Pedestrian -1 -1 -1.3820 94.3825 209.3702 202.3905 374.0000 1.5609 0.6138 0.5919 -3.5833 1.7963 5.6432 -1.9338 0.3339
Pedestrian -1 -1 -1.1939 626.0231 165.3296 644.1831 203.0350 1.7443 0.6311 0.7258 1.5710 0.9972 33.6891 -1.1527 0.3302
Pedestrian -1 -1 1.7258 368.3305 177.5887 426.9537 305.7608 1.6456 0.6475 0.7779 -2.7657 1.5968 9.6461 1.4477 0.3293
Pedestrian -1 -1 -3.2674 846.2255 136.9619 898.1094 234.5139 1.7649 0.5839 0.8290 4.9858 0.9604 13.3690 -2.9219 0.2686
Cyclist -1 -1 0.8925 717.8452 136.4249 835.0269 310.1379 1.7563 0.6196 1.2166 1.8542 1.3019 7.9425 1.1089 0.2125
Cyclist -1 -1 -1.8169 607.7269 161.2183 633.2200 211.5448 1.7701 0.6677 1.0799 0.6555 1.0578 25.8647 -1.7969 0.2063
Cyclist -1 -1 1.4653 582.4011 160.3750 615.5256 233.5558 1.7610 0.7091 1.0330 -0.1061 1.2538 17.8370 1.4542 0.1774
Cyclist -1 -1 -0.2845 686.6635 156.2228 723.9368 215.2839 1.7530 0.5388 0.9989 3.0989 1.0039 21.6589 -0.1491 0.1662
Car -1 -1 -1.8624 683.1771 178.7946 795.1711 245.2924 1.3726 1.5091 3.6834 3.0402 1.3180 16.7439 -1.6908 0.3726
Car -1 -1 1.4969 552.7743 169.7715 581.5590 195.6160 1.6346 1.6095 3.6037 -2.2822 0.8935 47.3203 1.4440 0.3104
