Car -1 -1 -1.9534 762.7622 177.4863 1050.6976 366.7868 1.5485 1.5416 3.4271 2.7929 1.6097 7.7346 -1.6203 0.9771
Car -1 -1 -1.6906 673.5209 181.6513 740.5339 235.2833 1.4277 1.5455 3.4997 2.7680 1.7120 21.5345 -1.5653 0.9501
Car -1 -1 3.6732 10.0512 155.7105 318.6650 270.5103 1.6813 1.6598 3.8512 -6.9176 1.4306 11.4018 3.1378 0.9428
Car -1 -1 -0.1706 724.1687 174.7036 836.8386 221.3866 1.6507 1.7251 3.7886 6.1559 1.7216 26.5510 0.0541 0.9421
Car -1 -1 0.3484 312.0142 176.2025 479.0178 241.3077 1.6257 1.5745 3.9181 -5.6260 1.7185 19.0184 0.0640 0.9315
Car -1 -1 0.6687 0.0000 181.2370 305.8111 323.4751 1.5839 1.6569 3.9006 -6.2005 1.7020 9.1415 0.0858 0.9267
Car -1 -1 0.3164 351.4088 176.2957 495.0790 227.0299 1.5974 1.6259 4.2955 -6.1391 1.7159 23.7980 0.0661 0.8536
Car -1 -1 0.3756 257.5274 185.4961 438.0392 253.9636 1.4887 1.5116 3.6523 -6.0704 1.7978 16.8036 0.0334 0.8324
Car -1 -1 0.7272 0.0000 219.3642 231.5186 375.0000 1.4424 1.7040 4.3636 -6.0343 1.9104 6.3789 -0.0097 0.7705
Car -1 -1 -2.6382 124.7257 187.6157 363.8466 271.8445 1.5024 1.6319 3.8624 -7.0717 1.8095 14.0862 -3.0964 0.7593
Car -1 -1 -1.7075 630.4616 179.0273 659.2322 201.6431 1.6343 1.6783 3.8797 2.6050 2.1245 55.2432 -1.6611 0.6495
