Pedestrian -1 -1 1.9700 114.0080 177.0121 149.5272 231.7121 1.7914 0.7122 0.8618 -16.0678 1.9340 24.1899 1.3885 0.5007
Pedestrian -1 -1 1.5026 1005.9287 138.3547 1041.0913 218.3474 1.7933 0.6360 0.9252 9.5245 1.0202 16.7268 2.0125 0.3895
Pedestrian -1 -1 -2.8340 678.7560 162.4502 709.9421 216.6804 1.7169 0.5615 0.8713 2.6773 1.3879 23.2750 -2.7215 0.3423
Pedestrian -1 -1 -1.6950 653.9911 167.8829 674.7263 218.9271 1.6814 0.5754 0.9743 1.7766 1.5180 24.2664 -1.6234 0.2951
Pedestrian -1 -1 -0.2421 657.3760 154.8424 702.4324 211.4778 1.7349 0.6144 1.2875 2.1275 1.1835 22.4999 -0.1496 0.2692
Cyclist -1 -1 -2.6301 668.5581 160.7686 733.3533 222.8292 1.7120 0.6100 1.7675 2.5464 1.3790 20.6701 -2.5099 0.6324
Cyclist -1 -1 -1.7400 773.7040 150.0072 791.2995 191.3760 1.8287 0.4691 1.8333 7.7964 0.8191 32.8217 -1.5090 0.2771
Cyclist -1 -1 2.8437 653.8065 155.3858 702.5684 212.8560 1.7468 0.5794 1.3949 2.0620 1.2162 22.3559 2.9339 0.2548
Cyclist -1 -1 -1.6950 653.9911 167.8829 674.7263 218.9271 1.6814 0.5754 0.9743 1.7766 1.5180 24.2664 -1.6234 0.1575
Car -1 -1 -1.4086 404.6674 172.4523 520.1942 262.8665 1.5882 1.6438 4.0373 -2.8972 1.5815 14.7139 -1.6004 0.9239
Car -1 -1 2.0284 192.3810 185.7808 296.2307 237.8065 1.5770 1.6133 3.8881 -12.4671 2.0563 24.7840 1.5662 0.9140
Car -1 -1 -1.6460 583.9720 171.8549 613.7232 195.7614 1.4793 1.6142 4.1074 -0.7947 1.4178 46.7635 -1.6633 0.6135
Car -1 -1 0.0790 395.2818 185.1796 491.1258 223.2715 1.4649 1.6085 3.7011 -6.7912 1.9875 29.4998 -0.1459 0.4766
Car -1 -1 1.6896 398.5792 177.5721 436.1133 206.5764 1.5062 1.5687 3.8490 -10.7007 1.7822 40.1382 1.4303 0.2930
Car -1 -1 2.2858 0.0000 186.8944 99.4930 245.7141 1.3510 1.5235 3.6374 -15.7936 1.7627 19.2950 1.6066 0.2509
