Pedestrian -1 -1 -1.0029 383.3000 157.3973 401.8463 195.1662 1.8978 0.6185 0.7091 -11.0877 1.1215 36.6787 -1.2947 0.3499
Pedestrian -1 -1 3.2479 300.9204 150.1680 337.4785 219.6272 1.8591 0.5583 0.8706 -7.9774 1.2523 19.6964 2.8674 0.3119
Car -1 -1 -1.7558 641.9863 170.4280 727.0756 234.5823 1.6422 1.6519 4.0815 1.9629 1.5804 20.5748 -1.6629 0.9653
Car -1 -1 3.3495 309.9625 178.2312 452.6584 229.7606 1.5786 1.7513 4.1345 -7.3543 1.7612 23.3894 3.0476 0.9605
Car -1 -1 1.7321 427.2168 178.2504 519.8475 250.8745 1.4638 1.5244 3.5718 -3.0759 1.6019 16.6087 1.5511 0.9522
Car -1 -1 3.6632 0.0000 180.9946 228.7922 341.9139 1.4354 1.5753 3.9930 -6.5234 1.5346 7.6543 2.9744 0.9214
Car -1 -1 3.7702 0.0000 215.3478 63.6010 375.0000 1.4130 1.5016 3.7062 -6.3471 1.7774 4.9932 2.8922 0.6281
Car -1 -1 1.4713 607.2727 171.0356 634.5330 194.0380 1.6659 1.6508 4.0447 0.7578 1.5346 54.3394 1.4848 0.5972
Car -1 -1 -2.4218 916.8932 194.6495 1242.0000 375.0000 1.4684 1.6033 3.7052 2.6263 1.5968 2.3354 -1.6392 0.4940
Car -1 -1 1.7135 411.2260 165.8629 467.3224 206.2620 1.5301 1.6416 4.1998 -6.9358 1.2657 29.4886 1.4841 0.4635
