Pedestrian -1 -1 -2.7117 1094.0114 151.2868 1154.1296 238.7791 1.8127 0.6057 0.8682 11.0909 1.2091 15.1711 -2.0887 0.3796
Pedestrian -1 -1 -2.7979 449.7424 173.3908 465.9682 201.6254 1.7756 0.5599 0.8685 -9.3235 1.3298 44.7969 -3.0001 0.3677
Pedestrian -1 -1 2.7875 569.3491 168.4428 586.2287 196.9774 1.8440 0.4679 0.9996 -1.7750 1.0661 46.0927 2.7510 0.3577
Pedestrian -1 -1 3.2272 370.7759 183.2827 381.9713 207.6666 1.7189 0.6725 0.7024 -16.2697 1.9199 50.3358 2.9179 0.3314
Pedestrian -1 -1 -1.8343 905.4631 139.1140 933.8008 194.4660 1.8190 0.5063 1.4682 10.6348 0.4605 23.9941 -1.4201 0.2805
Pedestrian -1 -1 -2.9794 508.3697 171.5618 523.1483 199.1172 1.7891 0.6057 0.8718 -5.8320 1.2101 46.2217 -3.1023 0.2356
Cyclist -1 -1 -3.1090 635.0789 167.0225 665.6948 196.2210 1.8534 0.5431 1.9383 2.9066 0.9993 45.2418 -3.0436 0.8071
Cyclist -1 -1 -1.1626 387.3211 179.9973 409.3616 213.7165 1.6809 0.4818 1.5971 -10.5444 1.6573 36.0650 -1.4431 0.7888
Cyclist -1 -1 -0.1394 581.8540 168.7327 610.4477 195.6954 1.8152 0.6394 1.8728 -0.6030 1.0243 48.0509 -0.1502 0.5271
Cyclist -1 -1 -1.7898 906.0184 136.0831 932.8685 192.8175 1.8601 0.4964 1.5650 10.6276 0.4054 23.9926 -1.3757 0.4196
Cyclist -1 -1 1.3425 868.6151 159.9591 888.1136 194.7516 1.7933 0.5343 1.9314 14.4485 0.7360 37.4315 1.7098 0.3500
Cyclist -1 -1 1.3210 369.1238 183.7740 382.4085 207.7939 1.6806 0.6441 1.1207 -16.3029 1.9177 50.2858 1.0108 0.1733
Car -1 -1 -1.4953 520.5008 174.6525 554.8895 203.5685 1.5648 1.6589 3.7465 -3.7843 1.2498 40.1445 -1.5868 0.8998
Car -1 -1 -0.4752 915.3483 141.3939 1038.1241 181.4100 1.4294 1.5211 3.7156 13.5881 0.0340 26.0171 0.0031 0.8796
Car -1 -1 -2.6534 884.6437 155.4497 954.5772 181.8728 1.8188 1.7280 4.2854 22.5922 0.0958 50.8837 -2.2361 0.3602
Car -1 -1 -1.5754 1039.6371 138.1348 1079.2894 174.0819 1.7290 1.6627 4.3128 23.7911 -0.3558 37.0808 -1.0070 0.2577
