Pedestrian -1 -1 0.4341 324.4989 173.2967 356.4420 224.3257 1.7184 0.6300 0.8342 -9.0610 1.4774 24.1530 0.0812 0.5482
Pedestrian -1 -1 -1.2355 32.9041 151.1943 58.1955 195.4525 1.9700 0.7239 0.6365 -25.2444 0.6670 31.8850 -1.8984 0.4792
Pedestrian -1 -1 2.1556 231.3134 179.2866 263.3330 228.6113 1.7267 0.6045 0.9322 -12.7916 1.6857 25.2456 1.6933 0.4674
Pedestrian -1 -1 -1.4999 538.6406 161.4472 562.0534 216.8936 1.7867 0.6564 1.7658 -1.8446 1.1743 23.6633 -1.5748 0.4222
Pedestrian -1 -1 -0.6910 122.9244 170.0642 211.8493 320.6281 1.7352 0.7563 0.5645 -5.3266 1.6166 8.5356 -1.2307 0.4037
Pedestrian -1 -1 1.5297 319.0010 172.8189 341.8720 230.2627 1.7836 0.6461 0.8764 -8.7669 1.5467 22.4793 1.1643 0.3614
Cyclist -1 -1 -0.4253 706.1853 158.9687 744.0599 195.6284 1.7370 0.6032 1.6982 5.7595 0.7182 34.0035 -0.2572 0.7291
Cyclist -1 -1 -3.3617 920.9980 142.9201 999.0125 206.3666 1.7305 0.7902 1.8283 9.9161 0.7071 19.8793 -2.9035 0.6989
Cyclist -1 -1 -1.4999 538.6406 161.4472 562.0534 216.8936 1.7867 0.6564 1.7658 -1.8446 1.1743 23.6633 -1.5748 0.6933
Cyclist -1 -1 -1.5534 830.7932 158.2504 843.2617 199.5998 1.7944 0.5017 2.0098 10.3959 0.8303 31.7095 -1.2378 0.6765
Cyclist -1 -1 -0.4567 853.0648 153.5510 916.6483 201.0492 1.6429 0.7788 1.9394 9.8239 0.7123 24.9206 -0.0837 0.6410
Cyclist -1 -1 -2.0783 1062.2029 149.9780 1095.9209 191.7549 1.7717 0.4813 1.6332 20.6226 0.4788 30.8132 -1.4915 0.6129
Cyclist -1 -1 -0.3437 286.5945 171.7442 361.5957 234.1521 1.7176 0.6242 1.9049 -8.0865 1.4782 20.3154 -0.7154 0.4307
Car -1 -1 -1.3662 405.0406 177.9802 508.2297 248.0439 1.4509 1.5964 3.7691 -3.3713 1.4003 16.5283 -1.5619 0.9692
Car -1 -1 2.4833 1075.8051 144.8415 1198.9943 181.8489 1.6518 1.7188 4.3871 24.3491 0.0617 32.4509 3.1241 0.9553
Car -1 -1 -3.6520 983.2729 155.5968 1082.2812 188.3974 1.4575 1.5212 3.5737 19.4241 0.3524 32.2248 -3.1121 0.7306
Car -1 -1 1.7082 560.9100 177.5873 596.5197 204.0364 1.5291 1.6221 4.0090 -1.5534 1.3621 42.9496 1.6740 0.4396
