Pedestrian -1 -1 1.4125 613.4792 134.0598 669.3031 260.0742 1.7985 0.6913 0.9350 0.4818 1.1374 10.5893 1.4588 0.8132
Pedestrian -1 -1 1.2844 669.7847 131.1161 729.8895 256.5241 1.8218 0.6740 0.9028 1.3816 1.1061 10.7659 1.4105 0.8059
Pedestrian -1 -1 -2.7362 403.2845 149.3830 441.4683 208.1554 1.7974 0.6002 0.9939 -5.7076 0.8473 21.9919 -2.9846 0.5730
Pedestrian -1 -1 1.4059 560.3301 134.1385 606.9484 233.6741 1.8179 0.7479 0.8825 -0.4603 0.9728 13.4138 1.3746 0.5659
Pedestrian -1 -1 0.9682 440.9268 145.2195 497.1152 246.9678 1.7927 0.6633 0.8249 -2.5427 1.1727 12.9783 0.7814 0.5649
Pedestrian -1 -1 1.7167 528.6248 148.7997 570.2085 240.2428 1.8134 0.7337 0.8397 -1.1673 1.1864 14.4603 1.6399 0.5582
Pedestrian -1 -1 1.2350 475.1812 147.0607 521.6884 238.3791 1.7478 0.7070 0.7446 -2.1617 1.1094 14.0213 1.0875 0.5304
Pedestrian -1 -1 0.6743 1072.1219 147.4463 1224.0000 370.0000 1.6105 0.6035 0.8844 3.0601 1.4602 3.7483 1.3206 0.5229
Pedestrian -1 -1 1.3503 530.5496 136.8531 555.1681 201.6492 1.7899 0.5641 0.6445 -1.7895 0.5858 19.9182 1.2644 0.5161
Pedestrian -1 -1 -1.5833 87.5973 150.0144 115.6923 215.5458 1.7412 0.6143 0.7980 -13.7672 0.9328 19.2854 -2.1934 0.4036
Pedestrian -1 -1 -2.7876 482.0269 145.5844 539.1644 234.8901 1.8818 0.6422 1.0717 -2.0796 1.1477 15.3258 -2.9178 0.4016
Pedestrian -1 -1 -2.0793 686.8500 150.1994 714.3542 207.5549 1.7649 0.5538 0.7627 2.9670 0.8341 22.2080 -1.9464 0.3639
Pedestrian -1 -1 -1.3710 109.0002 150.6066 166.9868 264.3656 1.8133 0.6568 0.7733 -7.7860 1.3384 11.7444 -1.9420 0.3414
Pedestrian -1 -1 -1.7132 343.6503 148.8111 363.3449 194.3487 1.9483 0.7309 0.5894 -10.9353 0.5940 30.6758 -2.0504 0.3395
Pedestrian -1 -1 0.8755 246.6134 132.4074 331.7322 243.4487 1.7576 0.5952 1.3115 -5.2958 0.9980 11.7459 0.4643 0.3364
Pedestrian -1 -1 -2.5333 548.0666 141.5897 569.9344 189.0464 1.9220 0.6802 0.6202 -1.9131 0.3476 29.0828 -2.5962 0.3103
Pedestrian -1 -1 0.6594 635.8820 143.1331 676.9316 230.2746 1.7667 0.5617 0.6460 1.0316 1.0107 14.7542 0.7298 0.2752
Cyclist -1 -1 0.8523 244.3548 131.1697 332.8101 244.3191 1.7898 0.5976 1.3627 -5.3026 1.0112 11.7402 0.4405 0.2851
Cyclist -1 -1 1.3516 669.8974 131.4927 727.1147 256.7133 1.8285 0.6720 0.9474 1.3678 1.1145 10.8229 1.4758 0.1165
Cyclist -1 -1 -2.6529 403.2222 149.3440 442.0351 208.4514 1.8058 0.5798 1.0167 -5.7030 0.8555 21.9990 -2.9010 0.1043
Car -1 -1 1.8880 0.0000 41.4968 286.7787 370.0000 1.6889 1.6267 4.1518 -3.1389 1.3001 4.2028 1.2842 0.5040
