Pedestrian -1 -1 1.8413 1021.6321 145.8800 1064.4835 229.1812 1.7761 0.6176 0.8270 9.4909 1.2013 15.8908 2.3712 0.3419
Car -1 -1 -1.8891 774.7288 151.9745 986.1010 282.9850 1.7279 1.7358 4.6433 4.0445 1.4529 11.8377 -1.5683 0.9716
Car -1 -1 2.0970 0.0000 192.3847 329.5602 375.0000 1.5273 1.6020 4.1193 -4.5949 1.7887 7.5782 1.5668 0.9706
Car -1 -1 -1.7538 735.3107 177.4372 835.8157 243.6851 1.4602 1.6839 4.2264 4.2660 1.5907 18.3442 -1.5296 0.9494
Car -1 -1 1.7159 514.3130 175.0333 561.6038 209.4019 1.5231 1.6671 4.0546 -3.3987 1.6333 34.2991 1.6174 0.9123
Car -1 -1 -1.7672 715.1392 173.7085 783.7266 224.8428 1.5676 1.5618 3.4522 4.4944 1.5983 23.9109 -1.5843 0.8272
Car -1 -1 -1.6581 706.3218 173.0488 755.4559 213.2485 1.5121 1.6037 3.8458 4.7722 1.5209 29.1330 -1.4979 0.5762
Car -1 -1 -1.4845 582.5566 173.7492 604.3279 192.3226 1.5321 1.5724 3.3465 -1.4070 1.6107 61.4002 -1.5077 0.5739
Car -1 -1 0.2695 453.7068 167.1897 518.0458 193.0661 1.5650 1.6012 3.6256 -7.6800 1.2228 44.6119 0.0997 0.3635
Car -1 -1 -1.8719 682.6473 172.4812 738.4295 206.1804 1.5248 1.6115 3.6898 4.7173 1.5082 34.5974 -1.7381 0.3421
