Pedestrian -1 -1 -1.4982 783.9269 152.0984 799.9579 192.9843 1.9061 0.6907 0.6478 8.5501 0.9388 34.0507 -1.2545 0.2898
Pedestrian -1 -1 3.4408 0.0000 175.7069 45.7967 274.3455 1.8297 0.5390 0.8339 -11.4559 1.8863 13.8110 2.7576 0.2425
Pedestrian -1 -1 -1.4687 462.3261 187.3200 477.7263 225.5670 1.6579 0.5938 0.7920 -6.2466 2.3086 32.0129 -1.6604 0.1929
Pedestrian -1 -1 -1.6325 484.2198 176.4654 504.0577 214.3726 1.6403 0.8142 0.8055 -5.1504 1.8023 31.7942 -1.7923 0.1893
Pedestrian -1 -1 2.9536 201.1908 144.8538 252.4275 251.3316 1.7793 0.5211 0.6995 -6.6790 1.3118 12.4761 2.4706 0.1716
Car -1 -1 -1.6215 646.4075 173.9614 685.8397 208.0540 1.3920 1.5159 3.5085 2.3491 1.4432 31.3432 -1.5479 0.8511
Car -1 -1 1.6799 553.4148 178.7675 594.3615 210.4487 1.4447 1.5927 4.0910 -1.7717 1.7554 35.7694 1.6302 0.8387
Car -1 -1 -0.4894 698.4916 161.3001 773.5295 189.4727 1.5713 1.6575 3.9525 7.2308 0.9273 41.6478 -0.3189 0.3163
Car -1 -1 1.6043 573.9339 171.8672 603.7839 202.6134 1.7244 1.6229 4.2377 -1.2379 1.6694 42.5859 1.5750 0.2568
Car -1 -1 0.0828 696.5731 159.9969 766.7037 188.8395 1.7823 1.6967 4.2795 7.7265 0.9882 45.9325 0.2482 0.1521
Car -1 -1 2.2732 683.5706 174.1286 728.7684 194.5318 1.5720 1.6000 3.6537 7.6778 1.6774 57.6379 2.4046 0.1491
