Pedestrian -1 -1 3.2502 217.7867 171.7099 245.8719 216.2671 1.7997 0.6071 0.9596 -15.5470 1.7538 29.5978 2.7700 0.5020
Pedestrian -1 -1 -2.2892 592.6256 163.3355 610.9061 196.9359 1.8813 0.6487 0.8327 -0.5031 1.3487 40.9219 -2.3018 0.4384
Pedestrian -1 -1 2.4530 81.9240 168.8304 114.4390 212.6451 1.7916 0.5392 0.9863 -21.3486 1.6274 30.0478 1.8393 0.3718
Pedestrian -1 -1 -2.3854 0.0000 163.3981 60.4374 290.1493 1.7098 0.6587 0.5712 -8.2783 1.5826 10.0819 -3.0600 0.3359
Cyclist -1 -1 2.2887 59.6456 168.3724 105.3666 214.1677 1.7952 0.5260 1.6594 -21.3163 1.6199 29.1322 1.6612 0.3287
Car -1 -1 1.2080 540.3914 166.2656 593.1195 196.5631 1.7715 1.7532 4.5232 -2.7684 1.3866 44.6075 1.1460 0.8584
Car -1 -1 -2.0363 578.5903 169.3101 628.7147 193.8920 1.5081 1.6323 3.9118 -0.4869 1.2910 46.3765 -2.0471 0.8016
Car -1 -1 -2.5170 829.8435 164.2395 883.0504 186.4480 1.5667 1.5765 3.3968 17.9528 0.9594 52.7395 -2.1908 0.7834
Car -1 -1 -2.1882 619.3430 166.7496 681.5860 192.5643 1.5939 1.7135 4.5535 2.5377 1.2174 46.9312 -2.1349 0.7709
Car -1 -1 0.8546 761.0282 166.1564 819.7286 189.6735 1.5300 1.5975 4.0556 12.1888 1.0946 49.1077 1.0962 0.6478
Car -1 -1 0.6780 240.4823 176.5147 305.2467 201.7870 1.5342 1.5506 3.4849 -21.1889 1.7704 45.3090 0.2426 0.5711
Car -1 -1 1.6027 2.9321 167.2458 65.5054 213.4462 1.4138 1.4932 3.3716 -19.0236 1.2426 23.8777 0.9353 0.4571
