Pedestrian -1 -1 1.3034 825.2360 166.7348 853.8652 221.4138 1.7682 0.6781 0.9122 7.5172 1.5707 23.7975 1.6052 0.5541
Pedestrian -1 -1 1.3140 848.4415 165.5515 875.6833 222.5875 1.8281 0.6182 0.9390 8.1960 1.5944 23.6150 1.6437 0.5329
Pedestrian -1 -1 -0.3593 938.9040 163.9688 980.3705 226.0322 1.7837 0.6236 0.9281 10.1612 1.5287 21.0843 0.0838 0.4399
Pedestrian -1 -1 -1.9240 736.2239 170.2721 755.4285 205.3184 1.7031 0.6540 0.9085 6.6518 1.5779 35.5631 -1.7410 0.4377
Pedestrian -1 -1 1.2936 693.3983 163.9144 706.9341 194.0545 1.8728 0.5746 1.0607 5.6370 1.3177 45.3990 1.4160 0.2092
Pedestrian -1 -1 -1.5567 659.9798 174.0778 667.3067 194.4645 1.7596 0.6260 0.7329 4.6428 1.8670 62.7123 -1.4836 0.1921
Cyclist -1 -1 -1.7948 800.9312 159.6415 835.9608 229.1135 1.7829 0.5065 1.7922 5.5417 1.4442 19.4223 -1.5215 0.9073
Cyclist -1 -1 2.6762 937.7733 164.0777 981.6664 226.1898 1.7877 0.6250 0.9767 10.1661 1.5355 21.0877 3.1194 0.1496
Cyclist -1 -1 1.2905 847.8280 165.5203 876.3187 223.1202 1.8452 0.6221 1.0023 8.1995 1.6106 23.6268 1.6201 0.1462
Cyclist -1 -1 1.3674 826.2908 167.3065 853.5286 223.1299 1.7961 0.6576 1.0111 7.5126 1.6180 23.7486 1.6696 0.1287
Car -1 -1 -0.4774 1084.4835 181.8338 1147.9631 202.1861 1.4916 1.5412 3.6436 38.3519 2.1860 54.7619 0.1306 0.4676
Car -1 -1 -1.7503 648.3049 170.4955 677.2700 192.5870 1.9123 1.7967 4.5830 4.6792 1.7085 64.8317 -1.6789 0.1877
