Car -1 -1 -1.7779 584.1464 175.6442 657.4900 229.9772 1.6489 1.6570 3.9626 0.2277 1.7510 24.2165 -1.7694 0.9716
Car -1 -1 0.5326 0.0000 165.5462 281.5078 296.9115 1.7613 1.6898 4.1110 -7.3382 1.6637 10.6377 -0.0598 0.9116
Car -1 -1 0.7622 0.0000 183.2872 154.1473 342.5346 1.4566 1.6381 3.8986 -7.2879 1.5784 7.5498 0.0120 0.8943
Car -1 -1 3.2928 377.3976 168.5367 456.8551 198.7820 1.7846 1.7563 4.4330 -11.6494 1.5302 43.6827 3.0334 0.4693
Car -1 -1 1.4525 532.0860 173.7271 556.7311 193.9906 1.6642 1.6499 3.7899 -5.6378 1.7414 61.4544 1.3611 0.4475
Car -1 -1 -1.4955 388.3797 174.3237 422.4676 202.1464 1.4731 1.5751 3.3701 -11.3909 1.5590 40.1990 -1.7702 0.3870
Car -1 -1 3.2604 301.7939 175.8777 403.9493 217.9347 1.5085 1.5797 3.4606 -9.6527 1.6277 27.1906 2.9220 0.2916
Car -1 -1 3.3567 252.7675 175.0144 384.7135 221.6742 1.5117 1.6262 3.9120 -9.8730 1.5891 24.5984 2.9784 0.2876
Car -1 -1 3.4828 189.1948 171.6835 356.8521 227.2932 1.4508 1.5572 3.8638 -9.1711 1.4206 19.7676 3.0532 0.2672
Car -1 -1 3.4253 321.1232 180.9944 438.5169 217.8955 1.4588 1.6387 4.3293 -9.4694 1.8048 29.7710 3.1195 0.2667
Car -1 -1 -1.3050 44.6241 151.2406 129.3830 194.7825 1.4482 1.5594 3.6015 -18.7435 0.7297 25.9543 -1.9256 0.2417
Car -1 -1 -1.5060 357.2491 175.7319 419.0162 227.7706 1.4691 1.6018 3.5372 -6.8786 1.5668 22.4823 -1.8001 0.2391
