Pedestrian -1 -1 -1.8712 274.5206 179.1397 319.8876 259.1285 1.5734 0.6396 0.8167 -6.3251 1.5483 14.4212 -2.2747 0.4501
Pedestrian -1 -1 3.2090 119.4080 116.9976 197.7704 255.2496 1.8260 0.5861 0.8741 -6.2097 0.9889 9.7953 2.6609 0.4283
Pedestrian -1 -1 -1.4842 790.0037 163.2438 804.7327 196.7966 1.7708 0.6981 0.7526 10.2724 0.8615 37.7843 -1.2191 0.3997
Pedestrian -1 -1 -3.2805 986.9880 148.6352 1025.4777 218.8852 1.7752 0.6359 0.7812 10.3389 0.9716 18.2999 -2.7719 0.3521
Pedestrian -1 -1 -3.1433 773.1642 159.1534 797.0388 191.4980 1.8367 0.5516 1.3186 10.3249 0.6259 40.5734 -2.8942 0.2995
Pedestrian -1 -1 -0.2900 994.6927 113.1529 1062.5806 242.5635 1.7459 0.4225 0.7146 5.8264 0.8390 9.8220 0.2334 0.2932
Pedestrian -1 -1 -1.9779 1020.7546 143.3060 1041.7932 185.5868 1.9654 0.6736 0.5702 19.9898 0.2379 33.1884 -1.4383 0.2456
Pedestrian -1 -1 -1.2451 117.0272 153.8622 139.5636 193.9682 1.9410 0.6790 0.8494 -23.4146 0.6533 34.7126 -1.8323 0.2344
Cyclist -1 -1 1.0611 875.7224 156.9768 908.0250 195.6491 1.7780 0.5439 1.9215 13.5521 0.6980 33.4900 1.4440 0.6144
Cyclist -1 -1 -3.2254 771.9025 158.4529 797.5922 190.8135 1.8392 0.5498 1.3863 10.2989 0.5875 40.5646 -2.9769 0.2684
Car -1 -1 -0.9047 0.0000 202.8110 287.9587 370.0000 1.4872 1.5826 3.8644 -3.1532 1.6569 3.3569 -1.6115 0.8287
Car -1 -1 1.7692 431.0958 174.9766 471.5208 202.0288 1.4458 1.5184 3.6254 -8.5666 1.1520 39.6031 1.5596 0.7436
Car -1 -1 1.8459 408.1052 174.0075 438.5340 192.7375 1.6306 1.6056 4.0390 -16.2759 1.0666 63.5896 1.5983 0.2629
