Car -1 -1 -3.5487 833.0329 164.3046 1043.9103 234.3954 1.6581 1.7219 4.4572 7.9914 1.4562 17.9392 -3.1363 0.9724
Car -1 -1 1.9505 183.1908 201.2907 416.4146 351.0647 1.4694 1.5616 3.4889 -3.8518 1.9126 9.4860 1.5735 0.9622
Car -1 -1 2.7941 758.7300 167.2179 885.9636 211.6935 1.6194 1.6925 4.2903 7.9186 1.4146 27.2600 3.0735 0.9517
Car -1 -1 2.7137 800.0500 162.9250 971.4054 224.3914 1.7099 1.6909 4.3699 7.9253 1.4340 21.0718 3.0683 0.9448
Car -1 -1 -1.6919 659.7255 181.2172 719.5692 230.5494 1.5336 1.5962 3.6685 2.6291 1.8440 24.9025 -1.5887 0.9350
Car -1 -1 -1.3641 422.4904 188.3320 482.5460 229.8497 1.4930 1.6042 3.9766 -6.3814 2.1674 29.4232 -1.5764 0.9252
Car -1 -1 1.8836 292.9198 194.5314 413.9050 265.7359 1.4521 1.6080 4.2343 -6.3222 2.0616 18.1412 1.5522 0.7138
Car -1 -1 1.7730 475.6371 185.0679 518.1760 217.4859 1.6651 1.5997 3.9677 -6.3417 2.3869 40.5992 1.6184 0.7062
Car -1 -1 2.3751 0.0000 206.2740 194.2833 375.0000 1.4779 1.6460 3.9163 -3.6154 1.7053 2.9060 1.5259 0.6490
Car -1 -1 -0.6751 1027.7378 146.4818 1141.5795 181.2714 1.5765 1.7245 4.3308 22.1252 0.3818 33.7670 -0.0990 0.5336
