Pedestrian -1 -1 1.1498 670.1390 170.0903 694.5638 210.3095 1.7485 0.6822 1.1073 3.1615 1.6287 31.9983 1.2468 0.5257
Cyclist -1 -1 1.1391 669.8978 170.9214 694.3865 211.5994 1.7659 0.6932 1.0674 3.1466 1.6823 31.9379 1.2358 0.1562
Car -1 -1 2.1067 0.0000 188.9678 269.2588 352.4165 1.4909 1.5733 3.7897 -5.8743 1.7325 8.8791 1.5355 0.9601
Car -1 -1 -2.1046 835.4592 173.3706 1242.0000 375.0000 1.4695 1.5137 3.3589 3.0107 1.4750 5.4664 -1.6246 0.9291
Car -1 -1 1.2569 464.4309 177.0755 518.2674 208.9751 1.4443 1.5168 3.6961 -5.8725 1.6622 35.1827 1.0922 0.8930
Car -1 -1 2.7070 649.8329 169.3495 716.2164 190.1053 1.5370 1.7290 4.7514 5.5416 1.2779 55.0274 2.8065 0.8040
Car -1 -1 1.6417 157.2555 178.7283 223.2983 225.6945 1.5181 1.7511 4.3299 -15.1982 1.7510 26.2321 1.1207 0.7503
Car -1 -1 0.7783 346.0593 178.2077 416.7653 205.2873 1.4775 1.6233 3.8578 -13.2211 1.7984 41.5971 0.4721 0.7143
Car -1 -1 -1.1507 90.3270 176.7747 175.6907 217.9983 1.4096 1.4243 3.2458 -17.6016 1.5644 26.7106 -1.7290 0.5581
Car -1 -1 -1.8468 522.4579 185.8722 566.4860 213.7251 1.4646 1.6167 3.5708 -3.8657 2.2531 41.7233 -1.9392 0.5170
