Car -1 -1 0.5462 9.1797 176.0000 370.7893 283.4206 1.4488 1.6102 4.4540 -6.0859 1.4996 10.6703 0.0382 0.9859
Car -1 -1 -1.7307 684.3517 183.1179 781.2806 253.2743 1.3923 1.5781 3.8931 2.6865 1.6599 16.8379 -1.5761 0.9626
Car -1 -1 0.3350 258.0914 163.6496 460.6991 230.8145 1.5993 1.6710 4.4838 -6.1977 1.3805 18.0313 0.0080 0.9288
Car -1 -1 -1.6945 664.0432 179.9931 722.2808 224.3233 1.4370 1.5848 3.9350 2.8745 1.7142 26.0031 -1.5864 0.9063
Car -1 -1 1.7206 553.5820 177.7111 589.1467 204.5071 1.4320 1.5028 3.6127 -2.1933 1.7216 41.1038 1.6672 0.7978
Car -1 -1 3.1901 418.3921 175.0809 515.5339 210.5619 1.5206 1.6629 4.1476 -6.3585 1.6238 32.1841 2.9962 0.7667
Car -1 -1 1.4745 644.9787 172.9321 674.1362 197.6160 1.4571 1.4672 3.2728 2.9745 1.4624 44.2570 1.5407 0.7430
Car -1 -1 0.0489 491.2664 173.4142 552.1433 198.5897 1.6329 1.7143 3.9279 -5.8430 1.6712 47.8386 -0.0724 0.7148
Car -1 -1 3.2924 350.1611 183.1070 494.2157 230.0359 1.4032 1.6063 4.2530 -5.9386 1.7452 23.0239 3.0422 0.5951
Car -1 -1 0.3274 402.8683 178.1224 509.0847 221.2434 1.4778 1.4560 3.4405 -5.5302 1.6738 25.8769 0.1185 0.5377
