Pedestrian -1 -1 2.3279 23.0038 109.8358 113.1396 246.8764 1.8366 0.6569 0.7716 -7.6130 0.9924 10.0904 1.6941 0.2630
Pedestrian -1 -1 -2.4572 0.0000 118.2013 81.2793 288.3525 1.8014 0.6674 0.8358 -6.5634 1.2232 7.9750 -3.1296 0.2008
Pedestrian -1 -1 1.7995 97.3210 138.0836 129.0243 199.5823 1.8381 0.6552 0.6896 -15.1886 0.7992 22.0022 1.2009 0.1772
Cyclist -1 -1 -1.0908 43.2260 162.1294 167.7678 308.6737 1.8064 0.5862 1.8510 -6.8569 1.6746 9.8446 -1.6868 0.5160
Car -1 -1 -1.6002 391.2501 173.6767 430.2643 209.5783 1.5411 1.6133 3.3744 -9.1639 1.5811 32.9047 -1.8701 0.9234
Car -1 -1 2.3484 0.0000 219.0352 155.7184 375.0000 1.4473 1.5966 4.0129 -4.4704 1.8250 3.8516 1.5230 0.6401
Car -1 -1 -1.8953 543.9224 139.0991 625.9504 193.8757 2.1789 2.0384 5.0700 -1.2465 0.8366 31.4307 -1.9349 0.4994
Car -1 -1 -0.5280 673.5965 138.4291 788.5796 184.3159 1.6585 1.6659 4.0485 4.5810 0.4146 27.5767 -0.3652 0.3095
Car -1 -1 -0.7266 786.5937 160.9162 1057.0062 269.7166 1.6483 1.7704 4.1868 5.3004 1.4678 12.4496 -0.3333 0.2100
Car -1 -1 -1.2949 390.9671 173.0332 436.4555 200.3274 1.5194 1.6192 3.6538 -11.4097 1.5306 42.0229 -1.5587 0.2091
Car -1 -1 1.4599 414.6782 176.5632 441.8752 198.4830 1.5880 1.5837 3.9639 -13.9403 1.8827 55.1257 1.2130 0.1645
