Pedestrian -1 -1 -1.5182 811.1396 153.7386 839.2717 224.2269 1.7164 0.6432 0.6509 5.3185 1.2513 17.9798 -1.2355 0.6421
Cyclist -1 -1 -1.1441 261.2206 190.2222 282.4563 222.6641 1.6603 0.3862 1.6340 -18.1247 2.6100 38.6184 -1.5806 0.4603
Cyclist -1 -1 -3.2486 734.3448 175.1764 764.8660 206.6988 1.7980 0.6242 1.6684 8.0044 1.9334 41.5867 -3.0603 0.4601
Car -1 -1 2.0697 0.0000 194.8431 270.3775 363.6309 1.5812 1.5236 3.6821 -5.8876 1.9174 9.1316 1.5098 0.9731
Car -1 -1 -1.9985 764.0068 181.0642 1033.5277 340.4612 1.4346 1.5308 3.4189 3.0238 1.5514 8.4492 -1.6669 0.9687
Car -1 -1 1.8785 235.1483 189.9949 373.1529 279.9381 1.4564 1.4685 3.5017 -5.8872 1.8364 14.1722 1.4908 0.9553
Car -1 -1 -1.8292 721.3350 181.7340 854.1660 269.0870 1.4178 1.5548 3.5985 3.2124 1.6119 13.9068 -1.6078 0.9320
Car -1 -1 -2.7669 335.6402 176.7656 429.5516 207.8316 1.6075 1.7227 4.4737 -12.1593 1.8227 38.6075 -3.0704 0.9183
Car -1 -1 -2.3053 922.1912 181.6569 1242.0000 375.0000 1.5146 1.5862 3.7476 2.9871 1.5774 3.2163 -1.6022 0.8199
Car -1 -1 1.0844 296.1261 186.9466 347.4257 211.9653 1.5289 1.5701 3.8116 -19.2242 2.5025 47.9898 0.7050 0.5021
Car -1 -1 1.6990 916.1721 169.9297 965.0303 207.5361 1.4616 1.4346 3.3575 13.6705 1.3483 29.8463 2.1244 0.4895
Car -1 -1 1.3294 969.4398 166.1482 1017.1992 193.7734 1.4254 1.4662 3.5340 20.6845 1.0797 39.1180 1.8125 0.3578
