Pedestrian -1 -1 1.5872 824.9614 164.9379 839.6253 201.6879 1.6927 0.6449 0.8684 10.3603 1.3284 33.7426 1.8822 0.2314
Pedestrian -1 -1 1.5442 570.2977 175.2402 581.6927 203.6865 1.6630 0.6493 0.8836 -2.0505 1.8062 42.7212 1.4960 0.1987
Pedestrian -1 -1 -1.3521 328.0235 185.6181 349.0718 229.1566 1.6200 0.5878 0.8207 -10.4037 2.1158 27.5541 -1.7104 0.1950
Pedestrian -1 -1 1.2733 363.6814 164.2515 382.2162 206.2266 1.8711 0.5748 0.8470 -10.7770 1.4880 32.6718 0.9568 0.1562
Pedestrian -1 -1 2.0221 131.7753 171.0989 192.7179 267.3275 1.8074 0.6502 0.9651 -8.7571 1.7748 14.0613 1.4733 0.1051
Car -1 -1 1.7884 480.5038 181.4725 573.7821 243.3881 1.4590 1.6610 4.1814 -2.1900 1.7215 19.7717 1.6788 0.9403
Car -1 -1 1.6119 583.5490 174.6772 618.6548 206.9218 1.5120 1.5964 3.9469 -0.4350 1.6085 36.0533 1.5994 0.8636
Car -1 -1 1.4156 557.1586 180.4908 592.1863 207.6290 1.4452 1.4711 3.5146 -2.0971 1.9029 41.3441 1.3648 0.1556
Car -1 -1 1.6182 378.7585 172.4624 405.1892 199.8476 2.3299 1.9941 5.4513 -19.3892 2.2969 64.2710 1.3261 0.1479
Car -1 -1 1.6677 671.4561 171.3589 695.2045 192.1700 1.7217 1.6350 4.1862 6.3008 1.5984 61.9044 1.7683 0.1361
Car -1 -1 -1.4487 303.4302 165.6758 356.6212 213.0081 1.8534 1.6264 3.7388 -11.7105 1.5727 30.2615 -1.8153 0.1278
Car -1 -1 1.4309 521.0804 167.5886 565.1077 198.7716 1.4360 1.5890 4.0552 -3.3738 1.1939 35.3810 1.3361 0.1092
Car -1 -1 1.4860 865.5819 171.0928 891.3060 191.4592 1.5147 1.5094 4.1034 20.7108 1.3841 55.8384 1.8392 0.1066
