Pedestrian -1 -1 0.9490 996.7154 116.5446 1114.4935 288.6140 1.8564 0.7322 0.9398 5.0270 1.2492 8.2832 1.4784 0.4414
Pedestrian -1 -1 -3.2877 800.4142 120.5488 883.8002 275.6170 1.8220 0.6071 0.8852 2.7692 1.2078 8.8405 -2.9943 0.3559
Car -1 -1 0.4337 190.4135 183.6730 336.4528 236.1810 1.8500 1.8452 4.5271 -12.7985 2.2657 26.7514 -0.0091 0.9018
Car -1 -1 2.7641 827.1627 168.4421 936.6667 207.9499 1.4512 1.5473 3.5583 10.1968 1.2895 27.3165 3.1175 0.8580
Car -1 -1 0.8823 0.0000 208.9072 64.1223 275.8557 1.5041 1.5956 3.8560 -16.4318 2.4836 18.4926 0.1629 0.7339
Car -1 -1 3.7619 0.0000 204.4706 121.6046 248.8739 1.5133 1.5413 3.6230 -20.3839 2.7146 26.5828 3.1124 0.6722
Car -1 -1 -2.4952 1001.3647 204.0370 1242.0000 375.0000 1.4871 1.5772 3.7742 2.9801 1.6633 2.1468 -1.6126 0.5731
Car -1 -1 -0.7712 945.3218 171.2498 1072.4758 211.6054 1.4600 1.6511 4.3223 15.1311 1.4023 27.4786 -0.2728 0.4897
Car -1 -1 1.5034 120.2574 191.6941 167.3417 226.7880 1.4981 1.6623 4.2015 -22.9011 2.4777 35.3219 0.9314 0.4544
Car -1 -1 1.0928 297.4268 184.1767 367.9043 216.6548 1.4759 1.5844 4.0968 -13.9515 2.0734 36.0987 0.7261 0.3669
Car -1 -1 1.6973 526.3112 160.9077 567.6719 194.8578 2.0307 1.9593 5.3344 -3.9615 1.3165 45.8596 1.6113 0.3649
Car -1 -1 2.1463 48.4392 182.5184 114.6139 210.3459 1.6167 1.6090 3.6371 -32.9577 2.2457 45.0675 1.5175 0.3375
