Pedestrian -1 -1 1.5454 450.0457 170.8836 469.1345 219.0775 1.7708 0.6810 0.5845 -5.6482 1.6987 26.8708 1.3397 0.1589
Pedestrian -1 -1 3.3285 245.4894 164.9716 307.3262 257.9126 1.8451 0.6792 1.0399 -6.8638 1.6889 14.7754 2.9000 0.1520
Pedestrian -1 -1 -1.6722 677.3284 172.5940 688.6833 200.3893 1.7706 0.6355 0.9130 4.6617 1.7544 46.4168 -1.5732 0.1286
Pedestrian -1 -1 0.2077 451.3731 155.5593 463.7334 188.0245 1.9897 0.6464 0.6270 -9.4412 0.9301 44.5416 -0.0001 0.1145
Pedestrian -1 -1 -1.3111 500.0898 175.4669 514.9120 207.1595 1.6977 0.6074 0.8183 -5.5958 1.8414 39.1625 -1.4525 0.1001
Cyclist -1 -1 1.0863 702.5097 154.8809 741.3315 211.6642 1.7013 0.5065 1.5857 3.4184 1.1632 22.4479 1.2350 0.2028
Cyclist -1 -1 1.4898 690.1419 172.4335 699.8490 198.1327 1.6880 0.5197 1.5051 5.6368 1.6607 48.1507 1.6052 0.1877
Car -1 -1 1.7341 498.8506 179.8162 560.9667 227.9084 1.6487 1.7049 4.0466 -2.9997 1.9334 27.3980 1.6254 0.9468
Car -1 -1 -1.5927 554.5725 176.2948 575.7051 196.6147 1.5661 1.6133 3.8948 -3.6764 1.8541 58.2971 -1.6558 0.7192
Car -1 -1 1.7151 400.8197 157.9718 439.6358 188.5065 1.6484 1.5697 4.0110 -10.7705 0.8453 41.0283 1.4598 0.1808
Car -1 -1 1.2555 633.6360 158.6462 697.5660 198.0206 1.4703 1.5026 3.5607 2.1126 0.9401 28.8494 1.3275 0.1419
Car -1 -1 3.1815 455.9748 172.1383 511.9553 193.1678 1.4791 1.5817 3.8983 -9.0343 1.4291 51.7871 3.0094 0.1266
Car -1 -1 3.0934 432.9130 156.1817 500.1218 181.3939 1.8594 1.7920 4.9144 -10.9123 0.6302 54.6749 2.8972 0.1174
