Pedestrian -1 -1 -3.4856 993.8276 209.2807 1050.7280 302.0901 1.6226 0.5854 0.7482 7.4982 2.3089 13.2348 -2.9810 0.2112
Pedestrian -1 -1 0.6482 296.5287 143.3598 347.8356 231.4019 1.8278 0.7157 0.7356 -6.1937 1.2158 15.4199 0.2718 0.2052
Pedestrian -1 -1 -1.8249 152.4313 176.3544 233.1822 315.0317 1.6246 0.7232 0.6906 -5.2449 1.6709 8.9748 -2.3415 0.2032
Pedestrian -1 -1 -3.1585 706.8942 189.0983 726.7589 235.5442 1.7578 0.6489 0.7468 4.0880 2.3954 27.9320 -3.0156 0.1981
Pedestrian -1 -1 -3.0875 968.1259 199.4962 1013.9658 281.2813 1.5926 0.6261 0.8076 7.7848 2.1582 14.8305 -2.6135 0.1803
Pedestrian -1 -1 -2.4226 554.9204 195.3374 570.8636 221.4486 1.7479 0.7051 0.8408 -3.2777 3.3154 49.7542 -2.4887 0.1650
Pedestrian -1 -1 -0.9571 266.2195 204.4865 369.4904 319.3239 1.5907 0.6685 1.6591 -4.6032 2.1282 11.3642 -1.3347 0.1597
Pedestrian -1 -1 -3.0996 712.7170 199.9438 754.2186 253.7645 1.7108 0.6696 1.3294 4.0443 2.6247 23.8644 -2.9349 0.1489
Cyclist -1 -1 -0.9571 266.2195 204.4865 369.4904 319.3239 1.5907 0.6685 1.6591 -4.6032 2.1282 11.3642 -1.3347 0.2564
Cyclist -1 -1 -2.9759 708.7598 201.7057 754.8113 256.7292 1.7344 0.6654 1.4131 3.9838 2.7103 23.8519 -2.8137 0.2121
Car -1 -1 1.6768 508.2447 199.9037 558.9246 245.1806 1.5828 1.6641 3.6591 -3.0747 2.7480 29.2390 1.5721 0.9474
Car -1 -1 0.0211 672.9586 173.8858 728.9584 197.9606 1.6467 1.6474 3.8292 6.3470 1.7209 50.5359 0.1449 0.4850
Car -1 -1 1.5607 656.5953 197.9957 683.5208 224.0087 1.5454 1.7271 3.5235 3.9571 3.2885 48.1948 1.6413 0.4614
Car -1 -1 1.8428 423.9298 208.1429 497.9319 260.3573 1.4747 1.6201 3.2786 -4.9965 2.7491 24.3558 1.6417 0.2894
Car -1 -1 2.2048 0.0000 67.5473 222.2982 375.0000 1.8499 1.7168 4.3552 -4.0309 1.5927 4.0265 1.4515 0.2171
Car -1 -1 -0.7271 37.0305 172.3083 364.3619 319.8000 1.7286 1.6969 4.0620 -5.7346 1.7225 10.6531 -1.2111 0.2078
