Pedestrian -1 -1 -1.8558 33.8714 189.1549 60.0996 230.6107 1.7557 0.6925 0.8276 -24.2378 2.1392 30.6811 -2.5179 0.5430
Pedestrian -1 -1 -3.0554 857.8998 139.6169 879.0374 186.8914 1.9646 0.6339 0.7856 11.0982 0.2671 29.8317 -2.7008 0.2220
Pedestrian -1 -1 0.5675 467.1538 168.2336 480.1411 190.2045 1.7446 0.5205 0.8797 -10.4922 0.7718 56.5464 0.3869 0.1713
Pedestrian -1 -1 2.4092 842.6983 165.2070 893.0955 259.1904 1.7291 0.5743 0.6879 4.9358 1.4494 13.3985 2.7562 0.1490
Pedestrian -1 -1 0.9381 963.5463 95.8627 1100.0104 303.0586 1.6939 0.5603 0.9712 3.7047 1.0037 6.2910 1.4509 0.1480
Pedestrian -1 -1 -1.5833 115.8973 175.2658 130.9104 210.3890 1.8138 0.6439 0.6113 -25.1787 1.5449 36.9415 -2.1759 0.1407
Cyclist -1 -1 -1.1628 418.4355 174.4794 436.2743 202.1760 1.6697 0.4164 1.7125 -10.9241 1.3081 43.4992 -1.4055 0.4622
Cyclist -1 -1 -0.0174 590.6556 164.8535 612.4226 186.5862 1.7387 0.6363 1.7414 -0.2697 0.4881 56.8967 -0.0203 0.2922
Car -1 -1 -1.5464 542.3008 168.0926 564.8320 189.6484 1.5180 1.5515 3.2366 -3.7094 0.6455 51.4370 -1.6161 0.5910
Car -1 -1 2.3190 0.0000 179.7675 40.9560 240.8080 1.7976 1.5807 3.7924 -20.4970 1.7775 22.7304 1.5938 0.4931
Car -1 -1 1.4941 392.2627 171.4339 417.0778 192.3094 1.5375 1.5446 3.8645 -15.3614 0.8711 54.1509 1.2210 0.1441
Car -1 -1 -1.4939 571.7432 173.4426 596.6627 194.4136 1.5122 1.5695 3.8431 -1.5158 1.0046 52.9380 -1.5206 0.1411
