Pedestrian -1 -1 -0.1370 513.8976 165.2347 542.7329 213.8614 1.6532 0.7089 0.9013 -2.5602 1.1013 24.8715 -0.2436 0.4297
Pedestrian -1 -1 -2.8272 423.7285 188.0703 492.4132 303.8493 1.6452 0.6194 0.8463 -2.1480 1.7467 10.6003 -3.0285 0.3729
Pedestrian -1 -1 2.4065 266.3969 162.6162 327.5062 280.6336 1.7279 0.6031 0.6084 -4.6662 1.4527 10.9174 2.0056 0.3462
Pedestrian -1 -1 2.2033 407.9893 180.6926 468.9830 291.1160 1.7379 0.6878 0.7121 -2.7041 1.7265 11.7658 1.9763 0.3242
Pedestrian -1 -1 -1.4226 380.1143 187.7122 434.7601 312.1735 1.7680 0.6631 0.9292 -2.9294 1.8666 10.7515 -1.6886 0.2223
Pedestrian -1 -1 1.0160 444.2987 182.7084 496.6314 274.4368 1.7230 0.7294 0.7282 -2.5965 1.7486 14.0183 0.8304 0.1941
Pedestrian -1 -1 -1.9113 665.1351 177.3523 689.7641 225.1467 1.6085 0.6454 0.6763 2.5729 1.4700 24.5785 -1.8134 0.1913
Pedestrian -1 -1 2.2370 251.6092 171.5704 312.2139 284.3753 1.7384 0.5665 0.7130 -5.1401 1.5867 11.4826 1.8188 0.1828
Cyclist -1 -1 -2.1101 636.6183 171.8913 661.5389 206.0457 1.5883 0.4191 1.5884 2.2483 1.1424 34.2042 -2.0500 0.3460
Cyclist -1 -1 -1.3624 432.2123 184.1730 490.4366 303.4040 1.6619 0.6011 1.2948 -2.1037 1.7054 10.6900 -1.5581 0.1478
Cyclist -1 -1 0.0055 514.6550 164.9664 542.7637 213.7741 1.6631 0.7085 0.9549 -2.5416 1.1008 24.8745 -0.1004 0.1234
Car -1 -1 -1.9666 776.3373 141.7372 1092.1356 346.4036 1.6596 1.5783 3.7097 3.1168 1.3385 7.6986 -1.5992 0.9599
Car -1 -1 -1.4680 520.6609 175.4460 560.6196 207.6728 1.4375 1.5499 3.3443 -2.8187 1.1684 33.7224 -1.5558 0.3872
Car -1 -1 2.9836 461.2532 167.4581 524.2634 192.7640 1.6136 1.7072 3.8691 -7.1431 0.7190 47.2083 2.8293 0.2441
Car -1 -1 2.2953 0.0000 223.6668 171.5688 374.0000 1.3977 1.6020 3.9412 -6.2400 1.9270 7.0140 1.5804 0.2420
Car -1 -1 -0.3716 653.1557 177.8291 768.0159 222.1163 1.5225 1.5983 3.7696 3.8857 1.3974 25.8989 -0.2294 0.2155
