Pedestrian -1 -1 1.8495 1141.3073 151.5208 1182.8981 228.2033 1.7624 0.6186 0.6922 12.9872 1.2725 17.0361 2.4922 0.4501
Car -1 -1 -1.8237 768.8713 190.3961 923.5465 293.5762 1.4976 1.6529 3.9673 4.0439 1.8671 13.1675 -1.5332 0.9747
Car -1 -1 -1.7111 713.2292 185.2707 779.9677 236.3206 1.4921 1.6186 3.9344 4.4171 1.9409 24.0552 -1.5325 0.9288
Car -1 -1 1.7609 484.4046 187.7409 543.4500 231.5250 1.5586 1.6386 3.9455 -3.8348 2.2005 29.0722 1.6303 0.9248
Car -1 -1 -1.8282 730.6595 187.7692 827.3778 252.4030 1.4590 1.5725 3.5822 4.2728 1.8888 18.9468 -1.6107 0.9088
Car -1 -1 -2.0763 847.5754 146.3596 1242.0000 375.0000 1.6749 1.7357 4.6155 3.8734 1.5068 6.9025 -1.5839 0.8656
Car -1 -1 -1.6636 701.9197 183.5340 750.7752 225.8772 1.5577 1.6057 3.7097 4.6350 2.0214 29.4003 -1.5096 0.7768
Car -1 -1 -1.4154 571.6851 184.2675 600.1800 206.6626 1.6220 1.6671 3.7026 -1.8649 2.5415 56.1698 -1.4490 0.4827
Car -1 -1 1.2594 880.9358 176.1603 923.8410 199.3257 1.5173 1.5992 3.9507 20.1169 1.7554 49.8616 1.6404 0.4553
Car -1 -1 1.7227 534.3547 186.6391 571.9565 217.6507 1.5558 1.5273 3.6926 -3.1231 2.3524 39.7792 1.6442 0.4431
Car -1 -1 -1.8455 1022.7855 174.5491 1087.4434 208.7747 1.4798 1.5683 3.7369 20.4785 1.5634 33.4031 -1.2998 0.4153
