Pedestrian -1 -1 -1.6733 814.8203 144.2099 855.1672 232.0375 1.7972 0.7226 0.8533 4.6919 1.2114 15.2495 -1.3808 0.4827
Pedestrian -1 -1 -1.5972 852.0999 144.0451 886.8826 228.5281 1.6828 0.6451 0.7441 5.2696 1.1093 14.8215 -1.2623 0.4466
Pedestrian -1 -1 -2.1004 0.0000 130.2998 26.4385 202.9015 1.9782 0.6284 0.7845 -16.9018 0.8191 20.0867 -2.7934 0.3628
Cyclist -1 -1 -0.9473 25.0954 196.2148 113.6578 299.2447 1.5469 0.4217 1.3932 -8.8874 1.9535 11.8457 -1.5804 0.3470
Car -1 -1 2.0048 70.1105 192.9585 301.1199 326.4012 1.5155 1.4998 3.5342 -5.9723 1.8607 10.5547 1.5001 0.9563
Car -1 -1 -1.8638 754.3142 177.0235 946.5875 297.5697 1.4014 1.5257 3.6177 3.1475 1.4719 10.3243 -1.5767 0.9381
Car -1 -1 -2.7468 304.3011 173.8725 405.5325 210.9373 1.7410 1.7133 4.2918 -12.3337 1.7920 34.9212 -3.0843 0.8751
Car -1 -1 -2.1910 839.9104 178.8842 1242.0000 375.0000 1.4891 1.5467 3.5415 2.9197 1.5441 4.7087 -1.6646 0.8114
Car -1 -1 2.3569 0.0000 198.4587 91.1658 375.0000 1.6014 1.5686 3.6641 -6.0171 1.8597 5.4147 1.5434 0.6336
Car -1 -1 -3.2940 785.0748 165.9899 869.4907 198.9723 1.5572 1.5586 3.7314 10.4686 1.2335 35.0868 -3.0067 0.6067
Car -1 -1 1.2816 266.8262 183.6067 310.4238 208.9590 1.4315 1.5234 3.4114 -19.6782 2.1151 44.0497 0.8634 0.4323
Car -1 -1 0.9045 354.8806 178.8983 420.4731 204.0985 1.4429 1.6099 4.1416 -13.6251 1.8275 44.0334 0.6057 0.3540
