Car -1 -1 -2.4295 820.7479 181.3781 1014.0225 262.6971 1.4968 1.5901 3.7118 6.4733 1.7066 15.7145 -2.0462 0.9625
Car -1 -1 -1.7866 642.6412 184.5296 701.9071 227.4536 1.5002 1.5770 3.4204 2.3085 1.9828 27.9956 -1.7060 0.9388
Car -1 -1 3.6149 41.7378 159.1163 380.9436 288.7415 1.9117 1.7833 4.4423 -6.2234 1.7095 11.5559 3.1300 0.8849
Car -1 -1 -2.5231 0.0000 206.9439 281.3508 338.3444 1.4523 1.6667 4.0668 -6.6839 1.9301 9.2575 -3.1351 0.8469
Car -1 -1 -2.3007 0.0000 198.6698 135.5807 375.0000 1.4559 1.6035 3.7617 -7.1242 1.7458 7.1468 -3.0659 0.8185
Car -1 -1 -1.6809 622.5516 183.7991 661.7892 216.4346 1.5526 1.6070 3.9877 1.5934 2.1565 37.7403 -1.6397 0.8029
Car -1 -1 3.4162 333.6562 191.1407 465.3299 239.4874 1.4918 1.6185 3.8576 -6.8863 2.1137 23.7019 3.1358 0.7658
Car -1 -1 -2.6010 200.4796 193.9478 401.8024 266.3750 1.4963 1.6560 3.9935 -7.1033 2.0158 16.6502 -2.9990 0.7434
Car -1 -1 3.3212 245.8576 190.1531 414.5287 259.4638 1.6315 1.6604 3.8412 -7.1758 2.1089 18.7276 2.9594 0.7417
Car -1 -1 -2.8632 396.4248 189.5612 490.4755 227.2060 1.5146 1.6540 3.5916 -7.0956 2.2487 30.7658 -3.0886 0.6788
Car -1 -1 3.1973 457.7246 177.4421 517.6601 201.4719 1.4948 1.6350 3.7061 -7.8362 1.7960 46.2889 3.0301 0.6573
Car -1 -1 1.6026 494.7932 184.9806 524.1210 215.4146 1.6318 1.5816 4.0346 -5.9057 2.3806 42.4404 1.4647 0.5997
Car -1 -1 0.0249 673.6631 171.4873 725.8552 189.7503 1.4836 1.6491 4.2305 7.4162 1.3729 59.7368 0.1475 0.5980
