Pedestrian -1 -1 2.0508 468.5563 145.2936 495.5802 195.7511 1.9169 0.6671 0.9522 -4.7849 0.5809 27.4112 1.8821 0.5937
Pedestrian -1 -1 0.8415 763.6819 140.1610 948.2219 370.0000 1.6794 0.6523 0.7668 1.3633 1.4762 4.0701 1.1443 0.5362
Pedestrian -1 -1 1.4794 636.5527 142.7783 660.2518 202.9493 1.8456 0.6577 0.9286 1.3211 0.6901 22.1564 1.5401 0.5162
Pedestrian -1 -1 0.4969 424.6864 146.7635 462.5889 207.6828 1.8855 0.5705 1.0165 -5.1163 0.8429 22.2914 0.2765 0.4695
Pedestrian -1 -1 1.4508 549.8143 139.9291 568.0470 186.1713 1.8573 0.6466 0.8489 -1.9090 0.2293 28.8701 1.3877 0.4677
Pedestrian -1 -1 0.9238 925.1901 165.4445 1087.1866 370.0000 1.6338 0.6250 0.6714 2.5041 1.5465 4.5603 1.3993 0.3891
Pedestrian -1 -1 -1.7319 118.5951 149.1594 171.5514 260.2431 1.7744 0.6527 0.6154 -7.6831 1.2755 11.7360 -2.2972 0.3455
Pedestrian -1 -1 0.6516 410.1031 173.0374 473.4189 262.2313 1.4654 0.5732 0.8871 -2.8260 1.3444 12.0562 0.4290 0.2206
Pedestrian -1 -1 2.8429 287.5474 134.6136 355.7276 236.9560 1.7345 0.6051 0.9897 -5.0616 0.9585 12.5231 2.4698 0.2023
Cyclist -1 -1 3.0540 390.0495 142.0713 482.2733 235.0831 1.7619 0.6450 1.7244 -3.3804 1.0356 13.9639 2.8238 0.6632
Cyclist -1 -1 -0.7325 271.2158 137.1350 373.4378 241.7694 1.7311 0.5202 1.8006 -5.0391 1.0153 12.6131 -1.1017 0.5243
Cyclist -1 -1 1.4316 635.6085 142.7414 660.9803 203.5261 1.8602 0.6619 0.9827 1.3165 0.7062 22.1488 1.4922 0.1450
Cyclist -1 -1 2.0508 468.5563 145.2936 495.5802 195.7511 1.9169 0.6671 0.9522 -4.7849 0.5809 27.4112 1.8821 0.1229
Cyclist -1 -1 0.2747 411.9147 139.1342 451.2549 199.9718 1.8608 0.5635 1.0718 -5.4029 0.5971 21.9231 0.0387 0.1227
Cyclist -1 -1 1.4508 549.8143 139.9291 568.0470 186.1713 1.8573 0.6466 0.8489 -1.9090 0.2293 28.8701 1.3877 0.1050
Car -1 -1 1.8399 0.0000 35.3401 277.2348 370.0000 1.7707 1.6708 4.4544 -3.0389 1.4426 3.9805 1.2273 0.4304
Car -1 -1 -2.2764 45.9071 158.4646 142.9608 192.1610 1.5911 1.6329 4.0539 -25.0316 0.5521 34.6666 -2.8955 0.3084
Car -1 -1 2.0652 356.4004 177.6801 440.3880 215.2456 1.5075 1.6505 4.2642 -8.8591 1.3959 30.6291 1.7881 0.2177
