Cyclist -1 -1 1.6572 539.6855 173.2091 556.4011 210.0112 1.7410 0.6568 1.8231 -3.0387 1.7591 35.0609 1.5708 0.7918
Car -1 -1 -1.9889 808.6473 189.0528 1242.0000 375.0000 1.4392 1.5713 3.5530 2.7831 1.6086 5.7440 -1.5590 0.9701
Car -1 -1 -0.3500 793.6185 178.6911 981.5218 249.9550 1.5089 1.5669 3.6140 6.0773 1.6467 16.1916 0.0023 0.9330
Car -1 -1 3.6875 0.0000 181.1086 298.8665 284.2822 1.4115 1.5305 3.7509 -6.9102 1.5443 10.7845 3.1285 0.9313
Car -1 -1 -0.4734 875.9611 173.5159 1188.8765 273.4766 1.3933 1.5139 3.8120 6.1397 1.4044 10.8757 0.0284 0.9247
Car -1 -1 0.6297 0.0000 177.5590 301.6001 326.2019 1.5181 1.6517 4.2014 -6.0450 1.5780 8.2753 0.0138 0.9195
Car -1 -1 3.4176 282.0008 173.0700 444.8437 229.8348 1.5142 1.6192 4.0141 -6.8344 1.5209 20.1553 3.0942 0.9163
Car -1 -1 3.5483 93.8833 184.5558 382.5663 272.0780 1.4318 1.6853 4.3186 -6.5667 1.6587 13.0121 3.0887 0.9128
Car -1 -1 -0.3683 713.9389 177.5195 841.9532 224.0853 1.4765 1.6210 3.8512 5.5364 1.6402 24.1751 -0.1465 0.8978
Car -1 -1 3.3168 430.2057 175.5425 516.8893 207.5107 1.4559 1.6163 3.7688 -6.3865 1.5853 33.8236 3.1311 0.8762
Car -1 -1 -1.6991 632.0844 178.2076 672.5056 206.0890 1.4175 1.6779 4.2148 2.2330 1.7283 39.6736 -1.6438 0.8610
Car -1 -1 3.5317 175.4507 178.8635 406.0384 252.7522 1.4943 1.6383 4.2532 -6.8094 1.6315 15.5813 3.1255 0.8394
Car -1 -1 -0.5515 835.8684 181.2550 1085.8958 268.2689 1.4656 1.6513 3.9022 6.3641 1.6342 13.4011 -0.1174 0.8066
Car -1 -1 2.7567 736.9744 181.7301 890.2992 238.7944 1.5803 1.6537 4.0453 5.9233 1.8566 21.3698 3.0227 0.7923
Car -1 -1 0.3057 308.9582 158.4731 465.1591 218.0160 1.8004 1.7060 4.3832 -6.9681 1.3659 22.6908 0.0107 0.7739
Car -1 -1 3.9203 0.0000 210.4796 146.1474 375.0000 1.3990 1.6060 3.9800 -6.2342 1.7411 5.6896 3.1127 0.7489
