Pedestrian -1 -1 -1.3685 409.3621 167.8201 430.0378 216.5887 1.7315 0.6007 0.6513 -6.8855 1.5531 25.9561 -1.6257 0.5324
Pedestrian -1 -1 1.1375 702.5165 144.4368 762.5240 251.3909 1.8550 0.7494 0.9176 2.1512 1.3625 13.0546 1.2963 0.4876
Pedestrian -1 -1 1.4154 1214.3263 163.2672 1242.0000 223.8079 1.7677 0.6806 0.7554 18.5302 1.4881 21.5649 2.1181 0.4019
Car -1 -1 -1.8919 686.3783 178.9441 869.1360 306.8965 1.5018 1.5135 3.2978 2.1602 1.6043 10.3599 -1.6932 0.9766
Car -1 -1 2.4770 579.2844 172.8303 691.0754 216.2546 1.4543 1.5772 3.8698 0.9004 1.4538 25.9394 2.5107 0.9463
Car -1 -1 -0.9025 771.0022 166.4172 898.0591 218.2178 1.4339 1.5827 3.9092 6.7578 1.2560 21.7327 -0.6053 0.9273
Car -1 -1 -1.0426 863.1887 164.8073 976.2750 213.4444 1.5228 1.6324 4.2343 10.5252 1.2712 24.5088 -0.6417 0.8942
Car -1 -1 -1.1787 1006.3264 157.5710 1099.1215 200.3648 1.6397 1.7081 4.4153 18.1855 1.0545 29.6388 -0.6329 0.8351
Car -1 -1 -1.0852 948.0110 166.0229 1036.6700 207.5646 1.4740 1.5246 3.4695 14.3989 1.2319 27.2105 -0.6033 0.8164
Car -1 -1 2.3020 719.2397 170.2876 816.0110 207.3574 1.4350 1.5542 4.1177 6.5005 1.3361 29.7667 2.5145 0.7801
Car -1 -1 -1.4766 1109.0028 159.9443 1156.7241 192.7455 1.5398 1.5890 3.7321 25.9338 0.9341 35.7973 -0.8537 0.3316
