Pedestrian -1 -1 2.0663 408.0009 158.1332 436.2472 210.0775 1.8684 0.6712 0.8660 -6.9252 1.3393 26.4513 1.8123 0.4204
Pedestrian -1 -1 -0.5726 893.4890 151.5032 955.0917 226.0133 1.7880 0.6529 1.2323 7.6693 1.2760 17.7380 -0.1710 0.3227
Pedestrian -1 -1 -2.2819 838.2692 151.8943 871.0211 204.8577 1.7885 0.5759 0.9693 8.3980 1.0811 24.9200 -1.9607 0.2772
Pedestrian -1 -1 -1.2485 943.2033 170.0719 985.1895 250.8629 1.7449 0.6575 0.6948 7.8352 1.6852 16.0591 -0.8026 0.2601
Pedestrian -1 -1 0.2800 705.5244 131.1017 757.4065 185.8324 1.8004 0.5381 1.6405 4.0469 0.4273 24.3273 0.4428 0.1255
Cyclist -1 -1 0.6370 706.8210 128.9252 755.1810 185.0334 1.8378 0.5471 1.5980 4.0336 0.3993 24.3945 0.7989 0.2846
Cyclist -1 -1 -0.5726 893.4890 151.5032 955.0917 226.0133 1.7880 0.6529 1.2323 7.6693 1.2760 17.7380 -0.1710 0.1406
Cyclist -1 -1 -2.2819 838.2692 151.8943 871.0211 204.8577 1.7885 0.5759 0.9693 8.3980 1.0811 24.9200 -1.9607 0.1015
Car -1 -1 -1.7860 694.8615 165.7765 802.7498 241.8445 1.6805 1.7350 4.2351 3.2758 1.5245 18.0879 -1.6105 0.9537
Car -1 -1 1.7537 465.9129 181.1942 537.3077 237.0412 1.6369 1.6338 3.8757 -3.5115 1.9339 23.6991 1.6075 0.9390
Car -1 -1 -1.3464 553.4760 179.1041 607.0594 213.3989 1.4888 1.6452 4.2564 -1.3836 1.8065 34.3814 -1.3869 0.8979
Car -1 -1 -1.3536 684.0517 175.5020 739.9616 214.1191 1.5240 1.5752 3.8761 4.3804 1.6452 30.8493 -1.2145 0.7277
Car -1 -1 0.6637 1024.9424 0.0000 1242.0000 375.0000 1.6899 1.6306 3.9792 3.2958 1.4430 2.3737 1.5529 0.6541
