Pedestrian -1 -1 0.0108 1099.1467 174.5785 1126.7382 218.8903 1.8580 0.6766 0.9588 21.4590 1.9334 30.8468 0.6137 0.2962
Pedestrian -1 -1 1.3414 1195.3862 191.5836 1225.8285 239.1898 1.7530 0.6942 0.9363 22.9142 2.4846 27.5913 2.0284 0.2496
Pedestrian -1 -1 -0.7632 1169.7279 161.8699 1203.8575 214.4223 1.8175 0.6146 0.7054 20.1688 1.4380 25.2909 -0.0960 0.2264
Pedestrian -1 -1 -0.1104 1067.1439 180.2802 1113.7634 228.0978 1.7947 0.7321 1.4256 18.5356 2.0893 27.9295 0.4700 0.1889
Pedestrian -1 -1 -1.6269 1210.3801 150.4316 1233.3999 204.0174 1.8748 0.5875 0.5979 21.7091 1.0907 25.6564 -0.9305 0.1839
Pedestrian -1 -1 -0.6486 1119.9846 141.2640 1157.0735 203.4280 1.7817 0.5532 0.6709 15.3032 0.8767 20.9625 -0.0247 0.1456
Pedestrian -1 -1 -1.4143 1219.6707 147.9657 1242.0000 207.1911 1.9265 0.6720 0.5740 20.6544 1.1173 23.9098 -0.7080 0.1356
Cyclist -1 -1 -1.6661 1221.1083 210.7014 1242.0000 325.1767 1.6227 0.4268 1.6233 10.0955 2.2695 11.5337 -0.9609 0.2741
Cyclist -1 -1 -0.1104 1067.1439 180.2802 1113.7634 228.0978 1.7947 0.7321 1.4256 18.5356 2.0893 27.9295 0.4700 0.2006
Cyclist -1 -1 -1.6969 1026.7655 179.2169 1043.6766 223.6378 1.7170 0.3850 1.5211 16.9723 1.9789 28.8838 -1.1707 0.1701
Cyclist -1 -1 -0.9062 1190.8821 191.4949 1230.2419 238.8562 1.7542 0.7262 0.9486 22.8744 2.4779 27.5394 -0.2191 0.1227
Car -1 -1 -1.7605 980.0939 188.7767 1242.0000 375.0000 1.4602 1.6267 3.7348 4.6143 1.6585 6.9305 -1.1935 0.9359
Car -1 -1 -1.6893 916.1968 188.4705 977.7889 234.0931 1.5450 1.6685 4.0937 13.0093 2.2022 28.1443 -1.2611 0.9095
