Pedestrian -1 -1 -0.3444 176.2151 160.1381 213.5321 229.3646 1.8049 0.6366 0.6915 -11.1400 1.4737 19.2788 -0.8627 0.3071
Cyclist -1 -1 2.0612 385.4369 184.6043 408.6619 214.5784 1.7240 0.5252 1.8485 -12.7725 2.4436 43.2072 1.7750 0.2742
Car -1 -1 1.7650 404.5580 186.2459 505.4377 254.6082 1.5092 1.7421 4.5131 -3.9890 1.9058 19.0789 1.5609 0.9614
Car -1 -1 1.7452 475.7481 186.4875 529.2683 227.9240 1.4633 1.4893 3.5710 -4.2192 2.0359 28.4724 1.5988 0.9054
Car -1 -1 -1.6606 629.8806 178.5579 665.0806 208.0948 1.4770 1.5554 3.5525 1.9255 1.7967 38.5821 -1.6116 0.8898
Car -1 -1 1.9295 247.2151 195.1578 383.3489 269.8359 1.4337 1.6080 4.1596 -6.8756 2.0303 17.1928 1.5537 0.8820
Car -1 -1 2.2899 0.0000 190.0792 113.9159 375.0000 1.6240 1.5952 3.9329 -6.5475 1.8259 6.4314 1.5163 0.7702
Car -1 -1 2.8005 726.5383 169.8387 836.1161 207.5703 1.6082 1.6886 4.3916 7.4752 1.4801 31.8379 3.0286 0.6941
Car -1 -1 2.8853 724.8230 154.9124 817.1981 191.9687 1.7493 1.6824 4.0747 7.7201 0.9027 34.9831 3.1005 0.4564
Car -1 -1 0.6043 33.0466 164.6591 154.6142 207.8121 1.7789 1.7202 3.9182 -21.8772 1.4415 30.6253 -0.0120 0.3220
