Pedestrian -1 -1 -2.0363 1023.5090 163.5665 1056.6241 220.2171 1.7262 0.6765 0.6080 13.2450 1.4436 22.3089 -1.5067 0.3055
Pedestrian -1 -1 0.8576 958.2104 136.7313 1014.1542 210.2303 1.7908 0.6465 1.1600 9.4324 0.9111 18.2186 1.3286 0.2909
Pedestrian -1 -1 -1.1263 925.1835 169.3604 974.0659 270.4719 1.7421 0.6018 0.5757 5.9935 1.6822 12.8443 -0.6994 0.2460
Pedestrian -1 -1 1.3524 1094.8607 168.6620 1126.8232 226.7798 1.7400 0.6759 0.6332 15.2301 1.6148 22.0187 1.9508 0.2201
Pedestrian -1 -1 -0.0219 846.8788 159.0317 881.5782 233.0856 1.8055 0.7246 0.7968 6.3024 1.4688 18.0547 0.3083 0.2092
Pedestrian -1 -1 2.3442 1035.7432 144.0233 1146.8118 286.4896 1.7888 0.6314 1.1032 6.2634 1.4272 9.4895 2.9129 0.1769
Pedestrian -1 -1 -2.4102 1102.9418 192.7434 1216.1600 333.8215 1.5035 0.7812 0.6822 6.1882 1.7420 8.2199 -1.7830 0.1688
Pedestrian -1 -1 1.5468 404.2991 141.0731 426.5229 195.8376 1.9072 0.7416 0.9333 -6.9752 0.8008 25.6782 1.2839 0.1621
Pedestrian -1 -1 2.2864 1195.9263 191.0272 1242.0000 311.6167 1.6342 0.5668 0.7269 8.8273 1.9004 10.2139 2.9840 0.1561
Pedestrian -1 -1 -1.6185 511.7974 139.2839 530.5098 191.2672 1.9271 0.6615 0.8044 -3.3970 0.6830 27.1980 -1.7418 0.1526
Cyclist -1 -1 0.8576 958.2104 136.7313 1014.1542 210.2303 1.7908 0.6465 1.1600 9.4324 0.9111 18.2186 1.3286 0.1657
Cyclist -1 -1 1.0854 1035.8564 144.7662 1152.9005 287.7008 1.7387 0.6910 1.3863 6.2627 1.3974 9.4936 1.6538 0.1505
Car -1 -1 -1.8294 701.5376 180.3016 865.9589 288.7184 1.5228 1.6613 4.2140 2.7409 1.6751 12.5723 -1.6207 0.9743
Car -1 -1 2.4225 1054.0149 195.7898 1242.0000 338.8828 1.5377 1.5625 3.9628 7.8263 1.8436 8.8093 3.1314 0.3131
Car -1 -1 -0.6433 1030.8287 148.7938 1122.8998 177.1306 1.6439 1.7073 4.4669 27.6629 0.2485 42.8700 -0.0734 0.1925
