Pedestrian -1 -1 2.2192 780.3496 144.6016 877.3888 312.1579 1.7981 0.6736 0.8782 2.5605 1.4035 8.2377 2.5059 0.8902
Pedestrian -1 -1 1.4984 172.8556 161.3633 245.4114 318.3761 1.6227 0.6502 0.7572 -4.3797 1.4160 7.9155 1.0010 0.8333
Pedestrian -1 -1 -2.6453 992.2819 128.3208 1145.0503 344.6855 1.6108 0.6817 0.8307 3.7528 1.2163 5.8761 -2.1023 0.7887
Pedestrian -1 -1 0.4549 55.6074 178.1374 142.0117 300.6170 1.6917 0.6011 0.8341 -7.2173 1.6466 10.2790 -0.1510 0.7374
Pedestrian -1 -1 1.4075 677.1003 165.0699 723.8902 264.2949 1.7743 0.7297 0.7746 1.7741 1.4818 13.2436 1.5325 0.6309
Pedestrian -1 -1 1.8700 513.1769 166.7954 545.4125 231.0044 1.7654 0.6569 0.9593 -2.0582 1.3622 20.2816 1.7649 0.6164
Pedestrian -1 -1 -1.3203 607.2397 165.1458 641.8442 220.8761 1.5789 0.8166 0.8870 0.6502 1.1167 20.8864 -1.2947 0.5911
Pedestrian -1 -1 -2.3142 107.2261 167.9004 167.4492 257.1823 1.7572 0.5634 0.8994 -9.4153 1.4908 14.5211 -2.8866 0.4868
Pedestrian -1 -1 -2.8297 1174.1504 135.3286 1238.0000 252.1520 1.6714 0.6595 0.7018 9.0874 1.0122 10.7487 -2.1449 0.4646
Pedestrian -1 -1 -3.0828 593.3074 168.6508 619.3075 225.5920 1.7361 0.6181 0.7742 0.1286 1.3455 22.2303 -3.0823 0.4541
Pedestrian -1 -1 -1.3979 620.5823 162.6868 635.8397 200.6833 1.8016 0.6502 0.5359 1.2742 0.9105 34.3859 -1.3661 0.4040
Pedestrian -1 -1 -1.7208 675.2081 164.9490 694.1323 207.3006 1.7376 0.6566 0.8523 3.4443 1.0596 29.9093 -1.6122 0.3574
Pedestrian -1 -1 2.3930 922.2781 147.8557 1006.4386 226.3941 1.6976 0.6129 1.7381 8.0812 0.9716 16.0694 2.8474 0.1156
Cyclist -1 -1 1.1215 130.3801 153.3457 218.1790 261.8453 1.8149 0.5730 1.9016 -7.6582 1.3453 12.7773 0.5852 0.3572
Cyclist -1 -1 2.3235 925.5885 145.1697 1005.9491 223.8219 1.6945 0.6316 1.6869 8.1145 0.9130 16.0677 2.7795 0.3465
Cyclist -1 -1 1.5457 829.4183 138.4847 857.4468 218.1740 1.8094 0.5716 1.6615 5.7387 0.8339 17.1857 1.8584 0.2981
Cyclist -1 -1 -1.6571 1187.0687 159.4162 1238.0000 302.5612 1.6626 0.4604 1.7863 7.8553 1.4074 9.2074 -0.9701 0.2911
Cyclist -1 -1 1.8700 513.1769 166.7954 545.4125 231.0044 1.7654 0.6569 0.9593 -2.0582 1.3622 20.2816 1.7649 0.1170
Cyclist -1 -1 1.2359 163.9730 162.0354 254.3839 320.2175 1.6341 0.6526 0.7946 -4.3800 1.4344 7.9270 0.7391 0.1051
Cyclist -1 -1 0.5299 50.4394 176.2764 148.3571 301.2218 1.7322 0.5874 0.9891 -7.2130 1.6611 10.2862 -0.0755 0.1041
Car -1 -1 1.8308 359.4383 153.3593 494.6137 251.0320 1.9767 1.9282 4.6728 -3.9219 1.4084 16.8994 1.6008 0.8182
Car -1 -1 1.6812 453.5304 161.6837 521.7443 227.0870 1.9289 1.7217 4.5238 -3.6368 1.3456 23.4822 1.5240 0.7582
