Pedestrian -1 -1 -1.7816 807.2819 165.1927 830.9207 216.4741 1.7849 0.6380 0.8414 7.3543 1.5186 25.5519 -1.5049 0.5294
Pedestrian -1 -1 -1.9232 728.5730 170.7195 748.7597 203.1619 1.6378 0.7107 1.0114 6.5521 1.5304 36.9830 -1.7497 0.4952
Pedestrian -1 -1 1.2919 831.0743 163.3820 856.2171 214.5465 1.7737 0.6120 0.9145 8.1980 1.4457 25.4758 1.5994 0.4741
Pedestrian -1 -1 -3.3579 912.9293 169.0634 948.3182 226.0886 1.7836 0.6556 0.9066 10.1543 1.6654 22.9744 -2.9471 0.3437
Pedestrian -1 -1 1.3027 689.4044 166.1817 702.8006 195.3599 1.8869 0.6112 1.0537 5.6003 1.4558 47.2247 1.4196 0.2439
Pedestrian -1 -1 0.9097 1176.7239 126.2759 1242.0000 249.0289 1.7920 0.6011 0.7669 9.1250 1.1124 10.9205 1.5924 0.1988
Pedestrian -1 -1 -1.9079 782.9493 156.2568 822.7260 222.2697 1.8162 0.5204 1.8247 5.4828 1.3600 20.7801 -1.6540 0.1253
Cyclist -1 -1 -2.1812 1035.1284 107.5064 1242.0000 343.4566 1.7855 0.5299 1.7570 4.4771 1.2914 6.3404 -1.5884 0.8010
Cyclist -1 -1 -1.9067 781.2750 158.3034 820.7183 223.8206 1.8042 0.5317 1.7723 5.4287 1.4039 20.7726 -1.6551 0.6114
Cyclist -1 -1 -1.9589 728.4617 171.9862 751.0832 206.4561 1.7216 0.6430 1.4170 6.5711 1.6786 36.7949 -1.7841 0.2575
Car -1 -1 1.2413 865.1203 181.9768 898.8960 200.2516 1.5118 1.5991 3.9022 23.9205 2.3416 63.6278 1.5989 0.3593
