Pedestrian -1 -1 -1.5032 427.6574 167.4017 464.8473 255.5487 1.6521 0.6534 0.8462 -3.0368 1.3892 13.9280 -1.7195 0.8416
Pedestrian -1 -1 1.4691 703.9847 165.8013 747.0442 258.3951 1.7872 0.7378 1.0189 2.4317 1.4855 14.3921 1.6280 0.7987
Pedestrian -1 -1 -1.9391 662.3657 164.0138 708.4147 250.0704 1.6436 0.6234 0.8798 1.6125 1.3109 14.2230 -1.8336 0.5527
Pedestrian -1 -1 -1.9235 726.8071 163.0622 751.7652 212.9204 1.7967 0.6946 0.6980 5.0185 1.1333 26.2860 -1.7418 0.5336
Pedestrian -1 -1 -1.6866 525.1599 169.9682 543.7466 213.4837 1.7801 0.6735 0.8275 -2.8050 1.3094 29.8586 -1.7846 0.5094
Pedestrian -1 -1 0.1550 737.3726 162.1599 758.6522 208.6076 1.8296 0.6983 0.7404 5.8518 1.0688 28.7485 0.3490 0.5046
Pedestrian -1 -1 -1.3622 326.2229 166.3037 343.2899 204.4870 1.8490 0.6801 0.5745 -13.0429 1.1141 35.1178 -1.7204 0.4308
Pedestrian -1 -1 -1.7772 777.2642 148.0023 802.4434 202.3223 1.9053 0.7045 0.8415 6.6928 0.7314 25.6281 -1.5292 0.4182
Pedestrian -1 -1 -1.3249 0.0000 152.5431 87.8490 374.0000 1.6086 0.5168 1.0205 -4.5459 1.4044 5.6695 -1.9845 0.3896
Pedestrian -1 -1 -1.8383 748.7444 164.9111 768.3607 212.7275 1.7629 0.5478 0.6913 5.8466 1.1524 26.8429 -1.6310 0.3526
Pedestrian -1 -1 2.0569 401.3185 156.5175 436.0290 223.0376 1.8156 0.6332 0.8191 -5.1311 1.1349 20.0758 1.8046 0.3072
Cyclist -1 -1 1.8277 579.9348 166.1056 609.1917 220.7014 1.7581 0.5711 1.7200 -0.2391 1.2634 24.0321 1.8127 0.7335
Cyclist -1 -1 1.3218 565.3970 171.0758 588.3642 211.1199 1.7005 0.5891 1.7127 -1.0995 1.2588 31.4065 1.2820 0.7285
Cyclist -1 -1 -1.8256 606.2659 172.0667 631.3353 211.5372 1.6618 0.6318 1.8452 0.7259 1.2656 31.2116 -1.8077 0.5414
Cyclist -1 -1 -1.3249 0.0000 152.5431 87.8490 374.0000 1.6086 0.5168 1.0205 -4.5459 1.4044 5.6695 -1.9845 0.1459
Cyclist -1 -1 1.4906 704.1954 164.7604 747.6653 261.0792 1.8533 0.7629 1.0349 2.4348 1.5325 14.3653 1.6500 0.1255
Car -1 -1 -1.3922 576.0144 175.9863 608.0612 198.4171 1.5562 1.6548 3.9831 -0.6227 1.1743 51.9315 -1.4091 0.5445
Car -1 -1 3.1697 407.6218 180.3905 490.1864 215.3750 1.5270 1.5942 3.5639 -6.8676 1.4796 32.4612 2.9577 0.3864
