Pedestrian -1 -1 -2.5540 174.5302 179.8386 207.9818 226.3780 1.7689 0.6715 0.8969 -16.2259 2.0428 27.8946 -3.0770 0.3277
Pedestrian -1 -1 1.6764 359.6036 178.0359 368.1240 203.3669 1.8413 0.5076 0.8411 -18.1407 2.2264 53.1037 1.3484 0.2577
Cyclist -1 -1 1.0500 638.8960 173.8049 671.6926 216.3852 1.6148 0.4813 1.7295 1.7178 1.6536 28.2812 1.1094 0.6339
Cyclist -1 -1 -2.4109 658.6392 166.0607 706.2221 219.5681 1.7843 0.4891 1.7477 2.4361 1.5581 24.8666 -2.3150 0.4469
Cyclist -1 -1 2.6855 636.7374 158.4421 686.8879 205.8497 1.6991 0.5671 1.7656 1.8585 1.1829 26.4528 2.7543 0.3750
Car -1 -1 2.1256 0.0000 198.0420 202.0572 298.3728 1.4596 1.6393 4.3117 -9.7949 2.0183 13.7939 1.5170 0.9591
Car -1 -1 -1.4431 448.5446 178.2786 534.9568 247.8167 1.5856 1.7017 4.0982 -3.0133 1.7433 18.8464 -1.6002 0.9323
Car -1 -1 1.9247 294.1422 187.6643 364.6595 225.2069 1.5198 1.6777 4.0691 -12.7225 2.2369 32.8668 1.5576 0.9096
Car -1 -1 -1.6491 584.0478 176.7255 613.7585 201.8168 1.5367 1.6183 3.9051 -0.7899 1.7992 46.8308 -1.6664 0.6669
Car -1 -1 1.7297 430.6325 184.2807 467.1504 209.5847 1.5458 1.7195 4.3300 -10.7562 2.3459 48.2847 1.5112 0.4176
