Pedestrian -1 -1 0.0007 282.1227 192.8332 300.1530 228.0997 1.7949 0.6812 0.8560 -16.7191 2.8541 37.7532 -0.4140 0.3330
Pedestrian -1 -1 -2.7015 637.8521 174.9861 663.5266 211.5304 1.7919 0.6989 1.0854 1.9937 1.9003 36.0074 -2.6473 0.2401
Pedestrian -1 -1 -0.0975 619.0855 159.1888 648.7737 194.5951 1.8182 0.6429 1.4822 1.1986 1.1168 37.4207 -0.0661 0.2057
Cyclist -1 -1 -3.1204 617.9511 162.5463 651.3774 197.4707 1.8005 0.6656 1.7247 1.2529 1.2695 37.5752 -3.0878 0.3141
Cyclist -1 -1 -1.0574 0.0000 173.9079 65.6800 304.3592 1.7906 0.5001 1.8205 -9.0461 1.8082 10.8560 -1.7402 0.2866
Cyclist -1 -1 -1.9782 634.8472 175.1082 660.4916 210.5542 1.7273 0.7134 1.5748 1.8377 1.8432 36.1295 -1.9283 0.2748
Car -1 -1 -1.4873 502.8566 184.6593 550.5764 225.3503 1.4972 1.6269 3.9260 -3.4027 2.0158 29.6847 -1.6011 0.9389
Car -1 -1 1.8062 359.5652 192.2536 413.7979 228.7473 1.5195 1.5763 3.9230 -10.5432 2.4928 34.1798 1.5086 0.6937
Car -1 -1 -1.4972 577.9185 184.7878 607.7251 210.3785 1.5267 1.6583 3.8771 -1.1079 2.3349 46.8647 -1.5213 0.6473
Car -1 -1 -1.0570 230.1611 173.2922 285.2382 198.7648 1.8408 1.8280 4.3497 -26.5297 1.8755 54.4428 -1.5088 0.5004
Car -1 -1 1.6502 411.1590 188.5880 438.6454 211.4243 1.5619 1.6876 4.1579 -13.9818 2.7998 54.5596 1.4000 0.4689
Car -1 -1 -1.1576 185.2837 187.6519 353.4328 270.1873 1.4773 1.6552 4.4679 -7.3245 1.8510 15.9593 -1.5821 0.3596
Car -1 -1 2.3566 0.0000 172.7954 51.1063 330.8014 1.6504 1.6550 3.8460 -9.7009 1.6502 9.4585 1.5726 0.2812
