Pedestrian -1 -1 -1.7129 279.8397 180.3596 317.1497 261.7697 1.6077 0.6031 0.7496 -6.3057 1.6066 14.4348 -2.1151 0.4289
Pedestrian -1 -1 3.1596 510.2388 164.8882 521.0627 186.9237 1.8965 0.5242 0.9190 -7.7074 0.5540 61.1552 3.0366 0.3219
Pedestrian -1 -1 -3.4758 994.3890 116.5380 1061.9756 243.9811 1.7196 0.4072 0.7069 5.8090 0.8582 9.8016 -2.9528 0.3030
Pedestrian -1 -1 -3.2985 773.5869 158.6021 796.0060 190.4874 1.8138 0.5681 1.1710 10.3004 0.5695 40.5529 -3.0499 0.2417
Pedestrian -1 -1 -0.8291 788.1403 161.3151 807.6614 196.2340 1.8396 0.6451 0.7835 10.2815 0.8303 37.7256 -0.5634 0.2290
Cyclist -1 -1 -1.9220 984.6830 151.0148 1028.7294 219.1578 1.6823 0.4171 1.7076 10.3511 0.9560 18.3267 -1.4135 0.7808
Cyclist -1 -1 1.0704 877.2004 157.0681 906.4283 193.8227 1.6931 0.4963 1.7540 13.5426 0.6152 33.4647 1.4534 0.7406
Car -1 -1 0.3305 565.9199 169.9178 698.4953 213.2404 1.4560 1.6627 4.4492 0.9450 1.1019 25.3363 0.3692 0.9434
Car -1 -1 -0.9030 0.0000 203.8729 286.8471 370.0000 1.4861 1.5815 3.8527 -3.1534 1.6633 3.3448 -1.6114 0.8383
Car -1 -1 1.8298 340.3324 179.6249 386.8769 204.9793 1.5556 1.7158 4.5872 -15.5352 1.5033 45.7206 1.5060 0.7520
Car -1 -1 1.6460 451.3200 173.2129 477.6912 194.4578 1.5036 1.6133 3.8052 -10.2932 0.9891 52.0186 1.4535 0.6740
