Car -1 -1 -1.8144 631.0139 181.0854 732.8630 255.7062 1.4696 1.5100 3.2895 1.4726 1.6763 16.3344 -1.7271 0.9611
Car -1 -1 -0.8747 704.4824 172.7321 804.6364 213.3692 1.4614 1.6188 3.9786 5.5756 1.4574 27.8255 -0.6795 0.8790
Car -1 -1 2.4893 557.8211 177.4124 645.6036 212.5004 1.4358 1.5347 3.6847 -0.3724 1.6475 31.7139 2.4771 0.8738
Car -1 -1 -0.9706 781.5635 166.7953 872.2821 203.2571 1.4547 1.6359 4.1770 9.2424 1.2133 30.7342 -0.6815 0.8386
Car -1 -1 -0.9673 851.6967 169.1895 921.1423 202.3107 1.4695 1.4353 3.2402 12.8198 1.3073 33.5220 -0.6053 0.8248
Car -1 -1 2.0514 898.2881 157.9323 977.7322 194.5973 1.7414 1.7458 4.5597 16.5337 1.0331 36.3624 2.4749 0.6630
Car -1 -1 -2.3933 0.0000 0.0000 1242.0000 375.0000 1.5608 1.5902 4.1054 2.6757 1.5246 1.3387 -1.3716 0.6042
Car -1 -1 2.3651 660.7858 175.2472 744.6227 204.9409 1.3824 1.5665 4.2510 4.6013 1.5078 35.8058 2.4914 0.4912
Car -1 -1 -0.0922 1002.7109 162.0565 1114.0463 201.1795 1.4704 1.5462 3.6101 17.6191 1.0649 28.6031 0.4551 0.4159
Car -1 -1 1.8292 0.0000 182.7200 54.4071 231.6028 1.4619 1.5590 4.0055 -20.5001 1.8278 24.5865 1.1395 0.3587
