Pedestrian -1 -1 -0.0637 546.1906 183.2000 561.3816 212.9773 1.7884 0.6320 0.8837 -3.4615 2.4247 43.9699 -0.1424 0.2510
Pedestrian -1 -1 0.4209 501.0951 172.9066 525.1757 217.1646 1.7645 0.6167 0.7816 -3.9555 1.7670 29.1711 0.2868 0.2489
Pedestrian -1 -1 0.5151 220.0726 133.5128 296.7300 266.6256 1.8286 0.6587 0.7527 -5.0401 1.2885 10.2634 0.0683 0.1982
Pedestrian -1 -1 1.6570 848.1078 128.3919 884.0865 217.6147 1.8114 0.6576 0.7038 5.3149 0.9091 15.1010 1.9891 0.1187
Cyclist -1 -1 0.0025 544.5720 180.0072 559.7598 209.4497 1.7718 0.6233 0.9154 -3.5539 2.2111 43.9327 -0.0783 0.1015
Car -1 -1 -1.8053 715.3922 173.9116 911.5782 303.2728 1.4205 1.5766 4.0456 2.4857 1.4384 9.9776 -1.5690 0.9749
Car -1 -1 -1.7075 645.1966 180.1803 699.5349 219.9822 1.3554 1.5584 3.3569 2.2223 1.6466 26.9209 -1.6267 0.9055
Car -1 -1 -1.1232 0.0000 183.7877 387.4269 375.0000 1.4557 1.5990 4.0365 -2.9752 1.5656 5.1678 -1.6246 0.9047
Car -1 -1 -1.3752 669.3746 170.2630 704.6183 195.8807 1.6439 1.6322 3.8817 5.1735 1.4780 48.3936 -1.2697 0.6373
Car -1 -1 -1.5818 647.9987 181.8264 685.7565 217.8995 1.4950 1.6111 3.6246 2.5083 1.9250 32.6866 -1.5065 0.1459
