Pedestrian -1 -1 1.4912 948.7208 115.2214 980.8949 192.6165 1.8856 0.6473 0.9001 8.8473 0.4818 18.1127 1.9393 0.3117
Pedestrian -1 -1 1.1831 1105.1176 155.5512 1134.3628 206.4866 1.8728 0.7450 0.5238 18.9296 1.2369 26.8633 1.7916 0.2651
Pedestrian -1 -1 1.5482 873.8282 128.7780 905.7534 210.4633 1.8917 0.6828 0.9054 6.6277 0.8713 17.2470 1.9092 0.1909
Cyclist -1 -1 1.5809 646.9470 173.7759 660.0701 205.7063 1.6936 0.6962 1.7609 2.3361 1.7453 39.2233 1.6394 0.6357
Cyclist -1 -1 -1.6164 1226.1146 154.7955 1242.0000 221.2305 1.6830 0.4054 1.6652 16.5433 1.2259 19.0574 -0.9093 0.2888
Car -1 -1 -1.5675 579.3077 178.4530 605.8355 203.2924 1.5332 1.6718 4.0903 -1.1749 1.9184 47.5266 -1.5925 0.7009
Car -1 -1 1.7951 385.5925 183.0184 450.9498 225.7563 1.4370 1.5506 3.8381 -7.1636 1.8469 27.1246 1.5388 0.3625
Car -1 -1 -1.4410 430.6831 180.8520 475.2085 214.5529 1.4599 1.5643 3.9394 -7.4308 1.8624 34.2443 -1.6536 0.1911
Car -1 -1 -1.6329 1072.5701 162.5753 1105.2648 188.8795 1.8772 1.7670 3.9547 35.5319 1.1440 53.6441 -1.0506 0.1627
Car -1 -1 1.4823 653.7386 166.8743 677.9911 188.4544 1.7556 1.6834 3.9408 4.6424 1.2695 60.6776 1.5580 0.1593
Car -1 -1 1.2606 655.5176 176.6206 694.4866 200.9080 1.7841 1.7135 4.5095 4.9770 2.0900 56.1296 1.3481 0.1388
