Car -1 -1 -1.7341 686.7676 185.5818 773.4162 248.5252 1.4464 1.6456 3.7790 3.0422 1.8198 19.2431 -1.5806 0.9646
Car -1 -1 -1.6861 670.0849 181.6400 731.9856 230.0612 1.4976 1.6428 4.1411 3.0387 1.8294 25.1388 -1.5680 0.9346
Car -1 -1 1.7790 477.1955 185.6300 528.5247 224.1140 1.6803 1.6796 3.8946 -5.1424 2.3327 34.8224 1.6329 0.9304
Car -1 -1 -3.0322 973.6434 169.0298 1158.7438 239.6116 1.5997 1.6848 3.7966 11.3837 1.5134 18.1809 -2.4805 0.9022
Car -1 -1 -2.8783 863.4285 177.7297 1000.4080 226.4931 1.5111 1.6370 3.9835 10.8816 1.6905 24.6160 -2.4671 0.8392
Car -1 -1 -0.8185 0.0000 196.2499 163.2341 375.0000 1.5945 1.6312 3.8484 -4.9829 1.8128 4.7754 -1.5974 0.7538
Car -1 -1 -2.2665 950.2443 216.5894 1242.0000 375.0000 1.4460 1.5655 3.5917 3.5191 1.8027 4.0668 -1.5898 0.7457
Car -1 -1 1.6938 498.0597 180.5201 538.2225 216.3252 1.8401 1.7011 4.3092 -5.0883 2.2901 40.1593 1.5680 0.5114
Car -1 -1 -1.6283 656.8713 180.3483 681.8515 202.3817 1.5327 1.6192 3.7402 4.3304 2.1070 53.3618 -1.5483 0.4763
Car -1 -1 2.0405 142.7159 182.1505 196.7538 208.6895 1.7788 1.6886 3.9849 -31.5877 2.4736 51.8450 1.4953 0.4048
