Car -1 -1 -1.8649 778.7427 181.0707 964.3006 296.5828 1.4836 1.6074 3.9437 3.8737 1.6380 11.5359 -1.5496 0.9653
Car -1 -1 -1.8006 729.0537 181.5246 837.9907 255.3514 1.5065 1.6320 3.7979 3.9148 1.7350 17.0750 -1.5799 0.9584
Car -1 -1 1.8617 344.0069 188.2418 466.4519 267.7905 1.5113 1.6039 3.8947 -4.5505 1.9041 16.4322 1.5949 0.9500
Car -1 -1 -2.1665 874.5181 183.0156 1242.0000 375.0000 1.4970 1.5790 3.5894 3.8459 1.6135 6.3919 -1.6460 0.9448
Car -1 -1 1.8385 426.2828 182.2845 508.7535 239.5884 1.5569 1.5550 3.6660 -4.3117 1.8709 22.1088 1.6474 0.9074
Car -1 -1 -1.7821 700.5346 180.9747 782.5869 237.4769 1.5309 1.6378 4.0099 3.8844 1.8037 22.1690 -1.6118 0.8561
Car -1 -1 1.7865 464.8876 182.0287 530.5967 223.6327 1.4021 1.5961 4.2072 -4.2152 1.7784 27.4128 1.6348 0.8183
Car -1 -1 1.7298 533.8556 177.6431 569.9315 205.0917 1.5574 1.6172 3.5984 -3.4887 1.8584 43.4419 1.6497 0.7867
Car -1 -1 -1.6969 692.9872 178.4849 749.1273 222.2368 1.5128 1.6281 3.6327 4.0803 1.7402 27.2505 -1.5505 0.4607
Car -1 -1 -1.7195 680.5096 176.6847 720.7872 207.3487 1.5353 1.5998 3.5771 4.7371 1.7491 38.3852 -1.5981 0.4572
Car -1 -1 1.7069 552.1177 175.0890 585.0616 202.8292 1.7659 1.6665 4.0993 -2.7619 1.9227 48.3787 1.6497 0.4294
