Pedestrian -1 -1 1.2876 976.6807 162.0212 989.8887 191.6506 1.9086 0.6047 0.6416 24.2039 1.2112 46.8490 1.7617 0.1656
Pedestrian -1 -1 -2.0806 814.5543 150.8645 830.9365 186.4794 1.9610 0.6908 0.5515 11.7786 0.7506 40.0724 -1.7969 0.1616
Pedestrian -1 -1 -3.4352 1064.5276 126.9415 1174.7249 296.9214 1.8222 0.5830 0.8770 5.6647 1.3304 8.1392 -2.8445 0.1306
Cyclist -1 -1 -2.1760 767.3305 177.7462 785.9858 204.3345 1.6375 0.5056 1.2736 10.4422 1.9502 45.3730 -1.9518 0.1271
Car -1 -1 2.0125 136.1103 191.0894 305.5225 273.6520 1.4660 1.6083 4.1488 -8.3489 1.9199 15.8406 1.5339 0.9388
Car -1 -1 1.8653 336.5018 182.0491 412.5179 229.4523 1.5741 1.5959 3.9044 -8.6502 1.9396 26.6850 1.5543 0.8934
Car -1 -1 -1.6111 569.1985 178.6061 609.2959 217.6005 1.6203 1.6328 4.5478 -1.0501 1.9022 32.9922 -1.6433 0.8800
Car -1 -1 2.0863 419.4592 183.2055 486.7098 216.5695 1.6315 1.6471 4.2900 -8.4333 2.2242 38.9958 1.8742 0.5554
Car -1 -1 1.2984 750.3787 166.8596 785.6585 189.7495 1.5701 1.5790 3.4077 11.1528 1.1593 51.2376 1.5112 0.2088
Car -1 -1 1.3736 646.0200 175.2736 675.4490 197.6402 1.8537 1.7146 4.3625 4.3357 2.0715 62.5616 1.4420 0.1322
