Pedestrian -1 -1 -1.2742 292.9010 172.3411 359.6216 300.1627 1.6891 0.6238 0.9213 -3.8434 1.5694 9.9707 -1.6393 0.7628
Pedestrian -1 -1 1.4964 803.9420 155.4940 839.7801 236.9842 1.8044 0.7019 0.9686 4.9991 1.2298 16.4499 1.7817 0.6954
Pedestrian -1 -1 0.5137 769.4021 154.8757 881.2054 333.3638 1.7627 0.8202 0.8561 2.3457 1.5012 7.6844 0.7947 0.6401
Pedestrian -1 -1 -0.1399 551.0611 172.0944 565.5397 199.2189 1.7581 0.5722 0.8703 -2.8112 1.1491 46.9242 -0.2045 0.4420
Pedestrian -1 -1 1.4999 404.6097 189.0846 460.3851 291.6184 1.6484 0.8608 0.7306 -2.8956 1.7824 12.0945 1.2639 0.4386
Pedestrian -1 -1 2.0966 716.7808 157.5825 779.0509 270.6450 1.7812 0.8068 0.6119 2.3646 1.4057 11.8092 2.2844 0.4310
Pedestrian -1 -1 -0.0589 234.7645 166.4023 299.1481 285.8527 1.7913 0.6774 0.8776 -5.2991 1.5662 11.2762 -0.4950 0.3098
Pedestrian -1 -1 0.3021 269.4637 167.4619 338.5281 272.9307 1.8541 0.5428 1.0363 -5.3860 1.6086 12.9429 -0.0907 0.2294
Pedestrian -1 -1 1.2637 448.5039 148.3761 467.3162 193.3346 1.8652 0.5807 0.7318 -6.0645 0.4920 30.2597 1.0628 0.2264
Cyclist -1 -1 1.4964 803.9420 155.4940 839.7801 236.9842 1.8044 0.7019 0.9686 4.9991 1.2298 16.4499 1.7817 0.1088
Cyclist -1 -1 2.0734 714.9977 157.8266 783.5085 274.0767 1.8128 0.8422 0.7562 2.3787 1.4449 11.7587 2.2631 0.1036
Cyclist -1 -1 -1.4426 400.6040 188.9527 458.5508 289.4821 1.6171 0.8433 0.9390 -2.9268 1.7497 12.1413 -1.6802 0.1033
Car -1 -1 -1.6794 647.2798 161.4015 698.7104 208.2020 1.8063 1.6641 3.9037 2.8720 1.0316 29.6893 -1.5889 0.9059
Car -1 -1 0.6527 0.0000 194.8484 235.2005 311.0025 1.5387 1.6117 3.7316 -7.7049 1.7524 10.5696 0.0288 0.3697
Car -1 -1 2.6366 0.4871 0.0000 1238.0000 374.0000 1.8585 1.7747 4.5188 -2.6998 1.3102 1.6180 1.6682 0.3503
Car -1 -1 -1.5743 632.7411 176.7626 659.2135 203.4426 1.4890 1.4759 2.8966 2.5623 1.2254 41.5715 -1.5182 0.2799
