Pedestrian -1 -1 2.3821 126.7980 178.9378 152.2478 212.1642 1.7424 0.5831 1.0190 -25.2027 2.0730 38.6047 1.8067 0.2647
Pedestrian -1 -1 -0.8693 1017.9755 149.2493 1052.0876 209.9801 1.8212 0.6446 0.6291 12.9364 1.1137 22.0448 -0.3447 0.1899
Pedestrian -1 -1 -2.1348 825.9643 176.5887 862.7639 241.0122 1.6776 0.5554 0.8694 6.2238 1.7805 19.3338 -1.8286 0.1506
Pedestrian -1 -1 1.3956 783.4128 147.0383 800.4920 187.4407 1.8873 0.6412 0.8577 8.5683 0.6817 34.1510 1.6392 0.1109
Pedestrian -1 -1 0.4792 740.7496 175.7332 763.1106 216.3944 1.7041 0.6336 0.7266 6.0141 1.8292 30.7784 0.6697 0.1014
Cyclist -1 -1 2.1714 111.8026 184.5532 145.0105 223.3545 1.7054 0.5280 1.4531 -21.9716 2.2508 32.8811 1.5859 0.3741
Cyclist -1 -1 -2.5709 1069.3806 171.2359 1159.4741 242.7134 1.6201 0.6509 1.6745 11.9718 1.5838 17.2497 -1.9727 0.1828
Cyclist -1 -1 1.5646 590.7283 175.6566 602.4730 204.9939 1.6128 0.6484 1.7578 -0.7983 1.7748 40.7196 1.5446 0.1741
Cyclist -1 -1 -1.9694 721.6292 177.7299 743.4174 214.0683 1.6298 0.4022 1.5930 5.6219 1.8615 33.4015 -1.8047 0.1634
Cyclist -1 -1 1.4546 783.1965 156.5436 808.7923 217.2072 1.7633 0.5337 1.8132 5.5840 1.2896 21.9040 1.7005 0.1213
Cyclist -1 -1 2.3800 126.8979 178.9662 151.9860 212.3378 1.7502 0.5819 0.9980 -25.2003 2.0822 38.5941 1.8045 0.1064
Car -1 -1 -1.5842 581.7714 176.6831 611.4921 205.2409 1.5675 1.6542 3.8901 -0.8447 1.8018 42.1022 -1.6047 0.5469
Car -1 -1 -3.5416 1135.0482 187.2298 1242.0000 240.4028 1.4576 1.4815 3.8385 18.3062 1.9160 21.7227 -2.8486 0.1318
Car -1 -1 2.0184 152.4290 184.0416 357.0026 282.2094 1.5063 1.7220 4.3407 -6.5151 1.7536 13.7459 1.5827 0.1195
Car -1 -1 -1.3052 376.5363 189.2153 456.8329 238.3088 1.5043 1.6692 4.3509 -6.8215 2.1380 25.7436 -1.5623 0.1118
