Pedestrian -1 -1 -1.8666 1200.4332 123.8117 1242.0000 217.6460 1.8197 0.6432 0.8488 12.3751 0.8690 14.5062 -1.1703 0.4524
Pedestrian -1 -1 1.3466 996.9666 158.0483 1023.5715 208.5305 1.7750 0.6047 1.0844 14.3535 1.2548 25.9707 1.8464 0.1104
Pedestrian -1 -1 -2.1774 931.1501 154.5587 958.8179 199.3278 1.8813 0.6391 0.9564 14.2728 1.1129 30.8455 -1.7480 0.1086
Cyclist -1 -1 1.9424 105.7188 187.9934 128.1391 218.5952 1.6755 0.5412 1.5086 -28.1010 2.5547 41.0862 1.3453 0.3815
Cyclist -1 -1 -1.9490 911.5575 163.3428 938.0972 202.8369 1.7503 0.4856 1.7558 14.2827 1.3292 32.8596 -1.5426 0.1103
Car -1 -1 2.0562 187.0309 189.9729 284.7962 236.7104 1.4514 1.5571 3.6064 -13.1686 2.1009 25.5457 1.5841 0.9216
Car -1 -1 1.9037 402.2036 182.0348 436.5474 201.1181 1.4632 1.5941 3.7036 -15.5854 2.2393 59.0607 1.6465 0.4896
Car -1 -1 1.6020 371.0377 173.8044 390.5054 191.3294 1.5972 1.6240 4.1419 -21.6595 1.6903 68.2111 1.2954 0.2420
Car -1 -1 2.3535 95.6036 167.4008 168.3650 195.0386 1.9141 1.7775 4.4453 -34.5936 1.5368 52.3246 1.7715 0.1354
Car -1 -1 -0.4609 887.3550 155.3007 972.8522 184.2316 1.6047 1.6442 4.1353 18.0848 0.6314 40.9369 -0.0476 0.1072
