Pedestrian -1 -1 2.6401 983.5191 172.9015 1013.2246 216.7310 1.8258 0.7060 0.8687 16.3232 1.8282 30.4134 3.1281 0.4003
Pedestrian -1 -1 -1.7160 1094.4088 142.6684 1120.7405 196.7145 1.8570 0.6449 0.8047 17.3895 0.8202 25.2916 -1.1192 0.2241
Pedestrian -1 -1 0.7569 1208.5317 176.2528 1242.0000 249.5180 1.6866 0.5947 0.7200 14.6887 1.7691 17.0348 1.4594 0.1787
Pedestrian -1 -1 -1.4336 1111.1305 142.7177 1139.5211 202.9316 1.9071 0.6695 0.6381 16.6061 0.9530 23.3121 -0.8208 0.1363
Pedestrian -1 -1 -2.5072 1062.8385 161.5604 1097.3484 214.0252 1.7571 0.6127 0.7750 16.0007 1.3793 24.6344 -1.9369 0.1346
Pedestrian -1 -1 1.3400 956.1316 183.1640 992.3399 245.1639 1.7859 0.7506 0.9919 10.8127 2.1021 21.5376 1.7989 0.1321
Pedestrian -1 -1 1.9641 1144.8998 173.1632 1194.2076 257.1229 1.7084 0.6294 0.6233 11.6664 1.7154 15.1113 2.6115 0.1321
Cyclist -1 -1 -1.7795 1028.1724 165.5896 1052.8167 214.6636 1.6181 0.3969 1.5525 14.6127 1.3789 24.5872 -1.2489 0.2418
Car -1 -1 -1.7034 814.4448 183.9360 877.2572 230.7385 1.5024 1.6086 4.1880 8.4920 1.9422 26.4039 -1.3962 0.9417
Car -1 -1 -2.0093 988.1273 202.6722 1242.0000 375.0000 1.4963 1.6269 3.8415 3.5481 1.7534 4.1534 -1.3380 0.8607
Car -1 -1 -2.2535 1015.0104 149.4781 1071.7083 178.4005 2.4747 1.8208 4.5933 38.4194 0.4749 64.1395 -1.7159 0.2242
Car -1 -1 1.1868 649.0013 153.2817 699.5084 183.8048 1.7629 1.6280 4.1061 3.8138 0.6328 43.8722 1.2727 0.1438
Car -1 -1 -3.2882 1023.1470 184.4092 1123.8881 218.0505 1.4782 1.5563 3.8238 21.8344 2.0502 34.2080 -2.7246 0.1353
