Pedestrian -1 -1 1.7666 375.3264 172.5767 411.8686 248.6217 1.7632 0.6710 0.9053 -5.1993 1.7571 17.2092 1.4768 0.4277
Pedestrian -1 -1 -1.5330 449.9401 173.6765 469.8975 226.6710 1.7360 0.6259 0.6874 -5.0399 1.7642 24.0360 -1.7380 0.2997
Cyclist -1 -1 1.6158 556.3909 168.8535 591.1499 258.2377 1.7752 0.6591 1.7072 -0.7925 1.6961 15.1834 1.5635 0.9088
Car -1 -1 -2.5663 0.0000 174.3109 330.7267 271.9582 1.4066 1.6145 4.4617 -6.9665 1.4316 11.2979 -3.1086 0.9780
Car -1 -1 -1.7601 727.5685 185.2579 895.6938 316.1883 1.4477 1.5425 3.4087 2.5517 1.6507 10.0467 -1.5196 0.9546
Car -1 -1 1.6946 436.7184 172.2476 530.6478 247.9781 1.6115 1.7204 4.1000 -2.9665 1.5990 17.4366 1.5278 0.9037
Car -1 -1 -2.0334 802.4818 183.1874 1222.6881 375.0000 1.6496 1.4140 2.5508 2.3723 1.7402 4.9996 -1.6146 0.8498
Car -1 -1 -1.4275 506.0643 180.9818 567.7955 228.8145 1.5102 1.6230 3.8760 -2.5375 1.8191 25.4194 -1.5267 0.7273
Car -1 -1 1.5794 575.3195 172.1060 594.9279 191.1672 1.5552 1.5996 3.9673 -2.1059 1.4946 60.8724 1.5446 0.5247
Car -1 -1 1.5380 644.4645 177.6350 676.2219 204.8731 1.4876 1.7051 4.2168 2.8698 1.7823 42.2891 1.6048 0.4734
Car -1 -1 -2.8783 401.7778 171.5089 499.7980 212.6026 1.5732 1.5794 3.4890 -6.2820 1.5220 28.4914 -3.0938 0.3742
