Pedestrian -1 -1 1.7682 506.9514 162.5107 544.3488 245.0747 1.8100 0.6798 0.9127 -1.7375 1.3949 16.2291 1.6578 0.7903
Pedestrian -1 -1 2.4173 558.5562 160.3986 613.5580 252.8524 1.7816 0.7027 0.8496 -0.3455 1.3762 14.3866 2.3883 0.7578
Pedestrian -1 -1 1.4169 590.5598 164.0838 611.6505 210.8404 1.7142 0.6621 0.8298 -0.0383 1.0767 26.7955 1.4104 0.7102
Pedestrian -1 -1 1.5787 728.0449 148.8527 767.8552 240.6642 1.8740 0.8002 0.8831 3.0529 1.2088 15.1709 1.7686 0.7014
Pedestrian -1 -1 1.8420 177.0004 142.4551 323.7472 374.0000 1.7229 0.6103 1.1818 -2.4312 1.4870 4.9971 1.4026 0.6308
Pedestrian -1 -1 0.9073 828.6749 140.9504 895.5933 265.0500 1.7179 0.5177 0.8075 3.7196 1.1579 10.4076 1.2373 0.6096
Pedestrian -1 -1 1.6720 554.3089 165.0230 574.5071 211.5994 1.7348 0.6747 0.9957 -1.4188 1.1221 27.2650 1.6154 0.5430
Pedestrian -1 -1 2.2143 400.0533 156.5253 451.6024 249.6096 1.7336 0.6041 0.8085 -3.4208 1.2698 13.8660 1.9714 0.5333
Pedestrian -1 -1 1.1749 599.8246 159.7993 624.9312 208.8297 1.7186 0.6320 0.8044 0.3642 0.9590 25.6674 1.1839 0.4981
Pedestrian -1 -1 1.7192 655.9225 158.8615 674.3031 203.8332 1.8182 0.6538 0.7410 2.6000 0.9039 29.4757 1.8014 0.4525
Pedestrian -1 -1 -1.6207 588.6219 157.2215 600.8677 192.7697 1.9642 0.6475 0.6391 -0.3769 0.6235 40.0292 -1.6350 0.3192
Pedestrian -1 -1 -1.1688 370.2229 195.3685 443.9190 313.9279 1.6155 0.8473 0.5981 -2.7989 1.8210 10.2213 -1.4357 0.3024
Pedestrian -1 -1 -1.9053 488.9738 164.3677 515.2646 221.3153 1.7894 0.6351 0.7078 -3.2136 1.2522 23.0291 -2.0475 0.2961
Pedestrian -1 -1 -0.4375 567.9889 163.3317 596.8508 212.3255 1.7134 0.6258 0.8404 -0.7017 1.0791 25.5876 -0.4698 0.2909
Pedestrian -1 -1 0.3916 594.7151 149.9424 617.6571 192.2785 1.9266 0.6373 0.8842 0.2098 0.4914 33.1501 0.3931 0.2656
Cyclist -1 -1 1.6407 533.7917 163.6463 559.4930 226.4875 1.7178 0.6214 1.7659 -1.5794 1.2309 20.5201 1.5596 0.8686
Cyclist -1 -1 -2.0665 704.5381 161.3245 795.9698 278.4999 1.6467 0.5690 1.7849 2.1931 1.3645 11.0289 -1.8803 0.4217
Cyclist -1 -1 -1.6612 684.3382 166.4902 694.2626 199.4887 1.6714 0.3573 1.5768 4.5363 0.9120 37.1747 -1.5456 0.3522
Cyclist -1 -1 1.8231 172.5468 135.2183 319.4694 374.0000 1.8018 0.5658 1.4076 -2.4544 1.5285 5.0057 1.3807 0.3488
Cyclist -1 -1 0.1025 600.2290 159.4647 630.1232 208.5499 1.7277 0.6240 1.0126 0.4735 0.9532 25.6503 0.1158 0.1763
Cyclist -1 -1 2.5926 557.4288 160.0037 616.0487 254.7311 1.8248 0.6887 0.9538 -0.3343 1.4119 14.3837 2.5643 0.1492
