Pedestrian -1 -1 -1.0821 733.0428 163.9420 811.6674 307.2111 1.6427 0.5676 0.9449 2.0517 1.4427 8.7771 -0.8648 0.7917
Pedestrian -1 -1 -1.6845 561.2949 163.7048 591.2141 240.4008 1.7399 0.5936 0.8958 -0.6319 1.3374 16.7817 -1.7269 0.7866
Pedestrian -1 -1 0.9702 620.1285 166.8403 672.5776 254.0577 1.7560 0.7159 0.8863 0.8948 1.4621 15.0248 1.0231 0.6090
Pedestrian -1 -1 -1.5260 334.4234 168.7227 364.9821 240.7048 1.7830 0.7016 0.7977 -6.4278 1.4677 18.2743 -1.8651 0.5947
Pedestrian -1 -1 -0.5292 648.0756 143.2479 768.3926 330.7879 1.7934 0.6475 1.0347 1.0384 1.4289 7.3661 -0.3999 0.5738
Pedestrian -1 -1 0.3209 532.2848 165.5752 581.7531 252.5545 1.7748 0.5731 0.9018 -0.9626 1.4511 15.0452 0.2526 0.5630
Pedestrian -1 -1 -1.9051 599.8477 162.7413 639.8971 239.2507 1.7372 0.6707 0.9118 0.3880 1.3125 16.8455 -1.8878 0.5582
Pedestrian -1 -1 2.0970 1137.4905 126.4199 1238.0000 301.5940 1.7298 0.5779 0.9037 6.1722 1.1873 7.5269 2.7616 0.5238
Pedestrian -1 -1 -1.3684 1111.3966 113.9681 1178.8096 250.4329 1.7446 0.6136 0.6483 7.2411 0.8826 9.6258 -0.7415 0.4088
Pedestrian -1 -1 -1.2460 713.2742 174.9581 751.3041 250.0265 1.7310 0.6877 0.7595 3.0776 1.5814 17.0589 -1.0756 0.3428
Pedestrian -1 -1 -0.6898 576.8544 163.3950 598.6176 201.4827 1.8205 0.6766 0.8106 -0.6736 0.9560 34.8532 -0.7140 0.3402
Pedestrian -1 -1 1.3702 971.0818 148.3992 1013.8646 237.9544 1.7495 0.6030 0.7835 7.8372 1.1041 14.4905 1.8532 0.3287
Cyclist -1 -1 -1.5406 949.8600 137.5275 976.2067 216.4770 1.6448 0.4903 1.8812 7.9866 0.7299 15.9097 -1.0869 0.3282
Car -1 -1 1.8956 298.4728 153.6376 513.4418 292.7415 1.7065 1.7830 4.5372 -2.7497 1.3661 11.1445 1.6535 0.9627
Car -1 -1 1.7647 386.0221 160.2751 468.0266 219.1500 1.5746 1.6471 3.7876 -5.0516 1.0081 21.1367 1.5278 0.6196
