Pedestrian -1 -1 1.1666 837.2153 93.1066 910.8696 265.1554 1.7127 0.5289 0.5591 2.7638 0.8342 7.4445 1.5056 0.2271
Pedestrian -1 -1 -0.1810 933.3162 147.1394 1053.6373 344.7690 1.7206 0.4985 0.8871 3.5316 1.4228 6.6160 0.2874 0.2069
Cyclist -1 -1 -1.5471 435.1118 183.5869 444.5491 217.7873 1.6524 0.4265 1.6632 -8.0263 1.7593 35.6646 -1.7721 0.2639
Car -1 -1 -0.3723 293.3101 176.7605 421.7042 225.6049 1.4724 1.5716 3.6449 -7.9305 1.3307 23.4273 -0.7005 0.8970
Car -1 -1 -1.4304 553.2663 166.8772 589.6791 192.5794 1.4078 1.5618 4.0879 -1.6788 0.6077 41.4517 -1.4755 0.8284
Car -1 -1 0.1551 122.0122 159.7792 247.6045 201.8449 1.8287 1.7561 4.7654 -18.9506 0.8854 32.9040 -0.3689 0.5836
Car -1 -1 -1.3929 585.3887 164.2400 617.7399 186.5062 1.5292 1.6442 4.0644 0.0663 0.3445 51.4754 -1.3964 0.4034
Car -1 -1 -0.1143 0.0000 154.1420 123.8141 193.0676 1.6176 1.7482 4.3775 -24.0542 0.4817 31.9907 -0.7599 0.3190
Car -1 -1 1.2617 452.5660 168.2483 483.3288 188.2970 1.8296 1.6366 4.1977 -12.5895 0.6207 67.7869 1.0739 0.2067
Car -1 -1 -1.2667 407.7311 165.0088 441.1792 188.7590 2.0677 1.7828 4.1314 -15.8479 0.6324 64.6511 -1.5110 0.2016
