Pedestrian -1 -1 1.5821 773.4128 137.3693 791.7665 189.2694 1.8813 0.6489 0.6409 6.3066 0.5954 26.5404 1.8128 0.3391
Pedestrian -1 -1 -0.7259 1076.5004 146.3163 1122.1855 216.7121 1.7667 0.6271 0.7375 12.4692 1.1010 18.4669 -0.1396 0.2729
Cyclist -1 -1 1.5417 627.2575 175.6348 635.1843 199.3042 1.6988 0.5316 1.5483 1.5193 1.9054 52.7393 1.5699 0.3999
Cyclist -1 -1 -0.9364 0.0000 206.3594 29.2601 245.6078 1.6596 0.4208 1.5427 -27.0957 3.2112 32.6230 -1.6257 0.2497
Cyclist -1 -1 -0.4005 1072.3239 122.1389 1129.6104 184.6572 1.7791 0.5554 1.2557 14.1750 0.3362 20.9212 0.1887 0.1438
Car -1 -1 1.5162 572.3993 177.4176 601.6652 203.1961 1.5448 1.6458 3.8392 -1.5310 1.8482 45.9236 1.4826 0.7154
Car -1 -1 1.4730 1062.3774 169.0227 1093.1021 190.4478 1.6353 1.6313 4.1798 37.0750 1.3432 57.3009 2.0447 0.2011
Car -1 -1 1.8115 371.9207 182.4767 439.2769 227.0976 1.4213 1.4877 3.5226 -7.1951 1.7860 25.5337 1.5391 0.1538
Car -1 -1 -1.1651 132.7121 196.3849 339.1237 301.2696 1.4720 1.7086 4.4591 -6.6812 1.9838 13.4103 -1.6200 0.1494
Car -1 -1 -1.2050 306.0406 181.7775 416.1669 241.3431 1.4851 1.6283 4.0105 -7.0157 1.7659 20.6343 -1.5293 0.1318
Car -1 -1 1.6995 936.0366 173.0595 967.4435 196.0782 1.7504 1.7048 4.4566 27.1187 1.7677 57.2422 2.1396 0.1292
