Pedestrian -1 -1 -1.8866 780.5209 155.1654 845.7812 270.6234 1.7110 0.7386 0.8126 3.2008 1.3220 11.0653 -1.6168 0.8369
Pedestrian -1 -1 1.1799 688.6429 155.5026 718.9987 223.0537 1.8101 0.5970 0.6986 2.7659 1.1147 19.6602 1.3126 0.5231
Pedestrian -1 -1 0.2065 92.4504 143.3934 169.7750 308.2328 1.7196 0.6525 0.5879 -5.2009 1.3234 7.9009 -0.3663 0.3943
Pedestrian -1 -1 -2.3429 759.6537 154.5653 784.0826 196.5222 1.7707 0.6726 0.7695 7.2945 0.6349 30.8159 -2.1173 0.3542
Pedestrian -1 -1 0.2524 621.7584 163.9083 661.1237 235.9534 1.8040 0.5744 0.8943 0.9953 1.3647 18.3911 0.3003 0.2682
Pedestrian -1 -1 -3.1741 845.2723 161.0425 877.5965 229.7254 1.7211 0.6246 0.7510 6.6215 1.2097 18.4082 -2.8385 0.2189
Pedestrian -1 -1 3.0482 470.6122 140.6597 495.0772 189.8722 1.8638 0.6219 0.8711 -4.5821 0.3181 27.6148 2.8805 0.2187
Pedestrian -1 -1 1.4450 956.2986 104.2621 1028.2103 268.8717 1.7759 0.6170 0.7319 4.3904 0.9440 8.1964 1.9184 0.2160
Cyclist -1 -1 1.9218 421.7421 155.3633 489.4826 264.5071 1.7601 0.5929 1.7531 -2.5393 1.3399 12.4925 1.7199 0.8554
Cyclist -1 -1 1.8154 328.7028 147.8501 404.7546 285.9944 1.7055 0.5458 1.8911 -3.2065 1.2914 9.8277 1.5022 0.8381
Cyclist -1 -1 -2.5289 758.9557 154.3907 784.5338 196.3105 1.7675 0.6812 0.8270 7.2914 0.6254 30.8198 -2.3034 0.1087
Cyclist -1 -1 0.2476 620.1240 163.0081 663.8356 236.4939 1.8400 0.5615 1.0140 1.0094 1.3782 18.4003 0.2963 0.1045
Cyclist -1 -1 0.8778 687.4050 155.4210 720.1045 222.4918 1.7939 0.5830 0.6819 2.7657 1.0975 19.6538 1.0106 0.1000
Car -1 -1 -1.1354 554.3067 158.2026 601.8580 182.7906 1.5567 1.6513 3.9534 -1.4889 0.0824 47.6172 -1.1712 0.4719
Car -1 -1 -3.3101 846.8553 171.2988 1067.9948 256.7680 1.5847 1.5266 3.7887 6.9842 1.3969 14.5521 -2.8749 0.4198
Car -1 -1 2.1866 0.0000 158.8934 83.5539 374.0000 1.4160 1.5719 3.6148 -5.6107 1.3146 5.1895 1.3814 0.3787
Car -1 -1 0.4623 1104.1064 210.1856 1238.0000 374.0000 1.4410 1.5438 3.7365 6.3227 1.7506 5.7037 1.2709 0.2402
