Pedestrian -1 -1 -2.0565 992.0901 147.6518 1104.4227 294.2408 1.8787 0.5431 1.8011 6.0451 1.5561 10.1548 -1.5330 0.2700
Pedestrian -1 -1 2.5404 203.3940 159.8397 225.1504 195.8365 1.9702 0.4670 0.9629 -21.9834 1.2583 40.0244 2.0407 0.1892
Pedestrian -1 -1 -1.6892 810.4843 155.1098 826.1738 191.4264 1.8518 0.6695 0.9404 10.7296 0.9474 37.3065 -1.4115 0.1698
Pedestrian -1 -1 -1.4893 981.9569 167.4888 995.4614 204.4491 1.7213 0.4943 0.9549 17.8818 1.4718 34.1361 -1.0107 0.1544
Pedestrian -1 -1 0.5120 1204.3242 95.6484 1242.0000 217.7270 1.7752 0.5224 0.6666 9.4650 0.6529 10.8931 1.2144 0.1542
Cyclist -1 -1 -1.9699 998.3804 145.9234 1094.1155 295.1365 1.9139 0.4528 1.8168 6.0421 1.5688 10.1813 -1.4477 0.8275
Cyclist -1 -1 -2.1033 879.8674 168.4431 906.7119 204.3187 1.7387 0.5224 1.5429 13.9939 1.5253 35.7706 -1.7336 0.1617
Cyclist -1 -1 -1.4893 981.9569 167.4888 995.4614 204.4491 1.7213 0.4943 0.9549 17.8818 1.4718 34.1361 -1.0107 0.1162
Car -1 -1 1.9293 353.0883 181.1196 399.7992 207.8253 1.6605 1.6281 4.1142 -15.5842 2.2376 48.2501 1.6181 0.9196
Car -1 -1 -3.6365 993.4182 167.5442 1135.2839 211.1692 1.5151 1.6367 4.0351 16.2323 1.3311 25.9908 -3.0837 0.3846
Car -1 -1 -1.0359 0.0000 147.8177 224.4855 279.1784 1.9994 1.8992 4.8294 -9.3517 1.6187 13.4497 -1.6344 0.3167
Car -1 -1 -0.3480 973.6650 170.9427 1118.9663 220.9026 1.5154 1.5881 3.6362 13.7506 1.4578 22.9981 0.1849 0.2863
Car -1 -1 1.7834 404.0802 182.7439 433.3319 202.8526 1.5924 1.6089 3.8799 -16.1691 2.4566 61.0510 1.5252 0.2400
