Pedestrian -1 -1 1.2329 318.9129 148.2187 428.4834 370.0000 1.5969 0.5879 0.8144 -1.8864 1.3672 5.5637 0.9250 0.7765
Pedestrian -1 -1 -2.5251 886.0746 148.3638 1040.8882 370.0000 1.6418 0.6931 0.8416 2.7421 1.4154 5.5507 -2.0865 0.7425
Pedestrian -1 -1 1.2397 534.7837 137.6794 600.7838 274.9438 1.7782 0.6384 0.9187 -0.5729 1.2251 9.7001 1.1848 0.7176
Pedestrian -1 -1 1.8591 635.8761 138.6216 662.0369 197.6032 1.8105 0.6259 0.7718 1.3516 0.5266 22.1690 1.9212 0.6536
Pedestrian -1 -1 1.2065 230.6998 132.0826 291.9569 243.1943 1.7459 0.6578 0.8342 -5.7033 0.9868 11.6308 0.7637 0.6418
Pedestrian -1 -1 1.3981 647.2101 104.9133 797.6546 370.0000 1.8444 0.6425 0.9251 0.5456 1.4794 3.9011 1.5286 0.6196
Pedestrian -1 -1 1.4737 751.6525 128.0099 811.6446 265.4255 1.8851 0.7403 0.9684 2.4860 1.1667 10.2243 1.7073 0.6176
Pedestrian -1 -1 -1.5110 94.2023 155.1013 126.0358 225.5723 1.8081 0.6409 0.6965 -13.0475 1.1580 18.5995 -2.1127 0.5367
Pedestrian -1 -1 -2.8744 1042.7369 95.5634 1224.0000 370.0000 1.7005 0.6791 0.7345 2.6896 1.3335 3.5641 -2.2671 0.4790
Pedestrian -1 -1 -1.3917 109.4821 149.4911 168.6833 264.1180 1.8277 0.6789 0.8332 -7.7915 1.3349 11.7831 -1.9617 0.3711
Pedestrian -1 -1 2.9515 637.0079 133.6150 718.4879 265.3442 1.7797 0.6319 1.0322 0.9573 1.1479 9.9106 3.0470 0.2639
Pedestrian -1 -1 -1.1209 287.9264 140.8033 360.6111 242.7716 1.6979 0.5456 1.6139 -5.0068 1.0386 12.5952 -1.4884 0.2339
Cyclist -1 -1 -1.1129 287.0025 140.4282 361.5334 243.9909 1.7204 0.5406 1.6705 -5.0052 1.0564 12.5971 -1.4803 0.4858
Cyclist -1 -1 0.3554 318.2200 140.8136 377.3113 198.2016 1.7069 0.5557 1.5805 -7.7771 0.5281 21.3124 0.0126 0.4000
Cyclist -1 -1 0.8299 675.8490 125.5890 731.8569 193.7976 1.7550 0.5414 1.6122 2.6017 0.3437 19.0040 0.9660 0.2633
Cyclist -1 -1 1.5127 386.9927 149.3795 402.1431 188.2352 1.8112 0.6164 1.4009 -10.0587 0.3620 33.7163 1.2275 0.2621
Car -1 -1 1.8533 0.0000 38.2856 261.8052 370.0000 1.6902 1.5907 4.2235 -3.1938 1.3175 4.1129 1.2318 0.6342
Car -1 -1 -0.1329 398.8646 157.5676 470.9609 182.0989 1.5339 1.7363 4.3529 -11.0204 0.1013 45.7955 -0.3654 0.3949
