Pedestrian -1 -1 1.1439 880.1248 161.6782 917.4285 229.0922 1.8239 0.6651 0.8410 7.9300 1.5219 19.9563 1.5165 0.4206
Pedestrian -1 -1 -0.9233 837.7335 172.3652 858.9059 212.2099 1.8059 0.7055 0.5992 10.9123 1.7841 33.1606 -0.6085 0.1420
Pedestrian -1 -1 2.1474 930.4504 119.3842 1001.4008 259.5234 1.7910 0.5386 0.7423 4.7022 1.1080 9.6425 2.5889 0.1419
Pedestrian -1 -1 1.2642 35.7761 227.5111 78.5076 293.1146 1.7127 0.7234 0.8874 -15.6058 3.2930 20.3041 0.6149 0.1266
Pedestrian -1 -1 2.3287 960.0236 137.3798 1066.9282 301.3292 1.7010 0.5732 0.8888 4.3528 1.3333 7.8969 2.8163 0.1104
Cyclist -1 -1 -1.1033 197.2345 213.6465 233.3255 262.9973 1.7571 0.6054 1.4924 -15.1733 3.3657 27.6897 -1.6010 0.1729
Cyclist -1 -1 -2.4110 9.4135 222.0117 79.9253 289.1695 1.8009 0.7260 1.4566 -15.9908 3.2171 20.3653 -3.0706 0.1447
Cyclist -1 -1 -1.4188 229.6404 194.0281 249.9046 236.8549 1.7347 0.5456 1.5082 -15.8435 2.6630 30.8168 -1.8906 0.1110
Car -1 -1 1.7001 413.9344 192.1047 521.8685 279.4533 1.5396 1.7482 4.5381 -3.0383 2.0300 16.0496 1.5150 0.9160
Car -1 -1 -1.3458 171.6345 207.3845 244.8487 252.8089 1.4835 1.6843 4.1631 -16.1825 2.9877 29.1882 -1.8485 0.3000
Car -1 -1 1.5185 502.1508 188.2282 523.1063 208.9008 1.7358 1.6813 4.1455 -8.9590 3.1901 66.0382 1.3837 0.2345
Car -1 -1 -2.5932 695.3519 175.5639 743.8890 197.4127 1.6629 1.6118 3.4618 8.6296 1.8841 57.0724 -2.4444 0.1928
