Pedestrian -1 -1 1.6988 751.6215 158.1907 803.8899 276.3393 1.7611 0.6974 0.9035 2.7296 1.4150 11.2498 1.9260 0.8341
Pedestrian -1 -1 3.4729 18.0259 131.9570 117.0476 280.3968 1.8092 0.5631 0.8765 -6.8227 1.2067 9.1516 2.8406 0.5885
Pedestrian -1 -1 -1.4821 474.5137 167.2351 494.0094 216.1817 1.7297 0.6376 0.6517 -4.2153 1.2266 25.7315 -1.6480 0.5758
Pedestrian -1 -1 -1.5129 419.1526 172.8696 442.0155 225.2502 1.6394 0.6708 0.7529 -5.4692 1.3704 22.9102 -1.7499 0.5709
Pedestrian -1 -1 -1.0677 514.8172 165.9780 536.1774 206.2189 1.7898 0.7107 0.7000 -3.4358 1.1004 32.4060 -1.1776 0.4737
Pedestrian -1 -1 -1.2665 432.8257 178.9690 451.7472 220.4152 1.6651 0.5547 0.7553 -6.4948 1.5644 29.2562 -1.4883 0.3184
Pedestrian -1 -1 1.3252 277.9202 171.5089 318.0953 245.2222 1.6554 0.6111 1.1021 -7.1202 1.4322 16.7531 0.9236 0.3017
Pedestrian -1 -1 0.0218 575.9068 166.0383 592.3600 197.4395 1.8238 0.4957 0.9535 -1.0067 0.9266 41.9698 -0.0070 0.2811
Pedestrian -1 -1 1.6835 541.8702 167.7648 555.0347 199.0550 1.8412 0.6875 0.9156 -3.1457 1.0338 42.7357 1.6055 0.2763
Pedestrian -1 -1 0.0910 360.7822 149.1447 413.0623 242.8257 1.8352 0.6697 0.9562 -4.3520 1.2026 14.4931 -0.2011 0.2667
Pedestrian -1 -1 -2.5462 400.4574 162.1253 431.4555 212.0437 1.7696 0.5976 0.9025 -6.7060 1.0838 25.8944 -2.8022 0.2402
Pedestrian -1 -1 -1.2886 216.1166 86.7222 314.3160 268.5362 1.7535 0.5148 1.6484 -3.6321 0.8408 7.7784 -1.7179 0.1101
Cyclist -1 -1 -1.2694 214.1629 86.8177 316.5642 270.6300 1.7706 0.5112 1.7124 -3.6354 0.8599 7.7987 -1.6981 0.3541
Cyclist -1 -1 0.8108 261.7117 171.0866 337.7776 244.8163 1.6573 0.6094 1.7334 -7.0833 1.4245 16.7703 0.4114 0.2517
Car -1 -1 1.7569 379.8297 180.1090 556.3939 316.2047 1.5036 1.6287 4.0670 -1.6509 1.4896 9.9836 1.5914 0.9571
Car -1 -1 -1.6260 611.6722 130.7485 694.1065 218.8212 2.2058 1.9912 5.2447 1.2963 0.9359 20.6122 -1.5691 0.5602
Car -1 -1 -0.6905 1173.6913 119.9365 1238.0000 374.0000 1.5757 1.5474 3.6937 5.1148 1.4027 3.2710 0.2700 0.2557
Car -1 -1 -1.6942 566.5120 168.6275 601.3840 196.2274 1.7003 1.7152 4.2691 -1.1719 0.9080 46.4906 -1.7243 0.2062
