Pedestrian -1 -1 -2.0278 995.5413 143.6966 1120.6530 330.5055 1.6217 0.6961 0.7690 4.1392 1.2949 6.6434 -1.4936 0.7721
Pedestrian -1 -1 1.4095 780.9357 151.3498 826.4914 250.9823 1.9339 0.7294 0.9318 4.0125 1.3499 14.4406 1.6705 0.7132
Pedestrian -1 -1 1.8595 552.1068 163.9261 571.0967 203.9164 1.8189 0.6617 0.8615 -1.8461 1.0205 33.1643 1.7993 0.6360
Pedestrian -1 -1 2.0689 398.2834 139.2888 460.4035 252.7271 1.8533 0.6725 0.9283 -2.9660 1.1650 12.2681 1.8312 0.4647
Pedestrian -1 -1 1.4315 462.3143 172.3999 483.1343 219.6149 1.7535 0.6718 0.7599 -4.8877 1.4166 27.1418 1.2498 0.4089
Pedestrian -1 -1 -1.4916 502.3588 174.3551 518.1223 211.6376 1.7851 0.7113 0.6388 -4.4148 1.4439 34.7292 -1.6223 0.3313
Pedestrian -1 -1 1.3050 636.4835 161.6556 647.0363 188.7737 1.9450 0.5798 0.7571 2.9300 0.5223 51.9495 1.3562 0.2547
Pedestrian -1 -1 0.0374 624.2535 163.1070 640.4019 192.9443 1.8524 0.4962 0.9931 1.9382 0.7113 44.8799 0.0754 0.2490
Pedestrian -1 -1 0.3668 284.1749 150.8357 336.6390 241.5525 1.8088 0.5323 0.8549 -5.9422 1.1986 14.5941 -0.0189 0.2379
Cyclist -1 -1 1.8777 778.4896 151.3673 825.7997 248.9201 1.8871 0.6963 0.8624 4.0036 1.3055 14.4439 2.1381 0.1176
Car -1 -1 1.5869 561.4157 171.8115 619.1154 220.9001 1.4526 1.7076 4.2757 -0.3691 1.1670 23.3950 1.5662 0.8641
Car -1 -1 -1.6445 654.6331 130.4132 723.1541 199.6195 2.1570 1.9391 4.8472 2.8843 0.5659 24.8434 -1.5350 0.3634
Car -1 -1 -1.0232 1135.5598 157.6932 1238.0000 328.0010 1.4777 1.6345 3.9252 7.8669 1.2725 7.4826 -0.2355 0.3556
Car -1 -1 2.3492 1121.0815 159.4414 1238.0000 276.8529 1.4538 1.5260 3.4811 9.2689 1.1820 9.7415 3.0912 0.3540
Car -1 -1 0.6284 0.0000 0.0000 1238.0000 374.0000 1.5246 1.5676 3.6472 1.7065 1.3668 0.2969 1.8758 0.2757
Car -1 -1 1.9180 1092.2596 113.0929 1234.1851 184.1111 1.7863 1.7086 4.5502 15.6730 0.0669 20.0127 2.5713 0.2345
