Pedestrian -1 -1 1.3862 884.1526 132.8934 915.8915 204.0736 1.8109 0.6135 0.8678 7.5139 0.7946 18.8375 1.7602 0.1812
Cyclist -1 -1 1.1997 770.7341 145.4919 861.6199 268.3333 1.7909 0.7342 1.8838 3.1756 1.3924 11.4930 1.4619 0.9049
Car -1 -1 -1.5263 586.1774 176.1947 613.2054 200.1855 1.5263 1.6426 4.0391 -0.6860 1.7607 48.5139 -1.5409 0.7735
Car -1 -1 1.7687 448.1391 178.9672 474.2142 195.9113 1.5162 1.6497 4.0208 -14.0146 2.1101 68.0319 1.5659 0.5410
Car -1 -1 2.0236 197.8386 178.6373 267.0631 210.0587 1.4890 1.6326 3.7762 -19.2028 1.7996 36.7994 1.5454 0.2350
Car -1 -1 1.5140 476.7349 179.2758 498.0150 199.2589 1.5916 1.5490 3.8511 -10.3868 2.1516 60.8328 1.3452 0.2184
Car -1 -1 -1.1953 248.8153 180.0697 390.0773 252.5658 1.5137 1.6714 4.4220 -6.9694 1.7134 17.7192 -1.5654 0.1620
Car -1 -1 2.1896 14.8781 194.0995 156.3125 243.4217 1.5165 1.8515 4.5969 -19.0522 2.3638 26.4615 1.5701 0.1593
Car -1 -1 -1.0802 99.8114 183.0114 328.8069 283.5539 1.4463 1.6592 4.4482 -6.8669 1.6621 13.0643 -1.5562 0.1524
Car -1 -1 1.7520 441.4160 180.9507 485.3970 214.2842 1.5831 1.5498 3.8358 -7.5235 2.0219 37.1352 1.5530 0.1282
