Pedestrian -1 -1 1.3925 765.4596 154.1181 783.9530 194.9980 1.9257 0.7217 0.8288 7.8124 1.0435 34.4156 1.6136 0.6333
Car -1 -1 -1.7655 680.5292 182.3033 777.1143 252.5329 1.4931 1.6086 3.7264 2.7514 1.7507 17.7443 -1.6151 0.9707
Car -1 -1 0.4620 215.9560 172.3221 429.1664 249.9628 1.6426 1.6715 4.1658 -6.4424 1.6317 16.2828 0.0903 0.9703
Car -1 -1 -2.4840 0.0000 172.8423 283.9292 320.8183 1.5642 1.6595 4.1465 -6.3490 1.5644 8.5195 -3.1098 0.9622
Car -1 -1 3.3679 315.7813 166.8070 468.9186 223.0756 1.5658 1.6428 4.0023 -6.2881 1.3979 21.0188 3.0802 0.9452
Car -1 -1 -2.0813 807.9813 187.6770 1242.0000 375.0000 1.5011 1.6175 3.8632 2.9268 1.6582 5.6512 -1.6258 0.9377
Car -1 -1 -1.6871 654.5543 174.4853 707.5994 218.5052 1.6118 1.6391 3.7139 2.6909 1.6807 28.4311 -1.5944 0.9208
Car -1 -1 -2.2797 0.0000 207.9119 164.1952 375.0000 1.4112 1.6374 4.0917 -6.2347 1.7470 5.9327 -3.0675 0.7546
Car -1 -1 3.5641 0.0000 173.8408 301.9365 290.4648 1.5858 1.6899 4.0145 -7.0731 1.6027 10.9451 3.0011 0.7029
Car -1 -1 3.1927 381.2495 183.1145 493.2524 226.3363 1.4520 1.5979 3.7976 -6.1753 1.8367 25.8998 2.9604 0.5980
Car -1 -1 -1.7962 630.3943 173.3038 671.6960 200.4415 1.5741 1.6514 4.0060 2.4197 1.6033 44.0347 -1.7421 0.5698
Car -1 -1 0.1008 484.4225 167.4064 539.3599 192.6563 1.6301 1.6195 3.4347 -6.4495 1.2788 47.4461 -0.0339 0.5160
Car -1 -1 1.4689 646.8842 173.0971 690.4141 212.4560 1.7762 1.6545 4.1323 2.7180 1.7889 34.6703 1.5459 0.4926
