Car -1 -1 -2.7717 217.3748 184.7906 437.8487 255.0451 1.4743 1.5878 4.3367 -6.2789 1.7563 16.2182 -3.1361 0.9669
Car -1 -1 -0.6382 921.8842 176.4644 1242.0000 324.6630 1.4608 1.6533 3.9937 5.7764 1.5059 8.0463 -0.0335 0.9635
Car -1 -1 -1.7194 655.0058 182.8285 726.0412 234.5611 1.4113 1.5774 4.1726 2.3778 1.7537 22.6193 -1.6168 0.9518
Car -1 -1 -2.4347 0.0000 195.0140 249.5629 344.8221 1.4128 1.5659 3.8780 -6.3398 1.6840 7.9386 -3.0926 0.9502
Car -1 -1 3.6515 0.0000 197.6161 292.6744 310.2198 1.3782 1.5273 3.9402 -6.8149 1.7571 10.1255 3.0709 0.8414
Car -1 -1 -1.6689 647.0336 179.6122 692.8851 216.4094 1.4776 1.5988 4.1047 2.5375 1.7952 31.7978 -1.5907 0.8391
Car -1 -1 -2.2733 0.0000 197.0583 90.8448 375.0000 1.4296 1.5451 3.7281 -6.4389 1.6434 5.5315 -3.1104 0.8001
Car -1 -1 1.6060 550.5067 177.1498 577.3766 202.2641 1.5360 1.6063 3.7296 -2.9749 1.8255 46.6608 1.5422 0.6460
Car -1 -1 -1.6211 633.5721 175.5407 658.4833 197.9706 1.4916 1.5439 3.5881 2.4469 1.6856 50.2061 -1.5731 0.6324
Car -1 -1 -2.7853 298.8567 173.8360 436.1509 219.8402 1.4411 1.6638 3.9119 -7.8855 1.4748 23.5404 -3.1055 0.5099
Car -1 -1 -2.7648 363.6357 177.7660 471.4568 222.7819 1.5632 1.5496 3.4618 -7.0008 1.7488 26.2384 -3.0235 0.4681
