Car -1 -1 -2.0353 804.9395 185.9043 1227.6270 375.0000 1.4594 1.6222 4.0574 3.2426 1.6218 6.8913 -1.6131 0.9664
Car -1 -1 2.0156 156.6664 195.7009 375.2821 305.8919 1.4618 1.6821 4.3524 -5.7709 1.9331 12.6760 1.5956 0.9560
Car -1 -1 1.3791 687.0666 181.2539 757.6622 234.2345 1.4556 1.4713 3.5247 3.3243 1.7351 22.1838 1.5251 0.9517
Car -1 -1 -1.7953 736.9404 173.3233 894.9714 280.3062 1.5364 1.6544 4.0681 3.2723 1.5462 12.4326 -1.5448 0.9494
Car -1 -1 1.8888 329.4787 188.1339 436.1030 258.0965 1.5401 1.5332 3.6211 -5.7435 1.9710 18.5036 1.5912 0.9492
Car -1 -1 1.9009 424.4952 184.7313 500.7893 229.4533 1.5065 1.5880 4.1680 -5.5820 1.9974 27.6268 1.7028 0.9435
Car -1 -1 -1.7053 653.7462 177.2240 694.2793 210.3504 1.5718 1.5587 3.6376 3.1579 1.8050 36.5786 -1.6204 0.8357
Car -1 -1 -3.8942 1087.6519 153.9891 1242.0000 292.6852 1.4866 1.6524 4.3046 8.3135 1.2847 8.5591 -3.1407 0.8061
Car -1 -1 -1.7462 668.9125 180.9558 731.3873 223.5976 1.4809 1.6620 4.2802 3.3742 1.8209 28.0692 -1.6285 0.7910
Car -1 -1 2.3759 0.0000 205.0487 113.9825 375.0000 1.5048 1.5853 3.7866 -5.9694 1.8373 5.5412 1.5773 0.7300
Car -1 -1 1.8124 496.5724 179.3645 538.6391 208.6637 1.6133 1.5949 3.8252 -5.4370 2.0161 42.6040 1.6857 0.6289
