Pedestrian -1 -1 -1.7701 1095.5093 162.2313 1129.1672 228.9768 1.7454 0.6170 0.6483 13.3700 1.4680 19.2844 -1.1714 0.3978
Pedestrian -1 -1 0.8741 1107.5636 127.3293 1181.1056 240.4443 1.7611 0.6333 0.7221 8.5334 1.0527 11.6147 1.4956 0.3230
Pedestrian -1 -1 -0.4335 1151.4303 142.4895 1215.1234 247.8330 1.7193 0.4939 0.6895 9.5417 1.2241 12.0903 0.2226 0.2218
Pedestrian -1 -1 2.6011 526.6454 144.9189 663.6815 295.5490 1.7544 0.7799 1.5596 -0.2339 1.4294 9.1489 2.5748 0.1761
Pedestrian -1 -1 -0.6709 1050.3226 128.6005 1114.7795 235.3952 1.7565 0.5934 0.6920 7.9253 1.0290 12.1960 -0.1058 0.1629
Pedestrian -1 -1 0.9180 596.7188 161.6913 644.0242 261.3399 1.7078 0.6827 0.4852 0.1318 1.5169 12.7623 0.9269 0.1475
Pedestrian -1 -1 1.9005 1189.3857 126.6627 1242.0000 245.2333 1.7558 0.5978 0.7108 9.3944 1.0721 11.1227 2.5888 0.1106
Cyclist -1 -1 2.2558 530.0908 139.5165 656.0178 295.7208 1.7894 0.6709 1.7047 -0.2282 1.4078 9.1419 2.2301 0.5699
Car -1 -1 2.6815 701.8813 152.7609 817.5798 194.4185 1.4595 1.5446 3.8839 5.4409 0.7559 26.5222 2.8814 0.2259
Car -1 -1 -0.5326 725.9665 143.2774 832.9195 182.1161 1.4798 1.6181 3.8811 6.7186 0.3533 28.8457 -0.3061 0.1904
