Pedestrian -1 -1 -3.2218 693.2368 169.1381 707.9385 195.0790 1.8149 0.5660 0.9834 6.3441 1.5553 50.7826 -3.0986 0.4440
Pedestrian -1 -1 1.9613 1086.9700 143.4234 1141.1149 244.0806 1.7327 0.5446 0.7739 8.9320 1.2265 12.8585 2.5574 0.3929
Pedestrian -1 -1 -1.0526 100.8547 180.8599 123.9244 215.2769 1.7117 0.6507 0.7976 -25.2072 2.1218 36.5032 -1.6538 0.1590
Pedestrian -1 -1 -0.1049 754.0971 172.3235 768.7587 204.1714 1.7333 0.6642 0.7205 8.2787 1.7048 39.6320 0.0990 0.1397
Cyclist -1 -1 1.7874 0.0000 188.7669 17.2003 226.9845 1.6278 0.4964 1.6118 -27.0697 2.3578 32.2504 1.0930 0.2199
Cyclist -1 -1 -1.8793 693.8526 169.2398 706.7982 195.1313 1.8034 0.6463 0.9436 6.3245 1.5520 50.7777 -1.7565 0.1080
Car -1 -1 2.0547 192.0215 192.6145 274.4178 232.9368 1.5347 1.6632 3.5608 -16.1274 2.4330 30.9970 1.5781 0.9530
Car -1 -1 1.9298 389.5193 182.2361 427.8125 203.6039 1.6027 1.6140 4.1518 -16.1931 2.3868 58.1326 1.6590 0.3697
Car -1 -1 2.2256 0.0000 202.7573 62.3095 256.4992 1.4058 1.5651 3.5957 -19.3988 2.4246 22.7414 1.5250 0.3097
Car -1 -1 -1.6708 598.0701 0.0000 1074.8344 375.0000 1.5984 1.5405 3.4306 0.8070 0.9809 4.0898 -1.4902 0.1954
