Car -1 -1 -1.9156 815.9177 184.3311 1082.1262 342.5814 1.4440 1.6242 3.6546 3.6969 1.6126 8.7119 -1.5275 0.9711
Car -1 -1 -1.8495 735.1733 181.1568 888.8120 276.9883 1.5142 1.6511 4.2892 3.6270 1.7000 13.9423 -1.6012 0.9636
Car -1 -1 1.9004 269.6315 187.9250 431.7549 287.3658 1.5208 1.6352 3.9614 -4.7229 1.8470 13.6144 1.5717 0.9625
Car -1 -1 2.0646 0.0000 200.7844 326.6415 375.0000 1.4782 1.6199 3.9995 -4.7311 1.8654 7.9674 1.5426 0.9558
Car -1 -1 1.8447 375.6266 185.3937 483.6236 250.4313 1.4359 1.6266 4.2764 -4.6236 1.8030 18.9301 1.6076 0.9433
Car -1 -1 -1.7434 711.6996 179.2595 802.9156 243.3764 1.4798 1.6619 3.9084 3.7091 1.6664 19.0107 -1.5545 0.9143
Car -1 -1 1.7422 500.8755 177.4866 545.5875 210.7750 1.4994 1.5465 3.6416 -4.1774 1.7356 34.8726 1.6234 0.8362
Car -1 -1 1.6922 518.8653 173.9131 557.4487 205.1116 1.6066 1.6025 4.1773 -3.9041 1.6679 39.4033 1.5937 0.7704
Car -1 -1 -1.6933 701.0297 177.3464 763.6085 225.7831 1.4908 1.6109 3.8176 4.0252 1.6557 24.5015 -1.5331 0.7661
Car -1 -1 -2.3319 1029.5981 184.3836 1242.0000 375.0000 1.5004 1.5912 3.8632 3.6939 1.5842 3.2572 -1.5283 0.7507
Car -1 -1 1.4368 687.0842 175.0822 738.5997 217.3109 1.6323 1.5857 3.9852 4.1769 1.7318 30.0925 1.5728 0.6283
