Pedestrian -1 -1 -1.2965 1123.1595 191.3026 1242.0000 375.0000 1.5916 0.7031 0.7637 4.7737 1.7588 6.0131 -0.6502 0.6449
Pedestrian -1 -1 1.2818 1166.8369 180.9652 1223.1334 272.9893 1.6338 0.5747 0.8844 10.8074 1.7909 13.4159 1.9485 0.4265
Pedestrian -1 -1 -3.1472 895.0506 177.3958 988.4708 339.0687 1.7244 0.6178 0.9300 3.6888 1.7793 8.1860 -2.7386 0.2776
Pedestrian -1 -1 -2.3191 969.8489 186.3276 1091.5745 375.0000 1.6965 0.6914 0.6676 3.7701 1.8276 6.5932 -1.8203 0.2654
Pedestrian -1 -1 1.4112 369.9953 139.7272 417.1174 236.6765 1.8525 0.7761 0.8194 -4.3547 1.2199 14.3220 1.1207 0.2129
Pedestrian -1 -1 0.3057 866.2721 195.9473 956.2791 329.1844 1.5629 0.6341 0.9147 3.7778 1.8743 9.1812 0.6834 0.2117
Pedestrian -1 -1 -3.4748 864.2995 204.7036 924.9898 320.9019 1.5795 0.5043 0.6662 3.9638 2.0421 10.2087 -3.1157 0.1997
Pedestrian -1 -1 -1.0886 501.6118 202.4374 532.7726 246.8053 1.8085 0.5800 1.8178 -4.0933 3.1450 31.6321 -1.2172 0.1147
Pedestrian -1 -1 -1.1990 489.5409 210.8924 521.6600 268.0958 1.6388 0.4600 1.5620 -3.2952 2.8716 22.5622 -1.3435 0.1057
Cyclist -1 -1 -1.7844 1184.1342 177.5223 1242.0000 296.8078 1.7216 0.3870 1.7670 9.4572 1.8011 11.3556 -1.1034 0.5314
Cyclist -1 -1 -1.1990 489.5409 210.8924 521.6600 268.0958 1.6388 0.4600 1.5620 -3.2952 2.8716 22.5622 -1.3435 0.4837
Cyclist -1 -1 -1.2151 504.0745 195.0985 530.6422 238.4534 1.7833 0.5658 1.7942 -4.0802 2.7861 31.5757 -1.3434 0.3418
Cyclist -1 -1 -1.6608 1203.0476 135.8888 1242.0000 299.4827 1.6745 0.5015 1.8596 7.1833 1.2965 8.2898 -0.9645 0.3199
Cyclist -1 -1 -1.7967 730.3865 187.7900 757.8484 244.9186 1.6493 0.4719 1.5889 4.0386 2.1229 22.0542 -1.6189 0.1952
Cyclist -1 -1 1.2818 1166.8369 180.9652 1223.1334 272.9893 1.6338 0.5747 0.8844 10.8074 1.7909 13.4159 1.9485 0.1360
Cyclist -1 -1 -2.2433 877.8600 175.0002 994.8226 337.6675 1.7503 0.6405 1.1754 3.7205 1.7777 8.4303 -1.8418 0.1257
Car -1 -1 1.5788 582.2885 202.9387 612.5423 235.3084 1.5679 1.6052 3.5651 -0.7235 3.3137 40.0673 1.5599 0.5068
Car -1 -1 1.2415 696.2037 184.7659 730.1643 204.1300 1.5360 1.6636 4.0365 8.8020 2.5953 62.0016 1.3813 0.2002
Car -1 -1 1.4432 894.9903 181.7664 922.6393 204.9223 1.8301 1.6272 4.1601 25.1784 2.6108 60.9520 1.8327 0.1681
