Pedestrian -1 -1 0.6679 176.8108 136.9729 320.1541 353.2243 1.7814 0.6181 0.9519 -3.1734 1.4246 6.2245 0.2187 0.8164
Pedestrian -1 -1 -1.5781 267.7875 168.6803 303.9948 258.1946 1.6724 0.6229 0.8708 -6.2384 1.4532 13.7298 -1.9941 0.3440
Pedestrian -1 -1 1.3754 837.0542 175.7272 871.3768 245.1981 1.7003 0.6254 1.0134 6.2409 1.5850 17.8442 1.7078 0.2368
Pedestrian -1 -1 2.5568 1027.2235 142.4555 1110.9818 253.9608 1.7685 0.5914 0.9767 7.4982 1.1667 11.5135 3.1233 0.1530
Pedestrian -1 -1 -2.3012 1133.5507 211.1215 1224.0000 370.0000 1.4757 0.5632 0.5619 4.3716 1.7180 5.2519 -1.6347 0.1470
Pedestrian -1 -1 -3.2325 820.2710 182.0625 861.9161 266.7980 1.6411 0.5506 0.7334 4.6410 1.6746 14.0511 -2.9187 0.1221
Pedestrian -1 -1 -3.3524 1078.3037 159.3396 1224.0000 281.5617 1.6316 0.6914 1.7567 7.8381 1.3508 10.1174 -2.7067 0.1128
Cyclist -1 -1 -3.3428 1074.8879 158.2410 1224.0000 282.3978 1.6462 0.7665 1.8513 7.8436 1.3527 10.1139 -2.6967 0.7533
Cyclist -1 -1 -1.5367 1189.0735 150.0071 1224.0000 256.7672 1.6935 0.4556 1.5681 10.1615 1.2115 11.9481 -0.8433 0.1513
Cyclist -1 -1 0.6672 169.4211 134.8202 319.7235 353.5423 1.7950 0.6566 0.9875 -3.2044 1.4219 6.2235 0.2140 0.1487
Cyclist -1 -1 -1.6235 857.3600 135.8291 897.9936 241.2315 1.6850 0.5421 1.7473 4.6411 0.9725 12.2131 -1.2668 0.1434
Cyclist -1 -1 -1.5781 267.7875 168.6803 303.9948 258.1946 1.6724 0.6229 0.8708 -6.2384 1.4532 13.7298 -1.9941 0.1131
Car -1 -1 -2.9208 458.8126 193.8421 652.4703 262.1790 1.4376 1.6071 4.2397 -1.1225 1.7705 16.4288 -2.9862 0.3476
Car -1 -1 0.8746 0.0000 111.5810 173.6917 286.7942 2.3246 2.0715 5.6377 -9.9580 1.4119 10.8126 0.1468 0.1501
