Pedestrian -1 -1 -2.5784 977.9369 94.3534 1087.6021 286.3412 1.7141 0.6786 0.6469 3.9717 1.0136 6.8862 -2.0736 0.2286
Pedestrian -1 -1 -1.6656 416.4873 152.9850 433.1462 194.4590 1.9555 0.7210 0.5450 -8.8691 1.0190 34.3968 -1.9164 0.2082
Pedestrian -1 -1 -2.2600 1008.0421 112.0002 1105.1641 282.2377 1.8708 0.6427 0.7145 5.0822 1.2024 8.3295 -1.7281 0.1959
Pedestrian -1 -1 -1.6643 688.3405 162.7975 701.9825 198.4762 1.8176 0.6457 0.5476 4.3316 1.3056 37.0351 -1.5492 0.1532
Pedestrian -1 -1 0.4186 404.7566 167.5859 443.2565 225.9989 1.8016 0.5621 1.0291 -5.8709 1.6395 22.6137 0.1670 0.1402
Cyclist -1 -1 -2.1054 989.4066 90.0367 1154.0264 299.0081 1.6601 0.5343 1.4678 3.9980 1.0025 6.4633 -1.5715 0.2070
Car -1 -1 1.8156 426.6683 177.1026 532.9386 250.8270 1.6117 1.6693 4.0495 -3.1695 1.7309 18.0910 1.6439 0.9506
Car -1 -1 -1.6338 536.5551 172.8608 563.2112 197.1960 1.5855 1.5746 3.5249 -4.1319 1.5864 48.8680 -1.7180 0.5741
Car -1 -1 3.0605 440.6537 169.7359 506.3876 195.5096 1.4697 1.6157 3.6769 -8.0691 1.2922 42.4073 2.8734 0.3209
Car -1 -1 1.4143 539.5692 171.9805 569.2677 194.2365 1.6365 1.6203 4.2515 -4.3255 1.5726 55.3085 1.3363 0.2501
