Pedestrian -1 -1 1.8739 907.8536 176.4391 939.1301 233.5204 1.7563 0.6896 0.8488 9.8693 1.8728 22.8133 2.2767 0.4449
Cyclist -1 -1 -2.0612 830.5601 175.8019 858.7198 214.3650 1.6405 0.4499 1.6385 10.2435 1.7737 31.6675 -1.7516 0.3602
Cyclist -1 -1 2.6135 906.4351 176.8208 944.2917 234.0010 1.7657 0.6707 0.8718 9.8776 1.8931 22.7187 3.0182 0.1001
Car -1 -1 1.9686 152.6717 201.3009 387.7869 340.2472 1.4344 1.5503 3.8224 -4.5231 1.9109 10.1530 1.5584 0.9558
Car -1 -1 1.8639 318.0513 190.3225 460.6212 283.3443 1.5307 1.6046 4.1760 -4.3582 1.9391 14.7534 1.5808 0.9513
Car -1 -1 -1.7361 731.1320 167.7291 831.0680 246.9098 1.8324 1.7605 4.6695 4.3106 1.7141 19.0730 -1.5180 0.9511
Car -1 -1 2.1840 0.0000 197.4463 233.1238 375.0000 1.5045 1.6138 3.9050 -4.4622 1.7494 5.1642 1.4964 0.9108
Car -1 -1 1.7372 543.5436 180.9694 583.8746 210.2348 1.5502 1.6653 4.0659 -2.6427 2.0410 41.4945 1.6735 0.7524
Car -1 -1 -1.7612 700.9199 180.3798 754.4050 220.0886 1.5716 1.5856 3.7052 4.9708 1.9164 31.1444 -1.6051 0.6323
Car -1 -1 -1.6453 716.7718 184.7761 776.2195 233.8745 1.5156 1.7223 4.2126 4.6933 1.9737 25.5163 -1.4663 0.5344
Car -1 -1 0.2876 484.4126 174.6585 540.4912 198.0180 1.6433 1.6486 3.6916 -7.0411 1.7766 52.0235 0.1534 0.4310
Car -1 -1 -1.5042 601.5215 181.2804 620.5359 198.4854 1.5465 1.5718 3.6304 0.1029 2.3692 68.5458 -1.5032 0.3812
