Cyclist -1 -1 1.6173 485.8744 178.3529 510.0853 237.5879 1.6760 0.6358 1.6587 -3.3599 1.8462 21.4305 1.4630 0.9141
Car -1 -1 3.6075 0.0000 173.6218 296.1630 304.3164 1.6786 1.7367 4.2582 -7.0709 1.6912 10.3945 3.0217 0.9764
Car -1 -1 -0.4308 767.9814 187.3122 994.5394 263.2895 1.3961 1.5758 3.9967 5.3354 1.7078 14.5797 -0.0874 0.9610
Car -1 -1 -1.7071 629.8493 180.9825 682.2490 219.1731 1.4307 1.6095 4.1356 1.8042 1.7935 30.0547 -1.6484 0.9572
Car -1 -1 2.5275 939.5350 183.7672 1242.0000 311.7827 1.4500 1.5658 3.6219 6.2900 1.6013 9.1438 3.1143 0.9464
Car -1 -1 2.5541 822.2775 186.1620 1123.3002 287.3987 1.4586 1.6460 4.2155 5.7753 1.6972 11.8014 2.9985 0.9457
Car -1 -1 0.2628 330.1710 184.4481 469.1554 228.5342 1.4007 1.5925 4.2043 -7.0180 1.8032 24.1922 -0.0172 0.9248
Car -1 -1 -0.3446 766.4113 172.4307 947.8063 241.7608 1.5385 1.5480 3.6955 5.6259 1.5294 16.8342 -0.0281 0.9204
Car -1 -1 0.4604 34.5029 152.6061 352.8117 269.4516 1.9304 1.8048 4.6289 -7.2886 1.5963 12.9228 -0.0447 0.8381
Car -1 -1 2.4012 1021.5737 192.8250 1242.0000 375.0000 1.4931 1.5849 3.6541 5.9592 1.6983 6.5587 3.1157 0.7717
Car -1 -1 3.9334 0.0000 181.9615 111.3612 375.0000 1.4677 1.5839 3.9425 -6.6791 1.5535 5.9125 3.1097 0.7207
Car -1 -1 -2.8082 373.9379 181.0091 489.5451 222.9061 1.4837 1.5589 3.8853 -6.6367 1.7987 26.8779 -3.0485 0.6566
