Pedestrian -1 -1 -1.3809 788.5745 162.6077 804.2536 197.3534 1.8394 0.6902 0.7110 10.2515 0.8936 37.8966 -1.1171 0.4112
Pedestrian -1 -1 1.3074 20.9421 176.7536 57.1630 236.1169 1.8032 0.6943 0.8236 -17.6417 1.6909 21.9963 0.6401 0.4067
Pedestrian -1 -1 3.0652 123.9904 118.5481 198.6177 257.0195 1.8263 0.6034 0.8411 -6.2073 1.0109 9.8106 2.5179 0.4026
Pedestrian -1 -1 -1.6004 715.7016 163.6451 760.8521 281.4090 1.8021 0.6734 1.0684 2.0843 1.5458 11.3928 -1.4227 0.3979
Pedestrian -1 -1 -3.2758 772.9280 158.2611 796.5396 190.2509 1.8190 0.5871 1.2445 10.2982 0.5558 40.5610 -3.0272 0.3142
Pedestrian -1 -1 -3.4523 993.4570 113.7152 1062.4690 242.2189 1.7325 0.4224 0.7242 5.8099 0.8338 9.8100 -2.9296 0.3049
Pedestrian -1 -1 -2.0130 273.5558 180.9531 322.3176 260.8666 1.5759 0.6325 0.8082 -6.3196 1.5871 14.4481 -2.4156 0.3033
Pedestrian -1 -1 -0.1912 510.3566 166.6968 521.5311 188.0564 1.8370 0.5215 0.8770 -7.6891 0.6511 61.1857 -0.3138 0.2761
Pedestrian -1 -1 -1.2942 118.1394 152.7608 138.9627 193.2018 1.9610 0.6624 0.7661 -23.4259 0.6174 34.7465 -1.8812 0.2740
Pedestrian -1 -1 1.0279 875.3583 155.7289 907.1208 194.2839 1.7801 0.5218 1.8326 13.5630 0.6379 33.5868 1.4101 0.1396
Cyclist -1 -1 1.0200 875.3548 156.8757 906.6638 194.8490 1.7565 0.5284 1.7672 13.5646 0.6652 33.6152 1.4020 0.5992
Cyclist -1 -1 -2.0192 975.7802 143.0366 1028.9116 213.3241 1.7530 0.4539 1.8285 10.3589 0.8202 18.5545 -1.5155 0.3760
Cyclist -1 -1 -1.6004 715.7016 163.6451 760.8521 281.4090 1.8021 0.6734 1.0684 2.0843 1.5458 11.3928 -1.4227 0.1897
Cyclist -1 -1 -3.2300 772.8783 158.0943 796.5521 190.3339 1.8323 0.5733 1.2697 10.2975 0.5603 40.5642 -2.9815 0.1653
Car -1 -1 1.6957 443.4856 172.6034 480.5248 199.6884 1.5654 1.6910 4.1627 -8.6448 1.1104 42.9939 1.5005 0.8201
Car -1 -1 -0.8676 0.0000 205.2914 290.3723 370.0000 1.4769 1.5923 3.8548 -3.1739 1.6633 3.3285 -1.5815 0.8105
