Car -1 -1 -1.8434 724.5660 183.3134 919.2648 307.2862 1.5091 1.6698 4.4974 3.0043 1.7080 11.4301 -1.5939 0.9668
Car -1 -1 -1.7484 701.8588 181.8909 801.1884 258.3963 1.5555 1.6257 3.5906 3.1399 1.7899 16.8887 -1.5687 0.9526
Car -1 -1 1.7960 387.5134 192.2444 497.7315 271.7497 1.4877 1.5996 3.7860 -3.6924 1.9777 16.3213 1.5761 0.9377
Car -1 -1 2.0999 0.0000 217.7548 378.4782 375.0000 1.4352 1.6153 4.2050 -3.5613 1.9519 6.1730 1.5941 0.9366
Car -1 -1 1.8512 280.9851 197.4157 443.7850 314.2359 1.4740 1.5201 3.5223 -3.8458 1.9313 11.6370 1.5378 0.9363
Car -1 -1 -2.0342 812.8688 189.8363 1242.0000 375.0000 1.4882 1.6292 4.2253 2.7587 1.6577 5.0632 -1.5608 0.9316
Car -1 -1 1.4002 643.2604 184.7582 685.3879 216.8986 1.5572 1.6155 3.6676 2.7943 2.2205 38.2722 1.4719 0.7485
Car -1 -1 -3.1383 743.2903 180.5782 834.9794 217.7798 1.4837 1.6285 3.6656 7.5051 1.8239 30.5134 -2.9000 0.5568
Car -1 -1 -3.5063 916.7474 164.0909 1071.6471 225.2049 1.9587 1.7281 4.2518 12.7361 1.6782 24.2224 -3.0278 0.4488
Car -1 -1 1.6106 599.9083 184.5547 625.4514 208.7529 1.6442 1.7227 4.1904 0.2067 2.5420 53.2132 1.6139 0.4219
