Pedestrian -1 -1 2.2635 990.9989 161.5969 1010.0806 196.7536 1.8470 0.5488 0.7348 20.6925 1.2560 38.2976 2.7554 0.3203
Pedestrian -1 -1 -1.6497 835.5468 131.7571 862.8511 199.8925 1.8365 0.6403 0.9178 6.5625 0.7292 19.9665 -1.3366 0.2804
Pedestrian -1 -1 -1.7844 1057.1096 163.5812 1079.0214 207.6364 1.7961 0.6776 0.4639 18.8399 1.4184 29.7471 -1.2246 0.2317
Pedestrian -1 -1 -2.3908 895.6852 118.8837 942.4705 185.4187 1.8515 0.5631 1.1594 8.8162 0.3500 20.7200 -1.9935 0.1920
Pedestrian -1 -1 -0.5319 1076.7762 142.6466 1172.4812 275.4158 1.6795 0.6246 0.8155 6.6752 1.2977 9.4636 0.0674 0.1590
Cyclist -1 -1 1.6194 639.7103 171.3683 650.7040 201.5070 1.7603 0.5737 1.7602 2.0733 1.6738 43.0424 1.6667 0.7901
Cyclist -1 -1 0.4849 899.9354 117.0622 961.0358 183.5602 1.8279 0.5321 1.5185 9.0814 0.2947 20.5901 0.8952 0.1676
Car -1 -1 -1.5222 579.3478 178.8135 607.2003 204.3114 1.5641 1.6351 3.9239 -1.0870 1.9704 47.1656 -1.5457 0.6682
Car -1 -1 1.7262 406.0711 182.4204 457.1616 221.0041 1.4231 1.4907 3.4564 -7.2185 1.8354 29.2809 1.4861 0.4557
Car -1 -1 -1.5558 1068.1807 164.7063 1096.1019 189.2741 1.8259 1.7519 4.0107 36.4919 1.2207 55.7754 -0.9790 0.1594
Car -1 -1 -1.3389 289.0917 173.2680 334.1600 204.9460 2.0963 1.8621 4.7136 -20.7463 2.1269 50.2830 -1.7286 0.1589
Car -1 -1 1.2078 650.5958 176.3199 686.6138 198.5989 1.7165 1.6284 3.8630 4.6723 2.0070 58.3198 1.2869 0.1491
Car -1 -1 -1.3901 929.2844 164.4417 960.3359 185.4352 1.6801 1.6910 3.7726 27.7365 1.0072 59.7725 -0.9577 0.1456
Car -1 -1 1.2888 962.0521 164.1998 1001.9724 188.1210 1.7086 1.6211 3.8210 27.5341 1.0908 53.5627 1.7612 0.1358
