Pedestrian -1 -1 1.7487 154.8108 183.2909 178.3961 230.5351 1.7149 0.6372 0.6675 -16.5089 2.1091 26.8027 1.2008 0.2145
Car -1 -1 1.8058 451.9543 178.5624 496.2750 206.9671 1.4504 1.5519 3.7567 -7.4236 1.7787 39.5260 1.6210 0.7931
Car -1 -1 2.1642 242.1348 184.2085 296.8816 210.4089 1.6578 1.5978 3.6717 -23.2158 2.4639 49.2667 1.7256 0.3276
Car -1 -1 -1.5609 580.3680 175.3792 597.7426 191.7349 1.4939 1.6002 3.5847 -1.9834 1.7395 68.2656 -1.5901 0.2748
Car -1 -1 -1.4494 850.2162 164.0265 889.4683 195.0278 1.7896 1.7615 4.2190 15.8282 1.2803 43.9286 -1.1060 0.2414
Car -1 -1 -2.1594 282.5657 181.6492 334.3940 204.2101 1.5694 1.5899 3.9874 -22.3308 2.2414 53.3315 -2.5545 0.1639
Car -1 -1 -1.4741 39.5382 167.2166 81.7160 195.7166 1.6146 1.6401 3.6446 -32.6080 1.2956 42.8559 -2.1217 0.1512
Car -1 -1 -1.5479 303.0943 179.8590 334.1121 207.1819 1.5285 1.6418 3.8201 -17.5589 1.9714 43.5036 -1.9297 0.1497
Car -1 -1 -1.6105 468.1752 168.5673 489.4701 188.0095 1.5209 1.5384 4.0464 -10.7015 1.1859 58.5815 -1.7906 0.1328
Car -1 -1 1.6579 510.7096 181.8418 535.8104 204.2433 1.5918 1.5674 3.8051 -6.5740 2.2981 54.7418 1.5384 0.1261
