Car -1 -1 2.0014 0.0000 201.2528 373.3552 375.0000 1.4755 1.6243 3.8416 -3.5317 1.8079 6.4734 1.5181 0.9628
Car -1 -1 -2.0457 821.2451 177.8459 1242.0000 375.0000 1.4814 1.5876 3.7003 2.7922 1.5302 5.1480 -1.5735 0.9606
Car -1 -1 -1.8153 720.7625 181.1562 905.4177 305.0946 1.4809 1.6128 4.2081 2.7776 1.6322 11.0090 -1.5757 0.9538
Car -1 -1 1.8781 293.9938 192.5155 473.0478 306.9070 1.4709 1.6204 4.1245 -3.5887 1.8569 12.0707 1.5941 0.9529
Car -1 -1 -1.7672 690.1930 179.7161 798.9172 252.7914 1.4959 1.6857 4.4196 3.0351 1.6832 17.4195 -1.5985 0.9398
Car -1 -1 1.7445 451.7913 184.8126 525.1456 242.6995 1.5677 1.5799 3.8662 -3.7018 1.9696 22.2815 1.5811 0.9397
Car -1 -1 -1.6904 679.5956 177.2268 746.8277 232.3218 1.5754 1.6301 3.8493 3.1361 1.7262 22.8728 -1.5566 0.9225
Car -1 -1 1.7355 403.1444 187.1098 491.0810 258.9367 1.4910 1.5091 3.4881 -3.8835 1.8716 17.4628 1.5191 0.8422
Car -1 -1 -1.7611 636.9619 177.0947 673.8994 203.6150 1.5387 1.6012 3.6158 2.7176 1.8110 44.3649 -1.7008 0.7046
Car -1 -1 -3.1002 714.3281 175.2654 789.1919 206.6171 1.5239 1.5188 3.6335 7.1228 1.6498 36.4037 -2.9090 0.6235
