Pedestrian -1 -1 -1.8325 691.1014 176.1027 738.6531 284.5341 1.7270 0.5737 0.8239 1.8219 1.6423 11.8815 -1.6894 0.8539
Pedestrian -1 -1 2.2975 288.0030 167.1558 394.1407 322.5744 1.6866 0.8074 0.8348 -3.0502 1.5323 8.3298 1.9505 0.8406
Pedestrian -1 -1 1.4861 973.1412 166.4499 1060.3724 349.4083 1.7143 0.6751 0.7606 4.0923 1.5746 7.2113 1.9811 0.7032
Pedestrian -1 -1 -1.5346 633.6017 176.8684 665.5759 251.4363 1.7621 0.7492 1.2943 1.1630 1.6539 17.6525 -1.4753 0.6127
Pedestrian -1 -1 1.7186 180.7951 177.8411 253.8118 324.2164 1.6246 0.6072 1.1368 -4.6189 1.5854 8.6071 1.2327 0.5812
Pedestrian -1 -1 0.7738 664.0962 178.9375 690.8070 224.0482 1.6831 0.6469 0.7785 2.8680 1.5885 27.3042 0.8722 0.5714
Pedestrian -1 -1 -2.0340 762.8911 173.5625 859.2099 335.8239 1.6567 0.7067 0.8100 2.2064 1.5770 7.7992 -1.7730 0.5627
Pedestrian -1 -1 2.7802 758.8859 177.9554 837.7050 323.6501 1.7372 0.6473 0.7578 2.3852 1.6963 8.9272 3.0281 0.5432
Pedestrian -1 -1 1.4299 720.5734 181.6529 769.2249 299.4205 1.6474 0.5825 0.7470 2.0263 1.6510 10.4316 1.6112 0.5105
Pedestrian -1 -1 0.2745 108.8796 185.6132 153.7410 265.3092 1.6755 0.6387 0.6647 -10.2000 1.7681 15.5453 -0.3039 0.4982
Pedestrian -1 -1 1.1969 792.6346 167.4950 832.3835 250.5709 1.8189 0.6560 0.6515 4.6819 1.5135 16.0822 1.4704 0.4170
Pedestrian -1 -1 -1.3869 725.9694 175.2821 745.8503 222.2399 1.6262 0.5670 0.7508 4.7221 1.4119 25.3255 -1.2096 0.3262
Pedestrian -1 -1 1.7517 739.4495 179.4529 778.0618 284.5586 1.6368 0.5090 0.6400 2.4983 1.6062 11.5759 1.9539 0.2991
Pedestrian -1 -1 -3.2249 1057.4451 172.6577 1156.6233 356.2884 1.5991 0.7027 0.6822 4.6523 1.5235 6.7244 -2.6433 0.2983
Cyclist -1 -1 -1.5454 634.2156 176.8540 665.3467 251.5320 1.7671 0.7363 1.2618 1.1638 1.6583 17.6548 -1.4861 0.3924
Cyclist -1 -1 0.6609 154.6399 181.3158 286.1485 325.6323 1.6496 0.6149 1.2914 -4.6062 1.6489 8.6247 0.1768 0.2978
Cyclist -1 -1 1.2215 687.8231 178.1659 739.1782 285.6139 1.7207 0.5903 0.8243 1.8125 1.6686 11.9650 1.3629 0.1040
Car -1 -1 1.6694 546.1379 181.6658 595.1835 223.4246 1.6127 1.6517 4.2117 -1.2270 1.6210 29.9010 1.6235 0.9456
Car -1 -1 -1.8657 787.8205 162.1311 846.1479 196.9663 1.5389 1.6035 3.5823 9.9794 0.6842 33.5319 -1.5835 0.5455
Car -1 -1 -2.7246 236.1822 169.3820 374.2798 221.6665 1.4963 1.4840 3.4940 -8.7636 1.1506 21.3427 -3.1150 0.3936
