Pedestrian -1 -1 -0.5023 719.0179 208.1404 751.2463 260.7014 1.7382 0.7503 0.8421 4.2889 2.9860 25.0128 -0.3358 0.4455
Pedestrian -1 -1 1.4479 373.8351 185.7060 403.7095 253.0247 1.7432 0.6885 0.6576 -5.9667 2.0950 19.2900 1.1511 0.3634
Pedestrian -1 -1 1.8088 215.0796 129.8651 316.9972 334.5711 1.8354 0.6829 0.9329 -3.3522 1.4503 6.9903 1.3756 0.2499
Pedestrian -1 -1 -3.3138 962.9353 212.6737 1008.8743 296.4569 1.6010 0.5758 0.7265 7.5071 2.4243 14.5281 -2.8465 0.2368
Pedestrian -1 -1 1.7530 1020.8386 190.6172 1054.7946 258.9064 1.7971 0.6824 0.7404 11.6654 2.2961 19.7499 2.2790 0.2049
Pedestrian -1 -1 2.2003 320.7947 198.8516 408.8118 300.5352 1.6292 0.6481 1.6319 -4.3888 2.1253 12.8812 1.8772 0.1419
Cyclist -1 -1 -0.8515 921.0194 192.5165 964.7907 237.1379 1.7873 0.7072 1.7225 13.8816 2.6284 30.1718 -0.4249 0.6773
Cyclist -1 -1 1.3294 1067.2589 137.2315 1170.0184 296.4480 1.8055 0.6384 1.6757 6.2817 1.4019 9.0759 1.9192 0.3959
Cyclist -1 -1 2.2003 320.7947 198.8516 408.8118 300.5352 1.6292 0.6481 1.6319 -4.3888 2.1253 12.8812 1.8772 0.2143
Cyclist -1 -1 -2.7584 427.1718 201.0396 479.9211 255.0943 1.7789 0.6173 1.6503 -5.3840 2.7595 24.6485 -2.9720 0.2031
Car -1 -1 1.7498 515.9526 200.0161 568.4188 243.7081 1.6082 1.6199 3.5026 -2.8588 2.8298 30.6248 1.6566 0.8621
Car -1 -1 1.2268 856.9841 160.4418 895.3123 182.5966 1.6668 1.6640 3.6133 20.6185 0.7333 56.0945 1.5772 0.3653
Car -1 -1 -0.0755 673.5833 175.5361 726.0827 197.6063 1.5507 1.6471 3.6239 6.3911 1.7471 51.8221 0.0461 0.2891
Car -1 -1 -0.8147 92.0406 177.2677 387.9127 312.4160 1.7205 1.6714 4.3476 -5.6623 1.8065 11.6602 -1.2585 0.2877
Car -1 -1 -1.8681 826.0715 158.7553 863.0599 182.0122 1.7500 1.7030 3.7535 18.1902 0.6895 56.1789 -1.5567 0.2476
Car -1 -1 0.0504 548.7198 189.1736 608.6000 212.7497 1.4974 1.6937 3.8906 -2.0756 2.6001 47.8746 0.0067 0.2422
Car -1 -1 2.0891 341.0273 194.8983 451.1005 253.9944 1.6145 1.7331 3.8187 -6.8301 2.3899 23.3046 1.8064 0.2214
