Car -1 -1 -1.3129 335.7324 180.5104 462.0886 263.3432 1.4836 1.5682 3.6654 -4.1624 1.4004 14.7144 -1.5842 0.9680
Car -1 -1 -1.0948 125.1381 184.1079 296.8226 261.5673 1.4446 1.5893 3.8246 -8.2791 1.4251 15.3248 -1.5830 0.9658
Car -1 -1 -1.7105 653.2775 177.4481 699.2634 211.7090 1.4464 1.5606 3.4828 2.9728 1.1196 32.1224 -1.6195 0.9458
Car -1 -1 -1.4343 470.5817 178.0082 526.1833 216.3784 1.3662 1.6350 3.4158 -4.1279 1.1107 27.3100 -1.5832 0.9409
Car -1 -1 -1.2151 300.2361 163.9802 391.8706 223.0968 1.7748 1.5852 3.7607 -8.4675 1.1384 23.4684 -1.5579 0.9116
Car -1 -1 -1.5895 595.5476 177.5109 626.7048 207.7037 1.4799 1.5276 3.5511 0.1044 1.1034 37.0192 -1.5871 0.7831
Car -1 -1 -1.4732 514.6212 177.0316 550.2376 205.6621 1.4521 1.5362 3.6850 -3.9981 1.0381 38.3018 -1.5769 0.7822
Car -1 -1 -1.3972 444.4617 176.2396 485.6943 204.1030 1.4423 1.5591 3.8441 -7.7438 0.9788 39.1446 -1.5915 0.5899
Car -1 -1 -1.4832 584.9362 177.6437 615.9093 202.6802 1.4886 1.6130 3.6420 -0.4424 1.0395 44.6159 -1.4935 0.4759
Car -1 -1 -1.4280 459.8841 160.6533 494.0766 188.2666 1.8425 1.7587 4.2348 -9.0863 0.2047 50.1096 -1.6067 0.4493
