Cyclist -1 -1 1.6485 476.6074 177.8053 502.7990 242.5098 1.7066 0.5849 1.7644 -3.3779 1.8509 20.0706 1.4831 0.9217
Car -1 -1 3.6496 0.0000 176.6899 269.0089 309.9360 1.5461 1.6734 4.0325 -6.9471 1.6025 9.4853 3.0306 0.9703
Car -1 -1 -1.6919 630.6620 180.5184 684.4585 220.1052 1.4353 1.6460 4.2335 1.8032 1.7684 29.1585 -1.6315 0.9668
Car -1 -1 2.5474 842.2827 187.6171 1180.1740 299.4462 1.4564 1.6357 4.2240 5.7751 1.6977 10.7209 3.0292 0.9365
Car -1 -1 -0.4438 777.9842 188.3917 1024.3844 271.1361 1.4140 1.5807 4.0347 5.3423 1.7283 13.6293 -0.0785 0.9233
Car -1 -1 -0.3629 776.5257 166.4744 974.8041 243.0329 1.5922 1.6110 3.7596 5.6848 1.4599 15.8562 -0.0252 0.9179
Car -1 -1 -0.6820 969.8507 181.1705 1242.0000 327.8994 1.4623 1.5902 3.7091 6.2630 1.5670 8.1672 -0.0458 0.9136
Car -1 -1 0.3122 313.1096 183.2984 460.1407 232.0971 1.4913 1.6847 4.2221 -7.1768 1.8416 23.2982 0.0161 0.9020
Car -1 -1 0.4707 0.0000 152.1096 340.2946 279.4312 1.9243 1.7888 4.6334 -7.1585 1.6111 11.9344 -0.0601 0.8991
Car -1 -1 -0.9095 1082.9275 179.8756 1242.0000 375.0000 1.5081 1.6645 3.9422 6.0841 1.5734 5.6275 -0.1116 0.6893
