Pedestrian -1 -1 1.5706 875.3873 170.0592 900.6360 236.7066 1.7069 0.6068 0.8546 7.2609 1.6356 18.9826 1.9301 0.1793
Pedestrian -1 -1 1.8702 214.8649 182.2724 234.6134 217.2432 1.6669 0.6298 0.8310 -18.7799 2.1317 35.1094 1.3819 0.1472
Pedestrian -1 -1 -2.3801 0.0000 208.6485 23.6034 262.2575 1.7390 0.7252 0.7305 -20.4626 2.9644 24.3049 -3.0746 0.1370
Cyclist -1 -1 2.0718 230.4322 188.9943 252.4924 217.8905 1.6065 0.5086 1.4299 -21.2939 2.5546 41.6410 1.6013 0.1130
Car -1 -1 2.0495 159.7512 195.8415 249.1241 239.6352 1.5206 1.6001 3.6522 -16.1384 2.4986 28.8376 1.5429 0.9308
Car -1 -1 1.4908 596.5329 173.6416 632.1236 202.9032 1.6764 1.7944 4.4550 0.1762 1.7270 43.7473 1.4943 0.7984
Car -1 -1 1.6542 445.2090 183.0847 467.0280 202.2713 1.5279 1.5213 3.5721 -13.0717 2.4242 61.3166 1.4447 0.5973
Car -1 -1 -1.2700 374.5267 163.0118 418.1227 194.6387 2.3509 1.9055 4.8018 -16.5518 1.6197 56.0462 -1.5561 0.3668
Car -1 -1 1.8666 216.5283 191.0713 265.5343 218.8962 1.4875 1.6198 3.5776 -21.9402 2.6207 42.9631 1.3966 0.1128
Car -1 -1 -1.2301 254.3942 168.0430 293.7600 189.4432 1.7071 1.7664 3.8202 -27.6890 1.3237 59.5369 -1.6639 0.1109
