Car -1 -1 1.9450 247.8855 190.3591 403.9468 279.1573 1.5135 1.6432 4.0194 -5.7857 1.9296 15.1126 1.5845 0.9430
Car -1 -1 -0.3409 794.2206 159.0503 920.8148 200.5789 1.5189 1.6358 4.2156 9.2348 1.0144 27.2431 -0.0176 0.9244
Car -1 -1 1.8318 359.8329 188.7857 451.0399 250.2601 1.5044 1.5638 3.7486 -5.7444 1.9992 20.5114 1.5614 0.9108
Car -1 -1 1.7958 451.1649 185.5270 507.6992 222.6681 1.4379 1.5597 4.0013 -5.6384 2.0247 31.3553 1.6188 0.8640
Car -1 -1 1.8241 409.5858 187.0028 482.1523 233.6068 1.4370 1.5779 3.7797 -5.7118 1.9716 25.3235 1.6039 0.8061
Car -1 -1 1.7046 488.7221 181.5533 529.4670 211.3282 1.4688 1.6219 4.2868 -5.4287 1.9652 38.9917 1.5667 0.7084
Car -1 -1 -0.5187 767.7445 162.8296 862.4595 198.9520 1.5588 1.6285 3.7810 9.1444 1.1266 32.3838 -0.2462 0.6349
Car -1 -1 -1.7116 664.1402 174.6352 710.3907 208.6929 1.4621 1.5746 3.8002 3.4457 1.5489 33.1035 -1.6093 0.5979
Car -1 -1 -0.5328 1058.1327 144.0172 1176.9479 178.5887 1.5891 1.7082 4.3411 23.9193 0.2640 34.1757 0.0739 0.5651
Car -1 -1 -1.6892 656.6740 170.5967 694.3464 201.5137 1.5717 1.5782 3.5636 3.4120 1.4573 38.4833 -1.6019 0.4892
