Pedestrian -1 -1 2.4817 722.8030 133.9074 767.0071 216.2857 1.8594 0.5728 0.8314 3.0770 0.9807 16.7302 2.6601 0.5176
Car -1 -1 -1.8652 764.8018 187.5300 1002.6473 345.7295 1.4055 1.5404 3.4625 2.8749 1.6139 8.4784 -1.5500 0.9685
Car -1 -1 2.0266 54.2391 193.8168 362.7386 367.1691 1.4972 1.5951 3.7813 -4.4279 1.8022 8.5853 1.5622 0.9619
Car -1 -1 -1.7162 666.7559 180.8478 747.2459 242.4970 1.5201 1.6381 4.0756 2.5798 1.7691 20.3774 -1.5930 0.9508
Car -1 -1 1.6572 483.4756 176.2579 526.3674 219.6004 1.8194 1.5821 3.9495 -4.7307 1.9832 32.6189 1.5137 0.9246
Car -1 -1 1.7195 454.8068 181.9123 513.5088 226.7926 1.5113 1.6064 3.8571 -4.6780 1.8753 27.0244 1.5492 0.9138
Car -1 -1 -1.8215 721.5317 184.5269 857.7728 282.1613 1.4473 1.5101 3.2735 2.9700 1.6808 12.7470 -1.5988 0.8906
Car -1 -1 0.3050 232.8963 185.1530 372.5506 233.3138 1.3853 1.4676 3.6658 -9.3767 1.7780 22.1109 -0.0921 0.8205
Car -1 -1 -1.6664 658.5743 180.0863 712.0930 225.0486 1.5122 1.6110 3.5311 2.6684 1.7969 26.6002 -1.5683 0.6816
Car -1 -1 -1.7422 644.3409 181.1554 688.8152 214.4855 1.4926 1.5644 3.5019 2.6575 1.9170 35.0339 -1.6678 0.6528
