Pedestrian -1 -1 1.8571 748.2856 155.5242 852.2580 349.6314 1.6341 0.7247 0.8432 1.7882 1.4168 6.5923 2.1062 0.8601
Pedestrian -1 -1 0.3831 1081.6445 127.8594 1193.2806 293.3812 1.7671 0.5763 0.8734 6.0489 1.1958 8.1896 0.9988 0.7792
Pedestrian -1 -1 -0.5699 947.3140 130.5268 1044.5594 283.7267 1.7509 0.6218 0.8043 4.6332 1.1697 8.5535 -0.0915 0.6990
Pedestrian -1 -1 1.2564 555.6127 163.1185 590.1009 232.7716 1.8019 0.6688 0.8923 -0.7997 1.3275 19.1154 1.2099 0.6842
Pedestrian -1 -1 -1.7303 598.0870 164.6888 622.1287 226.7971 1.6971 0.5510 0.7628 0.2059 1.2389 20.0447 -1.7254 0.6696
Pedestrian -1 -1 -1.5779 612.3782 161.6611 634.5339 229.8543 1.7596 0.5709 0.8107 0.5423 1.2488 18.9421 -1.5549 0.5854
Pedestrian -1 -1 0.2610 481.2416 162.9183 511.9232 224.5495 1.7206 0.4972 0.7591 -2.9953 1.2030 20.3411 0.1115 0.5554
Pedestrian -1 -1 -1.8740 585.6191 163.7261 612.3271 212.3198 1.7934 0.7319 1.0173 -0.1201 1.1385 27.1054 -1.8835 0.5462
Pedestrian -1 -1 2.3612 624.2301 164.2327 656.0096 224.8418 1.7329 0.6261 0.6860 1.1017 1.2403 20.9973 2.4078 0.5202
Pedestrian -1 -1 1.5778 491.9221 166.3030 522.0612 240.1053 1.7355 0.7047 0.8622 -2.3164 1.3793 17.3618 1.4418 0.4856
Pedestrian -1 -1 1.5170 459.2626 168.9836 474.6307 208.7574 1.8586 0.6793 0.6059 -6.3677 1.2747 33.9412 1.3279 0.4491
Pedestrian -1 -1 1.0621 638.7893 165.2313 660.8930 210.7289 1.7513 0.6166 0.6598 1.8709 1.1261 28.0790 1.1229 0.3966
Pedestrian -1 -1 1.5566 388.8550 173.4093 432.7703 279.4994 1.7384 0.7016 0.6549 -3.2783 1.6071 12.1791 1.2932 0.3700
Pedestrian -1 -1 -3.6661 1002.5469 143.6094 1109.8927 280.7210 1.6861 0.5936 0.9886 5.7166 1.2215 9.1361 -3.1251 0.3527
Pedestrian -1 -1 2.5681 775.4806 136.8526 831.2799 219.6849 1.7965 0.6763 0.9914 4.4701 0.8294 16.0509 2.8305 0.3304
Pedestrian -1 -1 -3.0588 739.9840 157.3287 773.8615 218.9965 1.8261 0.5733 0.9600 4.6684 1.1115 21.6801 -2.8543 0.3096
Pedestrian -1 -1 3.0418 644.5941 167.1898 669.0735 211.5454 1.7830 0.4982 0.9418 2.2258 1.2088 29.1357 3.1122 0.3012
Pedestrian -1 -1 2.0105 655.5201 161.5693 685.0544 218.6657 1.7883 0.6680 0.8012 2.1832 1.1652 23.0106 2.0989 0.2897
Pedestrian -1 -1 -0.3045 512.6200 173.4027 536.7739 202.6972 1.8117 0.6127 1.3833 -4.8000 1.3117 44.9829 -0.4153 0.1627
Pedestrian -1 -1 -2.1360 657.6368 156.3972 753.1871 279.2853 1.6716 0.6641 1.5282 1.4540 1.3315 10.6017 -2.0086 0.1386
Cyclist -1 -1 -0.3045 512.6200 173.4027 536.7739 202.6972 1.8117 0.6127 1.3833 -4.8000 1.3117 44.9829 -0.4153 0.3001
Cyclist -1 -1 -2.1360 657.6368 156.3972 753.1871 279.2853 1.6716 0.6641 1.5282 1.4540 1.3315 10.6017 -2.0086 0.2954
Cyclist -1 -1 -0.5537 773.7759 136.7555 833.2365 221.0276 1.8267 0.6704 1.0885 4.4711 0.8580 16.0452 -0.2912 0.1495
Cyclist -1 -1 -1.8353 585.9896 163.9294 611.8287 212.2022 1.7848 0.7168 1.0677 -0.1232 1.1362 27.1675 -1.8449 0.1157
Cyclist -1 -1 -0.5534 1002.3036 142.5151 1115.1805 281.0741 1.7081 0.5703 1.0744 5.7538 1.2288 9.1429 -0.0098 0.1150
Cyclist -1 -1 1.2378 556.4514 163.2358 590.8625 231.2068 1.7637 0.6652 0.8684 -0.7797 1.2909 19.1627 1.1924 0.1015
Car -1 -1 1.6627 528.3970 174.6173 556.9113 197.9135 1.5832 1.6767 3.9027 -4.1022 1.1161 50.7731 1.5775 0.4034
Car -1 -1 1.9502 355.3389 160.1190 414.4864 194.9271 1.6292 1.5878 3.5917 -10.6312 0.6294 35.4757 1.6562 0.3965
Car -1 -1 -0.3099 647.3416 174.9176 799.8768 229.2061 1.4337 1.5839 3.8949 3.3278 1.2610 20.0467 -0.1527 0.3436
