Pedestrian -1 -1 0.9356 636.7485 149.2886 685.9940 237.9762 1.7924 0.6639 0.8264 1.2115 1.1427 15.0418 1.0093 0.8025
Pedestrian -1 -1 -1.5785 336.7456 164.8486 360.1828 220.0564 1.7659 0.7112 0.9524 -8.3217 1.2344 23.5440 -1.9199 0.5733
Pedestrian -1 -1 2.0823 553.8811 148.3365 614.3015 252.6795 1.7553 0.8372 0.6723 -0.3407 1.1987 12.5726 2.0503 0.3944
Pedestrian -1 -1 0.7822 723.0087 179.5058 774.7130 276.8939 1.6767 0.6322 0.6449 2.5851 1.6436 12.8089 0.9717 0.3671
Pedestrian -1 -1 -1.3326 18.6111 175.3487 101.0942 321.6931 1.6413 0.6311 0.6914 -6.4289 1.5737 8.4952 -1.9715 0.3312
Pedestrian -1 -1 1.8865 666.7208 142.8277 707.8712 227.2606 1.8377 0.7018 0.8299 1.9017 0.9972 16.1552 1.9967 0.3271
Pedestrian -1 -1 -1.4932 566.1376 192.6929 633.8032 309.6252 1.4432 0.8322 0.7162 -0.0497 1.5958 9.3216 -1.5044 0.3209
Pedestrian -1 -1 -1.5142 428.9539 168.9087 440.9089 200.4751 1.8107 0.6299 0.9165 -9.6628 1.0892 41.7074 -1.7455 0.2979
Pedestrian -1 -1 -1.4983 307.0793 165.0265 328.0994 213.9969 1.7281 0.6436 0.9060 -10.2400 1.1478 25.8756 -1.8768 0.2926
Pedestrian -1 -1 -0.1202 463.6440 165.7660 496.9698 216.0510 1.7882 0.6110 1.1218 -4.4090 1.2297 25.9963 -0.2917 0.2564
Pedestrian -1 -1 1.7778 216.4796 153.9231 326.9019 360.9770 1.6167 0.5537 1.7119 -2.9671 1.4028 6.5013 1.3585 0.1045
Cyclist -1 -1 1.7774 208.1969 150.7052 328.1154 363.4247 1.6476 0.6209 1.7402 -2.9804 1.4105 6.4775 1.3551 0.8486
Cyclist -1 -1 -2.3061 1097.7191 127.3677 1202.9707 231.9761 1.8156 0.5157 1.7174 10.0988 0.8773 13.3454 -1.6728 0.2543
Cyclist -1 -1 -0.0588 463.9931 165.3577 497.2056 215.8748 1.7987 0.6010 1.1493 -4.3993 1.2250 25.9978 -0.2299 0.1232
Cyclist -1 -1 0.6036 633.2407 148.2246 688.1946 239.1928 1.8352 0.6537 0.9422 1.2019 1.1651 15.0386 0.6767 0.1149
Car -1 -1 1.9357 0.0000 188.5929 308.6455 362.3054 1.4726 1.6170 4.1566 -4.8609 1.5788 8.4403 1.4206 0.8950
Car -1 -1 0.2994 292.2729 173.5320 387.5347 202.6206 1.4669 1.6395 4.3426 -13.4714 1.0660 37.1523 -0.0512 0.3043
