Pedestrian -1 -1 1.5189 696.3477 134.4457 719.4144 199.6010 1.8656 0.6253 0.7483 2.8032 0.7662 21.0541 1.6491 0.5760
Pedestrian -1 -1 -1.3637 373.7144 173.2129 407.6906 240.6095 1.7808 0.7410 0.7372 -5.9556 1.7910 19.4656 -1.6574 0.4763
Pedestrian -1 -1 1.6590 807.4580 114.0343 848.0112 240.6644 1.7467 0.5059 0.7135 3.0846 0.9357 10.3741 1.9399 0.3416
Pedestrian -1 -1 0.0601 651.2734 152.5740 670.4182 188.2451 1.8915 0.5823 0.9900 2.6878 0.8165 38.6107 0.1288 0.3400
Pedestrian -1 -1 -1.5321 692.0727 158.1446 701.8284 188.8752 1.7555 0.5100 1.4851 5.0307 0.9156 41.9885 -1.4139 0.1554
Cyclist -1 -1 -1.5804 692.3817 158.0937 701.4880 188.3933 1.7364 0.5099 1.4243 5.0318 0.8909 42.0819 -1.4625 0.3578
Cyclist -1 -1 -1.7119 364.9640 173.3460 401.1029 235.8168 1.6327 0.8212 0.8161 -6.1588 1.6467 19.4085 -2.0158 0.1120
Cyclist -1 -1 1.2034 652.2380 152.3545 669.5857 188.1211 1.8865 0.6280 0.9412 2.6831 0.8056 38.5974 1.2720 0.1084
Car -1 -1 -1.9343 768.0767 178.9722 1048.4985 362.1435 1.5023 1.5223 3.4322 2.8279 1.5832 7.7675 -1.5986 0.9726
Car -1 -1 -1.3368 318.2610 198.0714 449.5247 292.3295 1.4558 1.5824 3.7407 -4.2895 2.0151 14.0772 -1.6282 0.9688
Car -1 -1 -1.3606 424.8213 181.9729 502.6318 240.4087 1.6537 1.6168 4.0626 -4.6197 1.9718 23.0967 -1.5565 0.9672
Car -1 -1 -1.7179 676.7714 178.3987 760.1304 245.0332 1.4840 1.5519 3.3294 2.5637 1.6357 18.0162 -1.5797 0.9488
Car -1 -1 1.7137 491.2047 182.3795 533.0989 214.0871 1.4894 1.5959 3.8406 -4.9963 2.0033 36.9749 1.5798 0.8989
Car -1 -1 -1.6685 646.6559 176.2489 686.0601 208.7338 1.4194 1.4932 3.3686 2.5383 1.5857 33.5805 -1.5942 0.8274
Car -1 -1 -1.6524 566.7850 177.5211 588.4396 195.4307 1.5663 1.6573 4.0575 -3.0251 2.0094 66.3230 -1.6982 0.3847
