Pedestrian -1 -1 1.5347 760.1060 171.8527 772.6379 205.8675 1.7058 0.5907 0.7862 7.8955 1.6559 36.6194 1.7449 0.2292
Pedestrian -1 -1 1.7268 500.5363 172.7173 524.5432 231.3092 1.7341 0.6079 0.7548 -2.9766 1.7304 21.7354 1.5916 0.1871
Pedestrian -1 -1 1.9240 571.0472 169.1710 587.1590 200.8970 1.7408 0.5721 1.0427 -1.7510 1.5391 40.1716 1.8803 0.1060
Pedestrian -1 -1 0.7949 133.2696 127.5139 255.2245 303.8212 1.8131 0.7135 0.9259 -4.5844 1.3472 7.8893 0.2826 0.1039
Pedestrian -1 -1 1.7467 529.9198 169.0816 548.5520 212.3308 1.7823 0.6317 0.8883 -2.9980 1.6272 30.1994 1.6481 0.1030
Pedestrian -1 -1 -0.9902 725.9426 164.3450 742.8347 196.5886 1.7073 0.6387 0.6536 6.6292 1.2571 38.6599 -0.8220 0.1024
Car -1 -1 -1.7269 690.2764 177.6113 770.9706 236.0455 1.4056 1.5781 3.5035 3.0963 1.5454 19.3910 -1.5717 0.9448
Car -1 -1 -2.2252 945.5526 16.1038 1242.0000 375.0000 1.5101 1.5970 3.8584 2.7133 1.3715 2.6314 -1.4787 0.8187
Car -1 -1 -1.3754 690.1334 157.7086 745.4143 195.6294 1.4509 1.5732 3.6268 4.4317 0.8718 29.5767 -1.2285 0.5148
Car -1 -1 1.4466 685.9106 175.1393 749.3897 223.9496 1.4807 1.5841 3.9669 3.4584 1.5636 24.0689 1.5870 0.4061
Car -1 -1 1.8743 749.9243 158.7655 786.7798 182.1663 1.7142 1.6146 4.0458 12.0816 0.6825 55.0091 2.0893 0.1120
Car -1 -1 -1.7229 721.0696 163.4621 761.1012 193.7951 1.6154 1.6345 3.7678 7.2388 1.1156 40.3262 -1.5468 0.1030
