Pedestrian -1 -1 -3.4569 869.7812 162.6438 882.0047 188.5879 1.8843 0.6633 0.6641 19.4079 1.1431 52.7463 -3.1064 0.3346
Car -1 -1 2.8540 751.9424 168.6885 819.1683 192.9661 1.4602 1.5850 3.7097 10.7100 1.2100 44.2836 3.0894 0.9328
Car -1 -1 2.5452 0.0000 176.0385 115.1258 229.6282 1.6026 1.6134 4.1018 -19.0938 1.7187 24.0346 1.8791 0.8656
Car -1 -1 2.9614 266.6977 174.3396 359.7588 205.5292 1.5993 1.7173 4.4296 -16.0861 1.6841 39.0931 2.5731 0.7020
Car -1 -1 1.2746 830.7097 163.0754 870.0028 185.6132 1.7530 1.7603 4.5214 19.3682 0.9928 58.3987 1.5932 0.5629
Car -1 -1 1.2093 802.8698 166.9163 841.0224 188.3627 1.6289 1.6064 3.8680 16.6085 1.1783 56.7920 1.4922 0.5026
Car -1 -1 0.9974 1004.6951 164.1122 1057.3812 186.4158 1.6565 1.6514 3.8828 32.3313 1.0076 55.5669 1.5218 0.4684
Car -1 -1 -1.9936 868.7819 163.3859 915.2811 187.2387 1.8206 1.7184 4.5410 22.3344 1.0983 57.3833 -1.6244 0.4001
Car -1 -1 1.9568 218.0047 169.4288 273.8324 199.2983 2.2964 2.0636 5.6027 -29.3542 2.0334 58.3438 1.4923 0.3930
Car -1 -1 0.8999 1066.8251 159.0519 1128.8976 187.2612 2.1588 1.7703 4.3376 38.7305 1.1029 57.4486 1.4905 0.3370
