Pedestrian -1 -1 1.4842 348.8758 170.3045 385.1014 244.9464 1.7739 0.7707 0.9194 -5.8948 1.5332 17.3733 1.1643 0.7859
Pedestrian -1 -1 -1.3263 152.3050 159.0644 271.7087 370.0000 1.6971 0.6737 0.6131 -3.0742 1.5437 5.4874 -1.8111 0.4619
Pedestrian -1 -1 1.7663 400.9677 171.5090 423.1575 217.2219 1.7048 0.6493 0.8941 -7.3412 1.3710 26.8312 1.5040 0.3886
Pedestrian -1 -1 -2.0312 923.1088 103.4200 1041.4781 333.9995 1.7613 0.5532 0.7767 3.0040 1.1742 5.7845 -1.5719 0.2515
Pedestrian -1 -1 -1.3786 630.2524 148.9617 644.2186 184.7932 1.9515 0.6501 0.6787 1.7668 0.2352 38.9101 -1.3316 0.2504
Pedestrian -1 -1 1.0758 866.5001 96.0174 985.0992 295.7492 1.8261 0.6976 0.9179 3.0680 1.0554 6.9487 1.4773 0.2153
Pedestrian -1 -1 -1.2999 426.8055 152.7294 440.2473 185.9086 1.9492 0.6174 0.6649 -10.1599 0.3191 41.8756 -1.5342 0.1953
Cyclist -1 -1 1.7074 519.9389 169.2068 534.5974 200.5236 1.7859 0.5995 1.8665 -4.5336 1.1433 41.2579 1.6005 0.6280
Cyclist -1 -1 1.7663 400.9677 171.5090 423.1575 217.2219 1.7048 0.6493 0.8941 -7.3412 1.3710 26.8312 1.5040 0.1155
Car -1 -1 -1.5733 588.7062 156.9400 638.5245 210.8284 1.7567 1.6244 3.9020 0.2696 0.9902 25.0024 -1.5608 0.8698
Car -1 -1 1.4457 570.0469 169.5654 621.4551 209.6953 1.5852 1.6647 4.2499 -0.4880 1.1548 30.1448 1.4314 0.3270
Car -1 -1 -2.5115 0.0000 162.7685 264.1555 246.7819 1.4441 1.6011 4.0186 -8.7218 1.1409 13.0570 -3.0871 0.2748
Car -1 -1 1.3710 428.3899 173.1428 461.5055 197.1309 1.7750 1.6811 4.2982 -12.3926 1.2319 54.6195 1.1508 0.2692
