Pedestrian -1 -1 -0.8545 690.9554 167.9427 807.7070 339.7687 1.6043 0.6861 0.9862 1.4532 1.4791 7.2795 -0.6703 0.8904
Pedestrian -1 -1 -2.0022 550.0739 169.9719 583.0716 235.3826 1.7511 0.6667 0.7065 -0.9907 1.4437 19.6963 -2.0571 0.8428
Pedestrian -1 -1 -1.6863 601.1686 171.9536 623.7924 235.4656 1.6828 0.5136 0.8358 0.2620 1.4310 19.4735 -1.6784 0.7650
Pedestrian -1 -1 -1.5568 632.3148 167.6533 649.4052 211.5007 1.7196 0.6697 0.8350 1.5545 1.1776 28.6067 -1.5082 0.5864
Pedestrian -1 -1 1.4515 648.9223 167.5177 670.1515 220.1484 1.7035 0.6194 0.6280 1.8773 1.2520 23.5760 1.5249 0.5295
Pedestrian -1 -1 1.5132 1023.7092 135.3527 1080.3685 271.0043 1.7031 0.5735 0.7686 5.8896 1.1251 9.4893 2.0511 0.5192
Pedestrian -1 -1 -1.7956 938.9725 130.0140 1006.8358 274.7486 1.7745 0.5592 0.9843 4.7633 1.1446 9.3473 -1.3409 0.5111
Pedestrian -1 -1 -0.6388 969.1960 145.2770 1051.8223 266.6099 1.6564 0.5866 0.8288 5.7250 1.1632 10.1528 -0.1416 0.4635
Pedestrian -1 -1 2.1690 0.0000 78.1175 296.8290 374.0000 1.7635 0.6690 1.2211 -1.4965 1.5661 1.9910 1.5747 0.4617
Pedestrian -1 -1 -3.3595 755.1926 146.3485 800.9026 224.7029 1.8310 0.6280 0.9381 4.1607 1.0108 17.1034 -3.1295 0.4560
Pedestrian -1 -1 1.5463 613.9587 170.8124 633.7151 228.8008 1.7203 0.5727 0.6929 0.6424 1.4044 21.6542 1.5704 0.4355
Pedestrian -1 -1 1.7768 392.6608 176.8327 442.3576 274.6081 1.7327 0.7274 0.8503 -3.3979 1.6513 13.1694 1.5234 0.4308
Pedestrian -1 -1 1.6884 428.5958 187.0583 459.1352 261.2068 1.6206 0.5634 1.0592 -3.6082 1.7525 16.3363 1.4687 0.4120
Pedestrian -1 -1 1.3796 465.4226 170.1906 497.8194 237.9431 1.7344 0.6742 0.9249 -3.1984 1.4461 18.9379 1.2092 0.4118
Pedestrian -1 -1 -2.8845 587.0560 169.3563 612.3888 227.5524 1.6401 0.5727 0.6038 -0.0753 1.2990 20.5939 -2.8934 0.4103
Pedestrian -1 -1 2.7728 487.2297 171.6256 523.4405 233.8578 1.7880 0.5919 0.9009 -2.8549 1.5054 21.1128 2.6347 0.3932
Pedestrian -1 -1 -1.9730 623.3723 169.7042 641.0001 204.1230 1.7726 0.6627 0.7812 1.5962 1.1660 37.4755 -1.9358 0.3823
Pedestrian -1 -1 -2.5526 576.7859 165.9130 603.0352 213.6138 1.8017 0.6524 0.7786 -0.4614 1.2140 27.6137 -2.5743 0.3755
Pedestrian -1 -1 -2.9841 659.2407 164.0102 681.1495 210.5187 1.7122 0.5469 0.7404 2.5473 1.0694 26.7983 -2.8953 0.3435
Pedestrian -1 -1 0.7668 390.9338 193.4181 449.7722 293.1823 1.5871 0.6393 0.7064 -3.0600 1.7948 11.9852 0.5161 0.3038
Pedestrian -1 -1 -1.6573 640.4443 168.9851 656.9102 210.2415 1.6869 0.6065 0.8241 1.9383 1.1762 29.7888 -1.5980 0.3005
Cyclist -1 -1 -1.8024 932.3270 136.2318 999.1854 281.2865 1.7637 0.4365 1.4410 4.7296 1.2147 9.4822 -1.3560 0.4022
Cyclist -1 -1 2.1690 0.0000 78.1175 296.8290 374.0000 1.7635 0.6690 1.2211 -1.4965 1.5661 1.9910 1.5747 0.2898
Cyclist -1 -1 1.6884 428.5958 187.0583 459.1352 261.2068 1.6206 0.5634 1.0592 -3.6082 1.7525 16.3363 1.4687 0.1877
Cyclist -1 -1 -0.6332 965.2123 143.5680 1056.3879 267.9140 1.6970 0.5757 0.9688 5.7277 1.1806 10.1514 -0.1358 0.1460
Cyclist -1 -1 -3.3706 753.5202 145.9929 803.1126 225.5110 1.8597 0.6117 1.0300 4.1669 1.0305 17.1041 -3.1403 0.1258
Car -1 -1 1.6166 522.7144 175.9871 547.6304 198.4790 1.5694 1.6408 3.9721 -4.7591 1.1854 52.1453 1.5210 0.4997
