Pedestrian -1 -1 3.7290 0.0000 48.3021 146.3408 375.0000 1.7877 0.6600 0.5601 -2.3831 1.3528 2.8659 3.0792 0.4576
Pedestrian -1 -1 -1.5982 261.0037 149.6498 275.0623 188.9358 1.9825 0.6332 0.5898 -17.4873 0.8119 36.8136 -2.0390 0.3857
Pedestrian -1 -1 -1.3402 385.5283 145.8691 402.6133 189.6236 1.9517 0.6474 0.4617 -9.7433 0.7484 32.4311 -1.6300 0.2056
Pedestrian -1 -1 1.1068 1049.2128 167.6731 1107.0146 263.2587 1.6543 0.5745 0.7743 8.3012 1.5650 12.8981 1.6677 0.2054
Car -1 -1 -1.8631 761.3058 174.7647 983.4122 320.1688 1.5353 1.6332 3.6871 3.1228 1.5657 9.5195 -1.5564 0.9750
Car -1 -1 -1.4102 438.3581 177.2002 524.0387 241.5089 1.5286 1.6585 3.7867 -3.3822 1.6568 19.3079 -1.5820 0.9480
Car -1 -1 -1.7458 671.1412 177.5205 753.6766 237.4429 1.5144 1.6460 3.7910 2.7511 1.6596 20.4628 -1.6149 0.9178
Car -1 -1 -1.7802 709.4559 174.2580 814.6105 253.6791 1.5315 1.5283 3.3249 3.1266 1.5656 15.6450 -1.5874 0.9166
Car -1 -1 -1.5838 647.6555 173.9108 683.2437 207.7383 1.4778 1.5581 3.4558 2.4973 1.5297 33.4019 -1.5103 0.8370
Car -1 -1 1.6928 488.2088 153.7514 554.0709 215.0729 2.2216 1.9492 5.4890 -3.4747 1.5299 28.8849 1.5737 0.2216
Car -1 -1 -1.6809 615.1765 168.5042 642.4106 192.8032 1.9121 1.7691 4.1529 1.4733 1.5702 58.9206 -1.6564 0.1876
