Car -1 -1 -1.7917 706.8967 184.6787 847.9907 280.9078 1.4093 1.5720 3.9597 2.7841 1.6562 13.0465 -1.5871 0.9737
Car -1 -1 0.4224 174.9000 165.8765 431.7441 252.1693 1.6000 1.6719 4.3833 -5.9857 1.4710 14.2806 0.0317 0.9552
Car -1 -1 -1.7078 677.2631 179.8864 747.6116 232.2717 1.4307 1.5762 4.0513 3.0183 1.6680 22.2773 -1.5756 0.9406
Car -1 -1 -1.6824 650.8991 172.6038 688.5346 201.9792 1.5808 1.6609 4.1470 3.2991 1.5677 40.9252 -1.6030 0.9024
Car -1 -1 0.2841 309.0556 181.6395 484.7780 239.1875 1.4688 1.5888 4.2701 -5.6984 1.7158 19.4564 0.0023 0.8836
Car -1 -1 0.6737 0.0000 186.5691 261.6180 365.5633 1.4741 1.6526 4.3278 -5.9728 1.6229 6.9381 -0.0183 0.8596
Car -1 -1 3.2481 397.3187 173.1885 510.3998 213.9325 1.5477 1.6488 4.2065 -6.1207 1.5617 28.4609 3.0377 0.8334
Car -1 -1 1.6337 554.0970 177.8801 587.3113 207.0555 1.4048 1.4936 3.4125 -2.0156 1.6751 37.0416 1.5792 0.8229
Car -1 -1 0.4402 370.1253 180.8205 498.4924 231.0114 1.4494 1.5005 3.5502 -5.4367 1.7077 22.2726 0.2030 0.7462
Car -1 -1 3.4713 227.1925 174.0526 408.6422 241.6355 1.4855 1.5624 3.5918 -6.7234 1.5151 16.7522 3.0947 0.6793
Car -1 -1 0.0798 486.5183 174.4263 552.9637 202.1187 1.6592 1.7343 3.9218 -5.5295 1.7581 44.2887 -0.0441 0.5367
