Pedestrian -1 -1 1.5672 937.8167 156.7650 961.1993 208.3453 1.8835 0.7772 0.9429 12.6237 1.2963 26.9348 2.0009 0.3995
Pedestrian -1 -1 1.9239 727.4396 163.9283 762.1136 229.1086 1.9148 0.7381 0.9869 4.0330 1.6530 21.8067 2.1036 0.2971
Pedestrian -1 -1 -0.9149 750.0183 170.8817 783.4423 237.0206 1.8185 0.6827 0.6202 4.3607 1.7646 20.2971 -0.7071 0.2231
Pedestrian -1 -1 1.9404 571.8860 150.6567 594.7437 196.3373 1.8514 0.6670 0.8904 -1.1378 0.9521 29.7703 1.9022 0.1754
Car -1 -1 -2.2331 94.8790 172.8877 351.6630 289.4188 1.8794 1.8038 4.5292 -7.2437 1.8805 13.3824 -2.7214 0.9666
Car -1 -1 1.3787 418.6169 184.0593 499.4668 236.6435 1.4180 1.6863 4.3082 -4.8991 1.8076 22.7515 1.1684 0.9238
Car -1 -1 1.5854 346.5170 181.5425 399.6664 230.9137 1.3911 1.4833 3.3307 -7.4877 1.6876 22.7754 1.2707 0.7802
Car -1 -1 -2.1202 0.0000 205.1960 66.7858 282.2722 1.4640 1.6190 3.7954 -14.4279 2.2486 16.1580 -2.8410 0.7071
Car -1 -1 -2.7502 484.7605 150.8286 587.3348 187.0234 1.5291 1.5896 4.2160 -3.2928 0.5990 31.8416 -2.8526 0.2258
Car -1 -1 -2.9041 468.1227 157.6362 562.0098 189.3776 1.5391 1.6854 4.3787 -4.7430 0.8016 36.0568 -3.0342 0.1918
Car -1 -1 -3.4918 1058.5010 176.0240 1208.0110 222.7551 1.4425 1.5767 3.6495 16.9999 1.5524 23.6789 -2.8754 0.1866
Car -1 -1 -2.0556 412.7856 164.1792 486.6044 200.0045 1.5581 1.6394 4.0465 -7.5234 1.1812 33.4504 -2.2755 0.1827
