Car -1 -1 -1.2134 214.0923 186.8104 405.4073 291.3803 1.4260 1.5607 3.9522 -4.6987 1.4579 11.8458 -1.5835 0.9717
Car -1 -1 -1.3685 408.6179 183.3226 487.8984 237.5534 1.4558 1.5656 3.6189 -4.6282 1.4061 21.1116 -1.5821 0.9557
Car -1 -1 -1.0625 98.7890 178.9238 229.2357 234.7698 1.4089 1.5608 3.4698 -12.1667 1.2513 19.8930 -1.6055 0.9163
Car -1 -1 -1.5524 575.0495 174.9069 611.6141 209.0184 1.5952 1.7099 3.9150 -0.7117 1.1142 35.5719 -1.5726 0.8977
Car -1 -1 -0.9295 0.0000 183.4452 164.3402 311.9557 1.5439 1.6007 3.6619 -8.4164 1.5237 10.4811 -1.5937 0.8832
Car -1 -1 -1.2866 349.6487 178.6967 414.0782 219.1569 1.5336 1.5228 3.6216 -9.0905 1.2876 29.0666 -1.5874 0.8781
Car -1 -1 -1.3989 445.4117 178.6999 501.6011 217.4983 1.4668 1.5786 3.9727 -5.4071 1.2216 29.1678 -1.5809 0.8774
Car -1 -1 -1.2707 346.5010 180.7651 399.7274 211.2434 1.5246 1.6373 3.6963 -12.3053 1.3031 37.8130 -1.5836 0.7869
Car -1 -1 -1.1661 215.0974 183.8781 335.4418 243.0613 1.4043 1.5390 3.6347 -8.6280 1.3737 18.8843 -1.5895 0.7561
Car -1 -1 -1.3447 424.6062 173.3462 469.2217 201.4982 1.4826 1.6272 3.6350 -8.8516 0.8587 39.6790 -1.5631 0.6972
