Pedestrian -1 -1 -3.3650 830.6967 92.7097 914.1993 272.9582 1.7955 0.5916 0.6895 2.7569 0.9124 7.4856 -3.0285 0.3077
Pedestrian -1 -1 -1.4504 134.7684 160.5389 152.8832 200.1604 1.8406 0.6512 0.6161 -21.5296 0.8678 33.7854 -2.0191 0.2628
Pedestrian -1 -1 -0.0325 934.5702 150.1711 1049.5419 352.4372 1.7465 0.5054 0.8994 3.5168 1.4774 6.6185 0.4339 0.2187
Pedestrian -1 -1 1.4691 767.4128 163.0364 777.3595 188.9375 1.8901 0.6199 0.8846 12.6026 0.5433 52.8948 1.6969 0.2052
Car -1 -1 -1.5021 529.2832 171.7975 566.0203 203.2001 1.5667 1.6609 4.4349 -2.7974 1.0835 38.0614 -1.5800 0.8284
Car -1 -1 2.1019 327.7957 181.2074 392.8797 209.4678 1.4201 1.5724 3.8038 -12.7216 1.4063 38.1174 1.7767 0.7601
Car -1 -1 -1.5524 589.2815 170.1907 614.5830 194.6734 1.4783 1.5283 3.3239 0.0577 0.7962 45.0449 -1.5561 0.7383
Car -1 -1 -0.1215 0.0000 164.5408 123.4406 205.0469 1.6852 1.7233 4.3765 -24.0935 0.9806 32.0225 -0.7676 0.5058
Car -1 -1 1.6156 563.4557 168.6716 585.2128 189.5641 1.6594 1.6412 3.5730 -2.1671 0.6410 58.8412 1.5741 0.3824
Car -1 -1 1.5862 424.8346 181.0644 458.6584 212.6489 1.4471 1.5205 3.3281 -7.7002 1.4281 34.6936 1.3643 0.2270
