Pedestrian -1 -1 -2.1203 927.2963 132.0087 973.9533 215.9611 1.8243 0.6229 0.7785 7.5404 0.9371 16.0998 -1.6894 0.3576
Pedestrian -1 -1 -1.8924 920.1250 171.6239 941.0363 213.9611 1.7102 0.6023 0.6554 13.0597 1.6608 29.4966 -1.4798 0.2741
Pedestrian -1 -1 -2.4177 952.0967 130.9424 1002.4437 195.9777 1.8548 0.6280 1.2049 10.7566 0.6599 21.2519 -1.9548 0.2331
Pedestrian -1 -1 -1.6693 922.3382 137.6492 944.8187 195.1288 1.8280 0.5687 0.9697 10.4830 0.7088 23.4936 -1.2544 0.1630
Cyclist -1 -1 1.1082 860.3088 124.1488 1003.9355 313.5085 1.7439 0.5918 1.8022 3.2348 1.2957 7.5624 1.4978 0.8837
Cyclist -1 -1 -2.1323 947.1598 131.0313 1001.6801 200.3759 1.9320 0.5635 1.7434 10.5269 0.7671 20.9959 -1.6732 0.1784
Car -1 -1 1.6058 584.8633 177.7535 611.7646 202.0249 1.5347 1.6705 4.0102 -0.7780 1.8778 48.4567 1.5894 0.6364
Car -1 -1 1.8230 438.5362 181.1071 468.9847 199.7970 1.5254 1.6463 3.9702 -13.5545 2.2659 62.6843 1.6106 0.6304
Car -1 -1 -1.2333 240.5670 184.8777 378.8249 258.8002 1.4622 1.6877 4.2082 -6.9644 1.7833 17.1045 -1.6151 0.1922
Car -1 -1 0.2840 782.9526 156.3217 847.9363 186.5620 1.8676 1.6343 3.6960 13.1197 0.8469 46.2312 0.5587 0.1557
