Car -1 -1 -1.9282 771.7023 199.0466 1104.0059 375.0000 1.3969 1.5581 3.9745 2.8253 1.7361 7.3421 -1.5758 0.9775
Car -1 -1 -1.7255 657.9172 178.1665 704.5859 213.0310 1.5676 1.6436 4.0135 3.3666 1.8417 35.1178 -1.6313 0.9554
Car -1 -1 0.6128 0.0000 163.2434 331.1009 314.8489 1.6147 1.6704 4.5270 -5.9497 1.5127 8.5619 0.0197 0.9549
Car -1 -1 -1.7316 701.6095 186.6335 803.1502 261.6786 1.4317 1.5870 4.1722 3.0855 1.7899 16.6343 -1.5524 0.9535
Car -1 -1 0.4686 282.2016 182.3483 462.5986 256.6676 1.5689 1.5424 3.6235 -5.4359 1.8006 16.5368 0.1551 0.9224
Car -1 -1 1.6705 544.1119 179.9517 587.3701 214.9166 1.4017 1.5362 3.5830 -1.9190 1.7296 31.4807 1.6095 0.9215
Car -1 -1 3.6336 25.3400 173.7057 317.3176 274.8987 1.4481 1.5008 3.5808 -6.6700 1.4626 11.1525 3.1047 0.9071
Car -1 -1 0.3610 174.9938 182.5020 443.3101 267.4693 1.4928 1.6661 4.4192 -5.6236 1.6889 13.7532 -0.0210 0.9026
Car -1 -1 3.3216 348.7804 175.6012 488.2271 223.6891 1.4426 1.5713 4.0190 -5.9766 1.5328 22.6834 3.0663 0.8205
Car -1 -1 0.4303 315.9693 176.2216 465.9756 230.6912 1.4510 1.5357 3.7547 -6.1781 1.5512 20.3649 0.1389 0.7878
