Car -1 -1 -1.2362 253.5755 185.9732 447.7884 305.1311 1.5053 1.5843 3.7572 -3.7311 1.5200 10.9912 -1.5564 0.9763
Car -1 -1 -1.3972 436.1858 179.2316 510.5371 237.8504 1.6113 1.6237 3.2956 -3.9609 1.4479 21.4093 -1.5783 0.9725
Car -1 -1 -1.7710 701.3083 188.3826 813.1402 266.8798 1.3963 1.5193 3.4975 2.8698 1.4699 14.6820 -1.5820 0.9660
Car -1 -1 -1.6906 651.4235 181.5478 708.1053 222.6452 1.5030 1.7052 4.2972 2.7293 1.3700 28.4555 -1.5964 0.9504
Car -1 -1 -1.2871 380.4162 180.9335 442.3091 217.4142 1.4798 1.5749 3.7914 -8.4434 1.3072 31.0675 -1.5506 0.9491
Car -1 -1 -0.9988 0.0000 182.2018 222.7697 291.8703 1.5084 1.6047 3.8460 -8.1815 1.4681 11.8244 -1.5936 0.9437
Car -1 -1 -1.4279 479.5738 181.9065 533.6229 221.1659 1.5094 1.6288 4.1902 -4.1427 1.3833 29.7340 -1.5656 0.8822
Car -1 -1 -1.6296 582.5530 179.0419 607.7122 201.3593 1.5572 1.6092 3.4891 -0.9610 1.1276 51.9573 -1.6484 0.6291
Car -1 -1 -1.5348 504.5319 179.9609 534.9269 206.8564 1.4410 1.5649 3.6963 -4.9377 1.1606 40.4178 -1.6560 0.6148
Car -1 -1 -1.6382 623.5844 179.2286 647.2595 199.5444 1.5437 1.6076 3.6649 2.1282 1.0899 56.4763 -1.6012 0.5386
Car -1 -1 -0.1230 542.1951 172.8885 589.6609 191.4917 1.5253 1.6108 3.7896 -3.5233 0.5157 60.0709 -0.1817 0.5355
