Car -1 -1 3.5528 30.8855 179.2761 362.3647 279.6917 1.4451 1.6428 4.3005 -6.4213 1.5570 11.5172 3.0536 0.9703
Car -1 -1 -0.2554 709.2232 176.3213 812.2363 218.6022 1.6183 1.7126 3.6974 5.9058 1.7613 28.7276 -0.0553 0.9666
Car -1 -1 -3.6737 888.9685 186.9152 1242.0000 316.7705 1.4519 1.6191 4.4558 6.0236 1.6478 9.1433 -3.1068 0.9659
Car -1 -1 -0.4088 807.8575 185.0166 987.3021 252.2859 1.4546 1.5269 3.5543 6.5393 1.7514 16.7429 -0.0432 0.9629
Car -1 -1 -0.3742 783.8873 176.0374 943.8497 238.3378 1.5595 1.5911 3.6490 6.5699 1.6478 19.0302 -0.0473 0.9394
Car -1 -1 0.3806 301.6103 176.7926 483.8698 241.0389 1.5544 1.6101 4.1960 -5.5650 1.6616 18.5725 0.0929 0.9128
Car -1 -1 -2.7350 170.3794 186.5078 429.0088 269.6351 1.4813 1.6107 4.3161 -5.9161 1.7616 13.9591 -3.1296 0.9006
Car -1 -1 0.1116 458.4441 177.2776 537.2453 208.3308 1.5389 1.6061 3.8260 -5.7233 1.7708 36.8875 -0.0417 0.8393
Car -1 -1 3.3184 348.4938 169.5644 483.5461 217.2380 1.4867 1.5740 4.0221 -6.2609 1.3844 23.4464 3.0599 0.8068
Car -1 -1 -1.6354 644.4387 178.2043 673.8284 202.7213 1.3777 1.5203 3.4015 2.8592 1.7095 42.9881 -1.5699 0.7848
Car -1 -1 0.4282 337.8322 182.0411 490.2688 236.7288 1.4783 1.5943 3.9782 -5.6996 1.7601 20.9897 0.1657 0.7146
Car -1 -1 0.5789 0.0000 194.1674 173.5346 375.0000 1.4407 1.6112 3.9514 -6.4895 1.6676 6.5132 -0.1843 0.6789
