Pedestrian -1 -1 2.3195 294.7786 167.2169 349.6322 231.8978 1.6765 0.5549 1.4200 -7.7902 1.5307 19.4614 1.9430 0.1897
Cyclist -1 -1 2.2853 293.9779 167.1573 350.6226 232.4716 1.6889 0.5583 1.5202 -7.7858 1.5420 19.4648 1.9091 0.4782
Car -1 -1 -1.8633 701.6963 178.0765 866.7480 285.1837 1.4964 1.5931 3.8659 2.6967 1.6000 12.2641 -1.6530 0.9718
Car -1 -1 -1.7706 665.2176 177.9240 761.5652 245.2939 1.4919 1.6140 4.0066 2.4501 1.6356 18.3398 -1.6408 0.9565
Car -1 -1 2.0358 0.0000 191.2255 416.0539 375.0000 1.5183 1.6636 4.1763 -2.7810 1.7013 5.0679 1.5545 0.9424
Car -1 -1 1.4254 662.2328 171.5765 693.2856 194.8812 1.6732 1.7267 4.0698 4.9903 1.5818 53.8782 1.5169 0.5738
Car -1 -1 -2.8850 417.3991 175.1519 487.1348 202.2290 1.4878 1.5277 3.5653 -8.8832 1.6202 40.6245 -3.0993 0.5133
Car -1 -1 -1.5224 562.2628 176.7238 585.4827 197.9181 1.5462 1.5956 3.8119 -2.7615 1.8531 55.2411 -1.5725 0.4422
Car -1 -1 -2.9560 474.7462 179.4865 541.4418 204.5773 1.4923 1.5996 3.8228 -6.2523 1.9077 44.2664 -3.0959 0.4299
Car -1 -1 -2.4948 414.9139 179.1698 498.8072 217.6416 1.5948 1.5439 3.3642 -6.7874 1.8857 31.7826 -2.7040 0.3768
Car -1 -1 -2.1002 813.8949 17.3201 1242.0000 375.0000 1.8521 1.7869 4.7718 2.8610 1.3561 4.6948 -1.5809 0.3194
