Pedestrian -1 -1 3.1358 122.4948 116.3474 197.0628 255.0196 1.8286 0.5978 0.8526 -6.2053 0.9843 9.7967 2.5882 0.4148
Pedestrian -1 -1 -3.4177 990.1226 115.5726 1065.2596 246.9900 1.7700 0.4309 0.8059 5.8125 0.8972 9.8249 -2.8954 0.3734
Pedestrian -1 -1 -1.4541 790.2213 162.1642 805.2925 195.8970 1.7780 0.6933 0.7623 10.2825 0.8130 37.7454 -1.1885 0.3652
Pedestrian -1 -1 -1.9182 274.8482 180.5312 321.2054 261.0998 1.5870 0.6292 0.8246 -6.3153 1.5892 14.4383 -2.3208 0.3246
Pedestrian -1 -1 -3.5485 983.7852 146.5330 1028.1274 216.3922 1.7772 0.6255 0.8170 10.3524 0.9147 18.3347 -3.0401 0.3059
Pedestrian -1 -1 -1.3368 118.1384 152.0656 137.9486 192.3656 1.9546 0.6839 0.5989 -23.4126 0.5769 34.6878 -1.9242 0.2458
Pedestrian -1 -1 -2.0157 1018.6853 145.3077 1044.4923 188.5216 2.0040 0.7532 0.8285 20.0278 0.3735 33.2323 -1.4758 0.1752
Pedestrian -1 -1 -3.1771 769.3470 158.9999 798.5233 191.1799 1.8255 0.5626 1.6020 10.2460 0.6072 40.5483 -2.9297 0.1543
Cyclist -1 -1 1.0576 876.1239 154.6535 907.8039 192.9426 1.7606 0.5317 1.8762 13.5499 0.5736 33.4719 1.4407 0.7036
Cyclist -1 -1 -3.3015 768.9746 158.0920 800.0709 190.4639 1.8406 0.5716 1.6581 10.2826 0.5679 40.5544 -3.0533 0.3409
Cyclist -1 -1 -3.5764 980.6462 146.8202 1031.2467 217.3463 1.7915 0.6787 0.9404 10.3462 0.9375 18.3282 -3.0681 0.1073
Car -1 -1 0.2713 653.1204 169.2341 765.8332 212.0721 1.4281 1.5664 3.6617 3.6683 1.0541 25.0231 0.4169 0.9455
Car -1 -1 -0.8908 0.0000 205.6504 292.2327 370.0000 1.4802 1.5930 3.8894 -3.1342 1.6701 3.3193 -1.5997 0.8156
