Pedestrian -1 -1 1.3999 731.5893 170.9677 797.0859 295.3897 1.8112 0.8112 0.9357 2.4148 1.6592 10.9360 1.6064 0.8076
Pedestrian -1 -1 1.8845 421.5968 177.6306 450.3452 237.5540 1.7059 0.5937 0.8195 -4.8319 1.5969 20.8802 1.6545 0.7285
Pedestrian -1 -1 -0.8261 255.9885 182.9073 309.1154 271.4431 1.6640 0.6892 0.6422 -6.2155 1.6934 13.9260 -1.2445 0.5161
Pedestrian -1 -1 1.3049 371.0326 175.3904 396.3813 228.4595 1.6850 0.6088 0.7488 -7.0870 1.4921 23.2847 1.0073 0.4955
Pedestrian -1 -1 1.3383 518.5197 175.3236 537.6057 217.5548 1.8454 0.6487 0.9029 -3.2781 1.5764 31.9199 1.2316 0.4471
Pedestrian -1 -1 3.0236 535.5941 175.5195 549.8394 205.7970 1.7950 0.5227 0.7899 -3.5076 1.4412 42.9203 2.9375 0.4471
Pedestrian -1 -1 0.3077 296.8469 156.0055 373.3807 270.3799 1.8819 0.7748 1.0370 -4.5545 1.4637 12.2280 -0.0474 0.4258
Pedestrian -1 -1 1.5048 570.3833 175.1076 579.3488 205.0466 1.7406 0.4613 0.9260 -1.5636 1.3698 42.2459 1.4630 0.3958
Pedestrian -1 -1 2.9758 502.5580 186.5335 521.4388 221.6212 1.7324 0.6988 0.8332 -4.4987 1.9891 36.0493 2.8472 0.3570
Pedestrian -1 -1 -2.7020 1113.0197 134.5439 1238.0000 374.0000 1.6497 0.6254 0.7682 3.4701 1.4141 4.1078 -2.0371 0.3531
Pedestrian -1 -1 1.9620 406.9274 178.5753 434.8044 231.6357 1.6542 0.5821 0.8530 -5.7649 1.5641 22.8553 1.7123 0.2886
Pedestrian -1 -1 -1.1159 18.8186 32.8280 199.3564 301.6650 1.7734 0.4996 1.5348 -3.7430 0.7941 5.5283 -1.6947 0.2818
Pedestrian -1 -1 0.5814 581.6652 175.4547 598.7425 205.7165 1.7646 0.5148 0.8656 -0.6602 1.4129 42.3321 0.5608 0.2159
Pedestrian -1 -1 -0.1066 475.2054 178.1710 514.1262 217.6532 1.8100 0.6879 1.7287 -4.9911 1.6584 33.4828 -0.2586 0.1737
Cyclist -1 -1 -0.2478 475.2138 177.8098 514.5937 217.3339 1.8083 0.6357 1.7118 -4.9767 1.6404 33.4882 -0.3994 0.6663
Cyclist -1 -1 -1.1018 12.7185 29.2642 202.4361 307.3214 1.8187 0.4981 1.6228 -3.7450 0.8244 5.5296 -1.6807 0.4414
Cyclist -1 -1 -0.4173 549.4754 177.1698 573.6356 201.4987 1.7998 0.5598 1.7290 -2.9650 1.4800 53.7833 -0.4772 0.2927
Cyclist -1 -1 -1.3284 464.5574 173.0614 478.8579 204.0299 1.7150 0.4200 1.6498 -7.3276 1.2485 40.6135 -1.5109 0.2489
Cyclist -1 -1 0.3077 296.8469 156.0055 373.3807 270.3799 1.8819 0.7748 1.0370 -4.5545 1.4637 12.2280 -0.0474 0.1666
Cyclist -1 -1 1.3504 568.9247 174.9545 580.5507 205.3523 1.7644 0.4775 0.9681 -1.5709 1.3853 42.2228 1.3083 0.1026
Car -1 -1 -1.6754 598.1982 128.8527 705.7910 236.8396 2.3249 2.0707 5.3145 1.0512 1.1927 18.1713 -1.6237 0.2754
Car -1 -1 -1.7011 425.6227 188.5324 470.0144 224.0161 1.4986 1.5325 3.4875 -7.1092 1.8410 32.9869 -1.9170 0.2236
