Pedestrian -1 -1 1.1294 561.3943 157.9386 576.7248 193.4229 2.0262 0.5536 0.8982 -2.4047 1.1748 41.7238 1.0718 0.4955
Cyclist -1 -1 1.7750 394.8108 176.1806 447.5201 280.8231 1.7975 0.5676 1.9217 -3.5308 1.8643 13.4269 1.5217 0.7591
Cyclist -1 -1 1.7154 334.4048 175.2955 390.0902 297.7937 1.7371 0.5487 1.8710 -3.8751 1.7788 11.2376 1.3897 0.6692
Car -1 -1 -1.9260 717.6284 179.1025 927.9319 314.0088 1.4395 1.5243 3.3360 2.5465 1.5380 9.5959 -1.6754 0.9757
Car -1 -1 -1.7078 575.9136 185.5175 629.8471 227.1851 1.4695 1.6139 3.8818 -0.3929 2.0099 28.7249 -1.7221 0.9453
Car -1 -1 -1.8213 636.8458 178.1321 747.4556 249.0697 1.4162 1.5779 3.9444 1.7206 1.5544 16.7781 -1.7218 0.9297
Car -1 -1 -1.3639 209.8385 198.7147 362.3669 305.6823 1.4191 1.6074 3.9451 -5.5209 1.9487 12.6726 -1.7678 0.7905
Car -1 -1 -1.6283 553.5941 181.4229 586.5273 212.5621 1.5524 1.5629 3.4227 -2.2177 2.0342 38.7436 -1.6856 0.7819
Car -1 -1 1.7537 301.6147 190.2941 403.3020 268.1161 1.6012 1.6563 3.8866 -6.2614 2.0815 17.8061 1.4196 0.7616
Car -1 -1 2.7990 668.4074 171.9478 766.9714 210.9736 1.4836 1.5587 3.5365 4.1892 1.4495 28.5397 2.9427 0.7440
Car -1 -1 -1.6693 537.0595 179.3641 562.7182 200.2865 1.4886 1.5824 3.5319 -4.5860 1.9967 54.3848 -1.7534 0.5398
Car -1 -1 1.5606 406.3566 186.8907 445.3458 223.2853 1.5136 1.6687 3.9627 -8.6767 2.2125 33.7759 1.3106 0.4945
