Car -1 -1 -1.9603 677.8184 199.0697 897.5862 334.5733 1.3854 1.5684 3.8230 2.1901 1.8293 10.1803 -1.7559 0.9708
Car -1 -1 -1.7033 565.4077 189.5329 628.1368 239.4662 1.5052 1.6600 3.9817 -0.5871 2.1376 25.2433 -1.7272 0.9685
Car -1 -1 1.9187 0.0000 213.1646 250.4243 370.9184 1.4752 1.5739 3.7193 -6.2749 2.1309 9.7423 1.3584 0.9161
Car -1 -1 1.7991 381.2816 189.9741 430.1182 223.1866 1.6299 1.7432 3.8023 -11.1115 2.6099 39.3456 1.5251 0.8865
Car -1 -1 -1.6469 554.7466 184.1277 600.7335 227.3592 1.6591 1.6474 4.0681 -1.4844 2.1757 30.9150 -1.6952 0.8443
Car -1 -1 -2.9061 766.5250 177.2857 891.0897 226.9985 1.6205 1.7336 3.9319 7.6878 1.7885 25.5607 -2.6178 0.8306
Car -1 -1 1.5951 1080.0360 172.7280 1191.0547 257.8093 1.4231 1.5585 3.9932 10.2352 1.4213 14.1321 2.2116 0.7801
Car -1 -1 2.1191 0.0000 229.5587 123.9232 375.0000 1.4851 1.6428 3.9755 -5.2305 2.0486 5.0400 1.3415 0.7341
Car -1 -1 -2.4384 996.9370 119.9375 1242.0000 375.0000 1.5272 1.5843 3.5842 3.4543 1.4356 3.0960 -1.6448 0.7166
Car -1 -1 -2.8424 701.4573 180.1203 797.9079 219.1121 1.5993 1.6300 3.8696 6.1084 1.9365 31.8229 -2.6551 0.6806
