Pedestrian -1 -1 1.9341 351.2243 132.3084 434.8784 289.9496 1.8531 0.6926 0.9828 -2.7330 1.3769 8.9954 1.6464 0.3050
Pedestrian -1 -1 1.4836 946.8789 138.8398 964.5167 185.2134 1.9543 0.6322 0.5253 14.6941 0.5212 30.7615 1.9255 0.1306
Pedestrian -1 -1 3.2317 293.7488 100.4669 400.9074 296.2849 1.7686 0.5700 0.9128 -2.5409 1.1151 6.9034 2.8905 0.1262
Pedestrian -1 -1 0.4705 192.4801 151.3924 213.2602 197.3424 1.9585 0.5763 0.5804 -17.5590 1.0441 31.0514 -0.0407 0.1161
Pedestrian -1 -1 3.5364 50.1399 151.1350 84.3812 208.4475 1.8159 0.5480 0.7247 -17.4993 1.1281 23.2119 2.8959 0.1071
Car -1 -1 -0.2799 887.2018 173.2351 1151.8041 274.0005 1.5724 1.6490 3.6423 6.7979 1.5799 12.4499 0.2092 0.9716
Car -1 -1 1.0416 0.0000 187.6048 90.4922 258.0052 1.4344 1.6477 4.1067 -14.4044 1.8076 16.7717 0.3397 0.8015
Car -1 -1 2.1600 163.8336 177.9873 219.5803 200.9867 1.6050 1.6670 3.9034 -30.8230 1.9984 53.2446 1.6372 0.1880
Car -1 -1 1.8174 0.0000 177.6651 44.7179 203.4336 1.6126 1.6207 4.1033 -39.3662 1.9488 48.1744 1.1348 0.1525
Car -1 -1 -2.2457 327.4769 178.6785 389.5041 203.8713 1.5360 1.5916 4.0610 -16.2779 1.9264 46.5557 -2.5806 0.1416
Car -1 -1 -2.1820 70.4352 176.0529 199.1224 222.6099 1.4191 1.5935 3.8803 -15.6233 1.5308 23.6520 -2.7607 0.1265
Car -1 -1 -1.0830 171.4533 169.0638 222.5664 197.4814 2.2922 1.8453 4.4411 -34.5420 1.9868 60.4448 -1.6005 0.1181
Car -1 -1 1.5585 160.6424 175.4635 191.7032 202.7489 1.6506 1.6411 3.7852 -27.7533 1.8250 46.0780 1.0187 0.1135
Car -1 -1 -0.8848 377.8463 168.2333 427.6729 192.1030 1.9192 1.7141 4.2217 -17.2845 1.5480 60.2877 -1.1631 0.1020
