Pedestrian -1 -1 1.7714 193.1757 165.1007 245.5524 256.8744 1.7461 0.7182 1.0151 -7.6788 1.4548 14.0365 1.2821 0.6258
Pedestrian -1 -1 0.1085 533.1064 108.5980 601.3571 260.2649 1.8734 0.6282 0.8114 -0.5191 0.9870 9.0650 0.0557 0.4487
Pedestrian -1 -1 2.2616 300.8293 165.1483 358.3787 265.7286 1.7845 0.6119 0.8086 -5.1054 1.5137 13.0205 1.8979 0.4265
Pedestrian -1 -1 1.8619 61.2681 166.1329 86.5390 208.6204 1.8767 0.6024 1.1471 -23.9482 1.2435 31.8672 1.2241 0.2794
Pedestrian -1 -1 2.5305 4.4983 173.7645 49.6924 225.3731 1.7767 0.7201 1.0027 -20.3870 1.5464 24.9185 1.8527 0.1789
Pedestrian -1 -1 1.6725 389.0268 183.9103 422.7009 271.6009 1.6642 0.5677 0.6555 -3.9253 1.7342 13.8124 1.4031 0.1686
Pedestrian -1 -1 2.6243 826.7617 169.8415 950.7044 282.2357 1.6904 0.6339 1.7162 4.3816 1.5318 11.0694 2.9931 0.1067
Cyclist -1 -1 2.5943 825.3573 171.3143 949.5418 284.3116 1.6933 0.6693 1.7125 4.3638 1.5573 11.0727 2.9616 0.7578
Cyclist -1 -1 3.6381 0.0000 180.5934 62.4737 231.8231 1.7826 0.7214 1.6442 -20.4202 1.7875 25.1004 2.9630 0.3047
Cyclist -1 -1 1.8542 60.7954 166.2182 85.7455 208.9917 1.8873 0.5999 1.1346 -23.9479 1.2586 31.8284 1.2158 0.1072
Cyclist -1 -1 1.7768 193.8662 164.1738 247.6746 258.1877 1.7879 0.7304 1.0637 -7.6587 1.4790 14.0536 1.2890 0.1005
Car -1 -1 -0.1482 585.3096 135.2121 695.2730 176.2386 1.7315 1.7149 4.6336 1.4860 -0.1928 31.1415 -0.0987 0.5264
Car -1 -1 1.9638 53.8931 184.1060 116.9972 212.3972 1.6034 1.6577 3.9898 -31.3221 1.8337 42.7434 1.3365 0.2482
Car -1 -1 1.5790 238.5946 171.6563 261.6591 194.8632 1.9023 1.7016 4.2190 -30.1767 1.1786 60.2213 1.1183 0.2389
