Pedestrian -1 -1 -1.9079 1174.7975 129.1614 1220.6797 202.6310 1.9111 0.7069 0.8401 15.6417 0.7749 19.2789 -1.2337 0.1655
Cyclist -1 -1 -1.1136 70.9475 194.6201 101.3158 234.6811 1.6410 0.4258 1.5354 -22.6842 2.6068 31.2075 -1.7383 0.3226
Cyclist -1 -1 1.3751 1207.0455 175.0067 1242.0000 227.5453 1.6239 0.5508 1.6123 19.7084 1.6960 23.2071 2.0724 0.1891
Cyclist -1 -1 -1.0569 1159.2865 187.4082 1210.4669 240.5402 1.7682 0.6711 1.6471 19.8574 2.2850 24.9764 -0.3917 0.1457
Car -1 -1 -1.6339 592.7449 177.0945 617.5546 197.3963 1.4913 1.6660 3.9901 -0.4347 1.8323 55.9047 -1.6421 0.7470
Car -1 -1 2.2831 0.0000 201.4724 86.5573 259.1557 1.4166 1.6831 3.8246 -17.9516 2.3490 21.5654 1.5948 0.7196
Car -1 -1 1.8225 381.6164 180.0981 420.9651 205.8314 1.6843 1.6701 4.1112 -14.5727 2.2123 50.4727 1.5424 0.5201
Car -1 -1 1.4296 926.2258 166.7425 971.4698 197.0235 1.5331 1.6300 3.9700 18.0552 1.2240 38.6635 1.8633 0.2232
Car -1 -1 1.8126 387.5020 171.1750 419.2867 191.8864 1.8463 1.7633 4.6306 -19.0568 1.6970 66.6637 1.5350 0.1863
Car -1 -1 1.8983 354.6215 166.1393 388.5747 193.7114 2.0606 1.5845 3.0334 -18.3110 1.5591 55.4455 1.5805 0.1726
