Car -1 -1 -1.9383 745.2251 169.8756 1012.3737 340.7383 1.6558 1.6568 3.9727 2.9509 1.6273 9.0236 -1.6331 0.9775
Car -1 -1 -2.8012 355.3807 175.4679 464.3653 222.0836 1.5704 1.5835 3.3487 -7.0166 1.6658 25.3172 -3.0693 0.9098
Car -1 -1 -2.2605 707.1655 175.4510 779.4922 208.1013 1.4456 1.4838 3.4721 6.2086 1.5756 34.1198 -2.0825 0.9078
Car -1 -1 -2.6511 121.2292 168.9408 369.3443 262.4979 1.5999 1.6088 3.7417 -6.6004 1.5333 13.2044 -3.1070 0.8903
Car -1 -1 -1.7074 625.3015 175.2983 657.5731 199.7931 1.5048 1.5938 3.6176 1.9594 1.6693 46.5738 -1.6661 0.8863
Car -1 -1 0.3524 237.1138 183.7918 453.6609 256.1640 1.4653 1.5657 4.1243 -5.6763 1.7151 15.6507 0.0093 0.8593
Car -1 -1 -1.1993 123.0682 168.7988 364.3216 323.8547 1.5056 1.4691 3.1004 -4.1548 1.4665 8.5992 -1.6380 0.7330
Car -1 -1 3.6387 8.9260 175.2807 330.5741 284.5623 1.4926 1.5556 3.8129 -6.4131 1.5318 10.7262 3.1104 0.6994
Car -1 -1 0.3568 262.4655 174.0919 432.4030 234.6506 1.4533 1.5124 3.7185 -6.5599 1.4861 18.1264 0.0138 0.5696
Car -1 -1 -0.6618 0.0000 123.4811 101.7294 375.0000 1.4944 1.5610 3.5392 -3.7305 1.4532 2.4033 -1.6095 0.4983
Car -1 -1 -2.8553 473.0118 179.1559 531.7535 202.9072 1.5666 1.6100 3.6562 -7.3456 2.0058 49.1959 -3.0031 0.4498
