Car -1 -1 -1.8711 761.6435 180.7242 904.0415 269.9421 1.4387 1.5481 3.5390 4.0181 1.6083 13.7337 -1.5931 0.9704
Car -1 -1 -1.9773 839.5068 191.9138 1173.1705 374.8651 1.4190 1.6055 4.0201 3.8982 1.6857 8.0494 -1.5418 0.9694
Car -1 -1 -1.7310 729.6221 181.5411 819.3536 246.8997 1.4876 1.6411 3.9672 4.1537 1.7409 18.9812 -1.5196 0.9520
Car -1 -1 1.8047 443.8628 186.4158 520.3902 236.2374 1.4331 1.6178 3.9147 -4.1711 1.9194 23.8471 1.6328 0.9229
Car -1 -1 -1.6839 712.5705 180.9103 775.7600 232.9044 1.5697 1.6521 3.7053 4.3851 1.8623 24.2698 -1.5081 0.8508
Car -1 -1 1.8132 488.9579 182.6821 544.4717 223.0273 1.5045 1.4659 3.4737 -3.8052 1.9326 29.5945 1.6858 0.8172
Car -1 -1 1.7249 508.5388 184.4311 554.1310 218.9839 1.4913 1.5602 4.1260 -3.7517 2.0811 34.6407 1.6172 0.6635
Car -1 -1 1.7365 557.8703 178.7335 588.9328 203.1015 1.6209 1.6101 3.6305 -2.5690 2.0507 50.8033 1.6857 0.5569
Car -1 -1 -1.7158 692.4852 179.1419 745.8045 218.9661 1.4903 1.5900 3.8991 4.3588 1.7653 29.5646 -1.5715 0.5427
Car -1 -1 -2.5273 1087.4640 183.2331 1242.0000 375.0000 1.5019 1.5490 3.5711 3.7071 1.5664 2.6291 -1.6255 0.5113
