Car -1 -1 -1.8284 757.9237 180.4921 904.8337 279.0969 1.5599 1.6405 3.9141 3.9482 1.7260 13.6871 -1.5543 0.9819
Car -1 -1 -2.0378 825.6727 189.2108 1118.9790 354.2960 1.4565 1.5450 3.5369 3.8794 1.6913 8.5292 -1.6251 0.9794
Car -1 -1 -1.7654 721.3051 179.3509 812.0701 242.8400 1.4857 1.6127 3.7777 3.9950 1.6757 19.1643 -1.5637 0.9551
Car -1 -1 1.8195 377.7354 183.8841 486.4373 254.0424 1.5398 1.7234 4.1503 -4.4746 1.8561 18.5776 1.5856 0.9547
Car -1 -1 -1.7498 696.0235 177.8000 769.8074 227.0864 1.4842 1.6777 4.2932 3.9897 1.6661 24.3210 -1.5898 0.9116
Car -1 -1 1.8245 446.1534 183.0541 522.6924 232.4618 1.4693 1.5896 3.9683 -4.1807 1.8427 24.3423 1.6556 0.8269
Car -1 -1 1.7558 478.8779 179.9498 539.0270 220.2514 1.4886 1.6571 4.4422 -4.1109 1.8033 29.7024 1.6189 0.7723
Car -1 -1 1.6754 543.2615 177.1405 573.7304 203.6257 1.5894 1.5659 3.5253 -3.2550 1.8716 45.6632 1.6042 0.7399
Car -1 -1 -2.4645 1124.1432 210.4087 1242.0000 375.0000 1.5688 1.5879 3.8699 4.0178 1.8132 2.7266 -1.5403 0.6383
Car -1 -1 -1.6542 691.1132 174.9961 735.5585 215.6357 1.5503 1.5044 3.2968 4.1150 1.6429 29.3856 -1.5171 0.6331
