Pedestrian -1 -1 -2.0768 634.1880 159.3807 708.4441 297.6790 1.7522 0.5878 0.9721 0.8779 1.4733 9.6623 -1.9944 0.8193
Pedestrian -1 -1 -1.4990 560.8264 163.8380 586.4808 229.9573 1.6867 0.6183 0.8038 -0.7500 1.2373 18.7321 -1.5437 0.7700
Pedestrian -1 -1 -2.9569 560.4554 157.0609 674.3994 326.1428 1.7093 0.6610 1.1236 0.1398 1.4636 7.6931 -2.9454 0.7416
Pedestrian -1 -1 -0.1183 1058.3962 114.0802 1201.7950 319.6806 1.7657 0.5926 0.9918 4.8035 1.1881 6.6592 0.4828 0.7039
Pedestrian -1 -1 -2.6837 455.0910 173.9100 500.1181 247.0249 1.5778 0.5571 0.8205 -2.7700 1.4153 15.8811 -2.8590 0.5463
Pedestrian -1 -1 -1.8124 628.9793 161.9467 652.4032 212.4911 1.7925 0.6941 0.6881 1.3878 1.1001 25.8767 -1.7644 0.5294
Pedestrian -1 -1 2.1996 1122.3823 128.9895 1238.0000 302.6113 1.7089 0.5985 1.0683 6.0922 1.1935 7.5041 2.8593 0.4772
Pedestrian -1 -1 -1.6004 621.6179 167.0988 649.3385 235.8578 1.6728 0.6607 0.6760 0.8040 1.3236 17.8146 -1.5612 0.4702
Pedestrian -1 -1 2.7263 590.8456 158.7131 628.3223 228.3445 1.7755 0.6034 0.8010 0.1772 1.1957 18.7510 2.7304 0.4645
Pedestrian -1 -1 -2.9808 1186.3230 143.4758 1238.0000 281.6740 1.7073 0.6698 0.5306 7.9300 1.2389 9.2921 -2.2935 0.4525
Pedestrian -1 -1 -1.5851 1124.1675 114.0934 1179.8203 243.7905 1.6542 0.5659 0.6145 7.2779 0.7958 9.5738 -0.9533 0.3889
Pedestrian -1 -1 2.6606 709.9482 166.8011 755.2668 239.3401 1.6816 0.5730 0.8939 3.0764 1.3420 17.0591 2.8310 0.3579
Pedestrian -1 -1 1.2678 664.6555 169.4498 692.3281 230.7903 1.7864 0.6185 0.7448 2.2554 1.4366 21.3442 1.3665 0.3088
Cyclist -1 -1 -1.6352 944.3018 144.4141 976.4763 222.9557 1.6587 0.4974 1.8831 8.0054 0.8767 16.1335 -1.1861 0.3545
Cyclist -1 -1 2.2036 1130.8757 125.9293 1238.0000 298.5524 1.7110 0.5594 1.0344 6.1697 1.1616 7.5266 2.8681 0.1808
Cyclist -1 -1 2.6606 709.9482 166.8011 755.2668 239.3401 1.6816 0.5730 0.8939 3.0764 1.3420 17.0591 2.8310 0.1239
Cyclist -1 -1 0.4044 453.1405 171.0663 499.0088 245.2997 1.6047 0.5473 0.8544 -2.8044 1.3804 15.8881 0.2271 0.1111
Car -1 -1 1.9253 182.9847 155.8092 480.4861 343.1303 1.6712 1.7761 4.4554 -2.8488 1.4434 8.6676 1.6107 0.9597
Car -1 -1 1.7420 380.3011 154.7069 469.8817 223.1168 1.7784 1.7955 4.4987 -5.0356 1.0831 20.9760 1.5041 0.6479
