Car -1 -1 -2.6164 28.6508 162.3878 352.1693 286.1015 1.7411 1.6538 3.9900 -6.2807 1.5941 11.0122 -3.1248 0.9782
Car -1 -1 -1.9250 759.1831 188.2297 1057.7263 372.3907 1.3916 1.5480 3.7125 2.7252 1.5947 7.6376 -1.5956 0.9773
Car -1 -1 -1.7212 671.7816 178.1827 761.6799 249.1534 1.5995 1.6708 3.9076 2.5706 1.7512 18.5206 -1.5864 0.9590
Car -1 -1 3.4120 276.5031 181.7710 450.5351 249.2799 1.6364 1.6528 3.9598 -6.3120 1.8789 18.6606 3.0896 0.9349
Car -1 -1 -1.7320 642.2626 178.8734 688.3455 216.5465 1.6304 1.5801 3.5367 2.4854 1.9267 33.6405 -1.6596 0.8949
Car -1 -1 0.3492 221.7350 186.9350 424.7580 257.7291 1.4572 1.5581 3.8840 -6.2922 1.7857 15.9937 -0.0205 0.8947
Car -1 -1 -1.7179 657.0189 179.8180 726.1808 228.4067 1.4765 1.7077 4.3270 2.6528 1.7370 24.7507 -1.6131 0.8840
Car -1 -1 0.9382 0.0000 208.7130 171.4765 375.0000 1.4776 1.7026 4.3855 -6.5112 1.8526 6.3443 0.1608 0.8207
Car -1 -1 -2.6515 133.4997 197.5765 394.3589 284.8602 1.4623 1.6084 4.1460 -6.4125 1.9574 13.5197 -3.0873 0.6934
Car -1 -1 1.5974 508.6030 177.5631 537.0687 206.0646 1.6253 1.6141 4.0730 -5.3001 1.9262 43.9410 1.4776 0.5886
Car -1 -1 3.2068 438.7937 175.0530 513.1497 207.6584 1.6347 1.6767 3.6838 -6.9236 1.7521 37.3618 3.0244 0.5352
