Pedestrian -1 -1 -1.2046 56.9824 176.6995 126.0837 293.7119 1.6804 0.6382 0.6707 -7.7885 1.7404 10.7890 -1.8184 0.1606
Pedestrian -1 -1 -2.1763 984.0338 143.3725 1041.7156 231.5779 1.8273 0.6273 0.9809 8.5689 1.2169 15.4667 -1.6787 0.1309
Pedestrian -1 -1 1.9939 301.1481 180.8488 322.8853 213.2488 1.7244 0.6561 1.2084 -16.2658 2.1673 39.3182 1.6037 0.1035
Cyclist -1 -1 -1.1546 127.3511 192.2935 165.0000 248.3561 1.6430 0.3750 1.5851 -14.5013 2.2719 22.5170 -1.7217 0.5203
Cyclist -1 -1 1.5645 907.7879 170.8351 925.0834 227.4106 1.6435 0.4574 1.6578 9.2076 1.5852 21.8113 1.9586 0.1782
Cyclist -1 -1 -2.2045 963.9894 127.5346 1015.3162 196.1320 1.8242 0.4744 1.4606 10.4232 0.6194 19.9435 -1.7289 0.1318
Car -1 -1 2.0784 81.9721 179.0413 143.6975 205.7520 1.6759 1.6645 3.9927 -33.2173 2.1081 48.2897 1.4783 0.2851
Car -1 -1 1.9103 272.2828 159.8912 329.7053 198.2032 1.8974 1.6317 3.6168 -16.0608 1.2558 37.5860 1.5088 0.1926
Car -1 -1 1.8190 351.1792 162.8983 403.9727 194.5407 1.4315 1.5653 3.5694 -11.0755 0.9814 34.4675 1.5102 0.1670
Car -1 -1 -0.4693 904.0527 150.6803 1051.0017 207.3278 1.6076 1.6002 3.5221 10.7185 0.9787 21.2889 -0.0086 0.1570
Car -1 -1 1.7839 55.0103 182.3625 106.5082 213.1191 1.6524 1.5931 4.1037 -30.9982 2.2394 42.3191 1.1546 0.1372
Car -1 -1 1.7675 399.6144 163.1071 447.2545 194.0019 1.4954 1.6562 3.7067 -9.4950 1.0240 36.8163 1.5166 0.1111
