Pedestrian -1 -1 -0.6025 1096.1794 166.1756 1156.7045 252.9954 1.6666 0.5552 0.7875 10.0508 1.5387 14.1274 0.0055 0.1829
Cyclist -1 -1 -1.7992 691.4536 164.0581 707.8580 198.9651 1.6758 0.4303 1.6630 4.3625 1.2539 35.4869 -1.6783 0.6389
Cyclist -1 -1 -1.6402 994.8284 154.7780 1022.7808 227.0495 1.7566 0.4780 1.8912 10.1568 1.3176 18.4950 -1.1451 0.4122
Cyclist -1 -1 2.0030 125.6356 187.9464 155.8781 226.1679 1.6296 0.5293 1.5474 -20.9650 2.3203 32.1984 1.4294 0.3607
Cyclist -1 -1 1.9052 328.5096 182.0378 342.1133 204.4794 1.6467 0.4451 1.6406 -20.7470 2.3506 54.4450 1.5424 0.1534
Car -1 -1 2.1856 45.6691 193.3502 172.1348 247.2960 1.5781 1.6374 3.7528 -16.8497 2.3262 24.4298 1.5866 0.9344
Car -1 -1 1.6382 452.9601 181.9229 472.7766 198.9162 1.4812 1.5534 3.7376 -13.6413 2.3475 66.9334 1.4376 0.3872
Car -1 -1 1.9551 198.7981 191.6657 264.6143 223.1823 1.4716 1.6732 4.0982 -20.0405 2.5268 38.3363 1.4760 0.3074
Car -1 -1 2.0258 132.6060 193.7595 214.1269 231.0180 1.4883 1.6285 3.9311 -19.9703 2.5072 33.1220 1.4865 0.1685
Car -1 -1 1.2096 1109.1299 176.4223 1242.0000 242.3634 1.5144 1.5677 3.8179 14.6147 1.6181 18.8433 1.8612 0.1562
Car -1 -1 1.6938 952.5788 174.0141 1030.7567 230.3125 1.4673 1.5886 3.5579 11.0098 1.5041 20.7964 2.1744 0.1439
