Pedestrian -1 -1 -2.3278 587.6759 156.6617 630.0895 225.0789 1.6599 0.6337 0.8722 -0.0796 1.2674 18.0373 -2.3329 0.6373
Cyclist -1 -1 -1.9958 1093.5533 36.1356 1242.0000 375.0000 1.7876 0.5245 1.7962 3.3553 1.1919 4.0774 -1.3419 0.3474
Car -1 -1 -1.6701 614.9220 165.2509 691.5411 229.1772 1.4459 1.5368 3.6699 0.9458 1.2743 18.1876 -1.6197 0.8191
Car -1 -1 2.3924 0.0000 189.9410 142.8701 375.0000 1.4741 1.5627 3.6769 -3.7020 1.5838 2.7277 1.5033 0.5941
Car -1 -1 1.7187 464.5916 162.9181 505.2161 195.4737 1.7304 1.6870 3.8275 -6.9648 1.2026 40.2798 1.5483 0.2812
Car -1 -1 1.8620 316.2757 137.9726 485.6504 257.6576 2.1453 2.0072 5.2709 -4.2627 1.5204 15.5932 1.5988 0.2280
Car -1 -1 -1.5442 452.3055 164.0119 488.2473 196.0617 1.5062 1.6534 3.7255 -6.9371 1.0910 35.8784 -1.7341 0.2153
Car -1 -1 2.0170 496.5414 171.8956 546.1372 197.0409 1.6391 1.7207 4.1951 -6.0283 1.5770 49.2936 1.8956 0.1981
Car -1 -1 1.6139 529.8653 165.5876 555.7930 190.8609 1.9284 1.8543 4.7504 -5.3317 1.3743 57.4707 1.5215 0.1913
Car -1 -1 -1.6038 612.4465 158.5312 647.2020 190.0171 1.4757 1.5852 3.6216 0.8976 0.8048 35.6330 -1.5791 0.1799
Car -1 -1 0.9436 1075.3307 0.0000 1242.0000 375.0000 1.8189 1.7262 4.5339 3.6985 1.3186 2.9107 1.7998 0.1682
