Car -1 -1 -1.8881 743.6000 187.7136 975.0900 330.7109 1.3715 1.5530 3.8108 2.8399 1.6020 9.2455 -1.6002 0.9756
Car -1 -1 0.5323 13.6930 163.8748 382.0833 289.1550 1.6612 1.6865 4.4225 -5.8461 1.5425 10.4823 0.0339 0.9716
Car -1 -1 -1.7342 692.9856 181.4666 784.7889 246.8309 1.4342 1.5972 4.2316 3.1225 1.6807 18.5030 -1.5705 0.9547
Car -1 -1 0.4318 317.5661 178.9283 477.7490 244.1698 1.5600 1.5333 3.6261 -5.4303 1.7245 18.4689 0.1491 0.9350
Car -1 -1 -1.6998 658.0720 174.6890 699.7009 207.3959 1.5780 1.6141 3.9722 3.4440 1.6778 37.0512 -1.6084 0.9019
Car -1 -1 0.3639 231.2050 180.8669 458.5741 253.7105 1.4697 1.6761 4.3112 -5.6701 1.6535 15.6325 0.0208 0.8897
Car -1 -1 1.6523 549.5688 178.0398 586.9968 211.0206 1.4149 1.4417 3.5700 -1.9203 1.6677 33.3199 1.5946 0.8635
Car -1 -1 0.4404 348.6547 177.0287 491.0367 226.8942 1.4477 1.5827 3.9552 -5.8771 1.5836 22.2777 0.1849 0.8061
Car -1 -1 3.2760 380.1450 176.2482 501.0589 226.2752 1.6302 1.6031 3.8342 -5.7434 1.7510 24.6184 3.0487 0.7525
Car -1 -1 3.5202 121.7988 170.3554 360.4802 257.0440 1.4594 1.5055 3.5346 -6.5704 1.4177 13.0370 3.0612 0.7355
Car -1 -1 0.0825 476.9464 175.8583 549.9312 205.5027 1.6133 1.7256 3.9238 -5.3961 1.7860 40.4188 -0.0498 0.6682
