Pedestrian -1 -1 1.1183 936.2097 158.5612 975.6130 222.0540 1.8362 0.6482 1.0636 10.1995 1.4232 21.4001 1.5573 0.7382
Pedestrian -1 -1 -0.6703 552.1144 180.1576 574.4645 218.3776 1.6839 0.6482 0.7671 -2.1422 2.0180 32.4739 -0.7363 0.2596
Pedestrian -1 -1 2.1268 656.5306 169.5207 678.6893 208.7087 1.6961 0.6062 0.8689 2.4979 1.5522 31.7555 2.2040 0.2572
Pedestrian -1 -1 -1.0843 0.0000 160.6678 35.3301 223.3976 1.7673 0.6569 0.6519 -17.1068 1.4243 20.7090 -1.7685 0.2199
Cyclist -1 -1 1.1354 936.1057 158.4485 975.3832 222.0129 1.8385 0.6529 1.0733 10.1964 1.4222 21.4045 1.5742 0.1147
Cyclist -1 -1 1.8587 660.5096 168.6290 681.3408 209.1118 1.7491 0.6112 1.1708 2.6536 1.5669 31.8285 1.9406 0.1039
Car -1 -1 1.8347 397.6422 183.6323 550.6638 291.5576 1.4575 1.5656 3.6517 -2.1287 1.6655 12.0085 1.6620 0.9576
Car -1 -1 0.2020 883.4648 171.8479 935.7612 190.5759 1.5852 1.6333 3.9620 26.0646 1.5004 62.8561 0.5931 0.2031
Car -1 -1 -1.0684 0.0000 149.2349 69.0905 194.6970 1.8747 1.7607 3.5502 -25.7519 0.9011 31.6537 -1.7473 0.1829
Car -1 -1 0.6175 954.4661 168.7661 1007.2750 188.5981 1.5713 1.5886 3.5876 30.3213 1.2477 59.1212 1.0891 0.1748
Car -1 -1 1.9343 138.8169 161.5495 250.9949 224.2132 1.6201 1.5905 3.5339 -11.7072 1.3282 20.5172 1.4211 0.1528
Car -1 -1 1.7759 304.2645 177.3196 339.0564 200.7644 1.6460 1.6318 3.8996 -21.3591 1.9903 53.5024 1.3975 0.1201
