Car -1 -1 -2.5023 887.2502 180.6757 1138.4651 280.9210 1.4183 1.5099 3.5588 6.6718 1.5744 12.4377 -2.0206 0.9644
Car -1 -1 -1.8159 654.5422 181.3108 722.5786 229.8889 1.5058 1.5535 3.2396 2.5717 1.8155 24.6742 -1.7141 0.9441
Car -1 -1 -2.7944 304.1591 190.6857 457.2255 245.7523 1.4683 1.5961 3.8714 -6.5477 2.0018 20.6894 -3.0978 0.9332
Car -1 -1 -2.5103 0.0000 154.4193 314.3617 334.1819 1.8893 1.7043 4.0605 -5.9200 1.6959 8.5086 -3.1039 0.8996
Car -1 -1 -2.8059 375.7089 189.1083 487.9214 230.9510 1.5012 1.6173 3.8563 -6.8211 2.1465 27.6399 -3.0462 0.8755
Car -1 -1 -2.2828 0.0000 216.1409 140.1111 375.0000 1.4324 1.5881 4.0061 -6.5450 1.8571 6.1502 -3.0776 0.8479
Car -1 -1 -1.6844 634.1414 181.6954 675.7965 214.2108 1.4117 1.5414 3.7903 2.0462 1.8562 34.3101 -1.6260 0.8443
Car -1 -1 3.5900 101.2220 194.8010 361.2355 286.1214 1.5335 1.6859 3.9472 -6.9402 1.9691 13.4233 3.1203 0.8428
Car -1 -1 3.4459 171.1214 194.0445 392.2211 277.0842 1.6287 1.6919 4.0737 -7.0597 2.1234 15.7605 3.0304 0.6119
Car -1 -1 -2.9742 448.5090 187.1331 527.2040 216.3185 1.4790 1.6220 3.8892 -6.4542 2.2509 38.1691 -3.1411 0.5547
