Pedestrian -1 -1 1.3219 648.3596 164.3598 670.0086 209.6923 1.7355 0.6632 0.7973 2.0789 1.1191 27.5126 1.3982 0.5030
Pedestrian -1 -1 -2.8894 1077.2134 98.3717 1224.0000 370.0000 1.6705 0.6405 0.6463 2.8057 1.3112 3.5566 -2.2613 0.3940
Pedestrian -1 -1 1.3922 912.5792 126.9010 965.7014 243.5377 1.8187 0.6445 0.7665 5.3609 0.9846 11.4712 1.8209 0.3549
Pedestrian -1 -1 -0.1766 587.0561 169.1076 602.9175 200.6939 1.7668 0.6093 0.8010 -0.5765 1.1309 39.9178 -0.1892 0.2956
Pedestrian -1 -1 1.3817 823.8486 134.5457 856.4789 208.2789 1.8328 0.6302 0.8851 5.9568 0.6921 18.0494 1.6972 0.2646
Pedestrian -1 -1 2.1612 321.3907 149.5132 373.9159 232.1514 1.8392 0.6628 1.0542 -5.9665 1.1512 16.3236 1.8190 0.1838
Pedestrian -1 -1 1.5878 1010.6487 109.3454 1072.4685 269.3404 1.8145 0.6080 0.8114 5.2048 1.0092 8.5183 2.1219 0.1808
Pedestrian -1 -1 3.2400 339.3437 136.2526 438.6590 327.5872 1.7501 0.4792 0.8649 -2.1017 1.3471 6.7782 2.9545 0.1569
Pedestrian -1 -1 0.3456 225.5283 143.7351 301.4894 273.3555 1.7393 0.6154 0.7861 -4.7771 1.2477 9.8252 -0.0922 0.1534
Pedestrian -1 -1 1.2828 264.7188 139.3619 325.6043 260.9101 1.8108 0.6484 0.9107 -4.9124 1.1996 11.0858 0.8784 0.1455
Pedestrian -1 -1 -1.1467 60.0021 229.4400 238.8672 370.0000 1.5930 0.4849 0.7816 -2.3708 1.8778 3.6696 -1.6815 0.1440
Cyclist -1 -1 -1.8853 940.4841 119.7444 1019.2858 253.9309 1.7731 0.5350 1.5017 5.2780 0.9720 10.1211 -1.4153 0.1511
Cyclist -1 -1 2.8812 649.2606 162.0947 677.0435 208.4455 1.7810 0.6169 0.9518 2.2374 1.0753 27.5507 2.9631 0.1391
Car -1 -1 -1.6061 689.9897 162.6319 722.2515 198.8183 2.0153 1.7190 4.3559 5.8964 1.0216 41.6280 -1.4648 0.4672
Car -1 -1 -1.0828 1074.7080 43.3639 1224.0000 370.0000 1.5109 1.5320 3.8001 4.9794 0.9236 4.2485 -0.2527 0.2101
Car -1 -1 -1.5111 601.0869 169.2131 626.6782 192.3890 1.6851 1.6983 3.9220 0.7144 0.8657 53.4227 -1.4961 0.1560
