Car -1 -1 -1.9008 750.5476 185.9531 969.4772 328.1721 1.4161 1.5132 3.4145 2.8920 1.6156 9.2349 -1.6076 0.9701
Car -1 -1 3.4867 125.2659 169.9146 383.3348 262.2632 1.6419 1.7581 4.1054 -6.7134 1.5900 13.9013 3.0438 0.9588
Car -1 -1 0.5568 0.0000 170.4279 306.5412 308.6498 1.5770 1.5733 3.6578 -6.0191 1.5497 9.0470 -0.0170 0.9420
Car -1 -1 2.8526 710.8915 167.9100 842.5513 215.3134 1.7134 1.7467 4.5046 6.1544 1.5350 27.1027 3.0730 0.9175
Car -1 -1 -0.1727 782.9431 175.1645 938.0933 235.0311 1.4892 1.5848 3.6453 6.4641 1.5540 19.0802 0.1486 0.9168
Car -1 -1 -2.8334 314.1217 160.7103 461.2215 215.5226 1.6842 1.6667 4.1783 -7.0607 1.3114 23.0297 -3.1280 0.9071
Car -1 -1 3.3221 409.3346 172.2494 507.2996 209.1820 1.6244 1.7191 4.0947 -6.8407 1.5981 32.6418 3.1167 0.8973
Car -1 -1 -3.3879 787.0928 183.6169 976.3396 252.5910 1.4707 1.6207 3.8045 6.1040 1.7347 16.6838 -3.0437 0.8944
Car -1 -1 0.6389 0.0000 199.7506 237.6967 375.0000 1.4325 1.6293 4.3353 -6.0819 1.7171 6.6299 -0.0835 0.8694
Car -1 -1 3.0668 446.1183 164.6673 529.8815 197.8376 1.6748 1.7088 4.2058 -6.4412 1.2618 37.7636 2.8987 0.5988
