Pedestrian -1 -1 -2.1972 1026.3452 136.4938 1057.1283 189.1717 1.9212 0.6771 0.7297 15.9315 0.5955 26.7072 -1.6642 0.2308
Pedestrian -1 -1 3.3861 0.0000 112.7834 91.2345 375.0000 1.7309 0.5028 0.7158 -3.9170 1.3727 4.6803 2.7167 0.2245
Pedestrian -1 -1 -1.0855 1183.8768 154.1279 1242.0000 311.4625 1.7664 0.5871 0.6723 7.2423 1.5565 8.4985 -0.3974 0.1839
Pedestrian -1 -1 1.4559 174.5231 162.1734 224.1502 264.4050 1.7417 0.7177 0.4001 -7.2587 1.5601 12.6622 0.9440 0.1751
Pedestrian -1 -1 -1.1127 1077.3518 155.1369 1106.2109 209.8951 1.8617 0.6326 0.5980 16.6162 1.2597 24.9529 -0.5310 0.1432
Cyclist -1 -1 1.2742 1150.4584 43.7379 1242.0000 256.8843 1.7395 0.5785 1.6817 5.6450 0.6861 6.7739 1.9484 0.5362
Car -1 -1 1.2488 716.8581 177.1862 955.1439 330.1888 1.4539 1.5573 3.7295 2.4267 1.5190 8.8731 1.5062 0.9706
Car -1 -1 -2.1552 818.6846 194.0041 1242.0000 375.0000 1.4717 1.5804 3.7110 2.5000 1.6435 3.9488 -1.6252 0.8209
Car -1 -1 2.3176 532.9062 172.1801 704.3241 245.6426 1.5839 1.6607 4.3959 0.2834 1.5697 17.7178 2.3324 0.7763
Car -1 -1 -2.7609 337.0172 170.3891 404.3434 197.7303 1.6098 1.5818 3.5058 -14.3900 1.4650 43.3775 -3.0796 0.2176
Car -1 -1 1.6918 285.2467 173.1052 324.4377 201.5804 1.6104 1.6931 3.8076 -18.1239 1.6265 42.9037 1.2941 0.1377
