Cyclist -1 -1 0.2372 224.0139 154.0084 266.9320 194.5596 1.8090 0.6096 1.6382 -16.4246 0.4180 32.5467 -0.2269 0.4223
Car -1 -1 -1.3264 340.7672 187.7849 455.4713 260.2943 1.3847 1.5435 3.6290 -4.4781 1.4485 15.6910 -1.6002 0.9572
Car -1 -1 -0.9918 0.0000 193.3039 296.3080 376.0000 1.4852 1.6088 4.1865 -4.6008 1.5841 6.5903 -1.5825 0.9321
Car -1 -1 -1.3777 407.0169 180.9989 479.0359 231.4754 1.5271 1.5944 3.8399 -5.3727 1.4007 23.6859 -1.5987 0.9123
Car -1 -1 -1.2270 285.9392 182.2405 379.1703 230.5661 1.4640 1.6197 3.9643 -9.0125 1.3750 23.7678 -1.5860 0.9021
Car -1 -1 -1.5764 573.3785 175.4632 610.1741 209.5773 1.5377 1.6595 3.4780 -0.8059 1.0992 34.1620 -1.6002 0.8655
Car -1 -1 -1.0353 50.4761 185.6178 264.2342 271.4043 1.4203 1.5567 4.1848 -8.5189 1.4304 14.0115 -1.5733 0.8194
Car -1 -1 2.2772 0.0000 181.2830 109.0218 261.1035 1.3695 1.5666 3.8148 -12.0591 1.3032 14.2476 1.5840 0.5621
Car -1 -1 -1.2611 392.5227 173.3687 448.6107 205.2263 1.4180 1.5392 3.5512 -8.7708 0.8918 33.8087 -1.5133 0.4565
Car -1 -1 -1.2832 311.9145 180.3469 369.2198 213.5262 1.4500 1.5542 3.4668 -12.3013 1.2384 33.1919 -1.6358 0.4457
