Pedestrian -1 -1 -2.4542 965.6846 154.8036 984.2214 184.3889 1.9257 0.6861 0.8450 23.9866 0.7512 47.4878 -1.9891 0.2452
Pedestrian -1 -1 -1.1247 0.0000 145.6356 20.1007 198.7581 1.9517 0.7265 0.5764 -22.5997 0.9521 26.8747 -1.8191 0.2189
Pedestrian -1 -1 -1.6906 211.5004 166.3488 248.5677 246.1306 1.7325 0.6516 0.7548 -8.5651 1.5916 16.1609 -2.1715 0.1864
Pedestrian -1 -1 -1.5383 828.0862 179.7704 844.6117 226.2581 1.6866 0.5529 1.6046 8.5222 1.9566 27.2768 -1.2393 0.1518
Pedestrian -1 -1 -0.9262 0.0000 159.2123 48.0086 249.9225 1.8120 0.6201 1.0100 -12.3716 1.5398 14.9270 -1.6096 0.1462
Pedestrian -1 -1 -1.2878 441.3992 164.1077 458.0084 198.1812 1.8496 0.6518 0.9515 -8.8417 1.3752 39.6595 -1.5061 0.1459
Pedestrian -1 -1 -0.1327 359.9118 153.3486 396.2730 216.3100 1.8735 0.5939 0.9836 -7.1026 1.2935 21.9466 -0.4425 0.1183
Pedestrian -1 -1 1.1993 370.8545 130.2280 407.2201 206.1612 1.8889 0.6763 0.7130 -5.6968 0.8289 18.4352 0.9033 0.1074
Cyclist -1 -1 -1.5383 828.0862 179.7704 844.6117 226.2581 1.6866 0.5529 1.6046 8.5222 1.9566 27.2768 -1.2393 0.2692
Car -1 -1 -0.1076 614.7322 184.3815 695.1172 212.8547 1.4456 1.7295 4.1001 2.3104 2.0744 38.3724 -0.0486 0.9683
Car -1 -1 1.5242 599.3404 181.6360 618.7050 198.8091 1.4799 1.5893 3.9304 -0.1349 2.3107 66.2258 1.5217 0.2098
Car -1 -1 -2.9884 912.1703 159.3457 982.9828 183.6764 1.5945 1.6207 4.1702 22.9254 0.7096 49.1124 -2.5541 0.1255
Car -1 -1 1.4595 711.2197 178.3304 742.3024 203.4805 1.5471 1.5913 3.6716 7.5458 1.9190 47.0688 1.6170 0.1093
Car -1 -1 -3.3889 1034.8715 154.4239 1120.6301 182.0616 1.9054 1.7722 4.8308 33.1666 0.6352 51.3503 -2.8181 0.1034
