Car -1 -1 -1.9870 681.5477 199.7543 988.9513 375.0000 1.5057 1.6226 4.2491 2.1390 1.9009 8.3549 -1.7466 0.9799
Car -1 -1 1.8848 0.0000 218.5853 285.7054 375.0000 1.4795 1.6701 4.1020 -4.7485 2.0946 7.5076 1.3361 0.9406
Car -1 -1 -1.4819 340.1042 193.9104 404.9429 252.7835 1.7286 1.7517 4.3484 -8.2198 2.5306 25.1527 -1.7953 0.9378
Car -1 -1 -1.8344 617.6600 198.2971 759.0986 309.1247 1.5310 1.5287 3.6462 1.1735 2.0500 12.7786 -1.7465 0.9300
Car -1 -1 1.7667 224.0184 210.1133 350.0253 311.7322 1.5179 1.5457 3.5038 -6.1671 2.3396 14.0259 1.3586 0.9188
Car -1 -1 -1.7702 558.1816 188.1901 652.8381 263.2350 1.5796 1.6390 3.5834 -0.2637 2.0014 17.8972 -1.7858 0.9038
Car -1 -1 -1.5988 525.3564 194.5238 567.8036 238.2084 1.5765 1.6458 4.1160 -2.7622 2.5513 30.3013 -1.6897 0.8695
Car -1 -1 -2.3083 871.0423 194.9603 1242.0000 375.0000 1.5219 1.5994 3.7859 2.7828 1.6853 3.3628 -1.6603 0.8345
Car -1 -1 1.5635 399.8030 196.3615 427.7085 224.4109 1.5910 1.6608 3.6778 -12.6252 3.1636 46.2617 1.2980 0.4958
Car -1 -1 -0.7069 0.0000 206.9183 98.3738 375.0000 1.4910 1.6149 3.6884 -3.5990 1.6862 2.2079 -1.6731 0.4590
