Pedestrian -1 -1 1.1798 573.9434 157.5076 586.6017 187.3432 1.9561 0.5451 0.8748 -2.0032 0.9503 47.8140 1.1379 0.4510
Pedestrian -1 -1 -1.4574 461.2832 173.3301 473.8452 205.9483 1.7710 0.5955 0.7509 -7.8468 1.7978 39.5837 -1.6523 0.3102
Pedestrian -1 -1 0.5360 113.7365 171.9917 139.8770 212.6441 1.8122 0.5728 0.7967 -21.7793 1.7741 32.4682 -0.0512 0.2384
Pedestrian -1 -1 2.8664 762.7832 155.7949 783.4402 193.7561 1.8820 0.5346 0.8943 8.1114 1.0366 36.0613 3.0856 0.2106
Car -1 -1 -1.4978 499.3878 176.9797 539.8812 211.6948 1.5506 1.6618 3.6251 -4.3102 1.7589 34.5184 -1.6216 0.9368
Car -1 -1 -1.5272 553.0653 179.1224 606.7449 223.9833 1.3643 1.6470 3.5920 -0.9895 1.5909 24.2408 -1.5682 0.9075
Car -1 -1 1.9200 224.5777 181.1994 294.6636 218.4303 1.5116 1.6061 3.7611 -15.5430 1.9060 32.1173 1.4722 0.8441
Car -1 -1 2.2111 0.0000 183.0670 73.3624 263.9940 1.4710 1.5626 3.7253 -13.6541 1.7180 15.5102 1.4978 0.8194
Car -1 -1 2.2963 839.5211 179.4467 885.4455 198.9804 1.5335 1.5966 3.5721 20.7228 2.0897 59.2695 2.6307 0.2919
Car -1 -1 1.4590 599.1965 177.9409 624.7786 198.2645 1.5158 1.5734 4.0073 0.0980 1.9322 56.9294 1.4603 0.2422
Car -1 -1 1.6522 724.3505 176.5931 749.0714 197.5358 1.5379 1.5788 3.8943 9.8047 1.8383 55.8111 1.8248 0.2096
Car -1 -1 -1.9781 601.1040 176.1652 645.2307 202.0585 1.6204 1.5872 3.6580 0.7965 1.8486 47.6536 -1.9620 0.2028
