Car -1 -1 -1.8486 728.0848 192.7166 941.6500 345.7973 1.5223 1.6018 3.7547 2.6485 1.8378 9.5539 -1.5876 0.9634
Car -1 -1 1.8623 243.2313 210.3553 445.4951 353.1115 1.4747 1.6135 3.9624 -3.6440 2.1261 10.5149 1.5353 0.9595
Car -1 -1 -1.7596 683.5131 196.2101 802.0637 284.4520 1.4750 1.6376 4.2403 2.5991 2.0410 15.3314 -1.5961 0.9583
Car -1 -1 1.7726 377.2145 204.3382 490.7820 290.0956 1.4953 1.6489 4.1554 -3.8419 2.2952 16.2205 1.5427 0.9397
Car -1 -1 -2.1560 852.3489 205.3339 1242.0000 375.0000 1.4947 1.4952 3.3572 2.9683 1.7904 4.8366 -1.6339 0.8742
Car -1 -1 -3.3337 830.8613 175.2312 924.7424 210.3494 1.6163 1.6899 3.9525 12.6943 1.7341 34.5043 -2.9844 0.8560
Car -1 -1 -1.6909 670.8422 189.7074 745.7723 247.9518 1.4731 1.6803 4.3305 2.7937 2.0303 21.6709 -1.5654 0.8370
Car -1 -1 1.7059 467.2222 200.4524 524.9293 248.9574 1.5031 1.5867 3.8253 -4.1477 2.5901 26.4785 1.5512 0.8171
Car -1 -1 -1.7009 657.9805 190.4556 712.1893 235.4207 1.4925 1.5582 3.5778 2.7192 2.2002 27.1794 -1.6032 0.8044
Car -1 -1 1.7122 435.7007 200.3425 503.7484 259.4486 1.4882 1.5177 3.4502 -4.1558 2.3771 21.5601 1.5232 0.7352
Car -1 -1 -1.6824 630.2620 196.8387 662.2028 221.8850 1.4915 1.7079 4.1756 2.3959 3.1984 49.1970 -1.6348 0.6740
