Pedestrian -1 -1 -0.0800 207.5969 176.1166 239.9072 243.4402 1.7366 0.6266 0.7079 -10.1170 1.6251 18.6874 -0.5675 0.7509
Pedestrian -1 -1 0.3901 164.6908 172.3611 217.6418 243.5866 1.6744 0.5946 0.9411 -9.9624 1.4847 16.9733 -0.1307 0.6866
Pedestrian -1 -1 0.4110 569.5186 157.8354 616.0848 229.2086 1.7932 0.6518 1.0280 -0.3484 1.2254 18.2577 0.3941 0.6444
Pedestrian -1 -1 1.4010 394.2693 154.8382 434.7232 242.6220 1.8938 0.7307 0.9269 -4.3120 1.3418 15.8220 1.1418 0.5280
Pedestrian -1 -1 -3.5708 1048.7139 130.1500 1133.7750 198.7535 1.8305 0.6317 1.8184 13.2285 0.4886 19.3224 -2.9763 0.1699
Pedestrian -1 -1 -0.4992 820.6347 151.9993 870.1483 195.7409 1.8088 0.7052 1.8620 10.0851 0.6317 29.7412 -0.1737 0.1311
Cyclist -1 -1 -0.5080 820.6596 152.3535 869.5571 195.3662 1.7787 0.6959 1.8424 10.0742 0.6162 29.7427 -0.1829 0.8348
Cyclist -1 -1 -3.5957 1048.1228 132.4572 1133.5531 199.1538 1.7810 0.6278 1.8355 13.2132 0.4997 19.3145 -3.0015 0.7861
Cyclist -1 -1 -1.4289 877.3160 150.8183 898.7911 198.2677 1.6993 0.4896 1.8522 10.4916 0.6379 26.2424 -1.0509 0.5817
Cyclist -1 -1 -3.7930 1148.4196 128.1958 1224.0000 220.0470 1.7549 0.5398 1.8124 11.7076 0.7572 13.8116 -3.0994 0.5440
Cyclist -1 -1 -0.2933 275.2201 162.7125 368.3538 240.9068 1.7096 0.6145 1.8960 -6.5402 1.3223 16.2814 -0.6666 0.5260
Cyclist -1 -1 3.5092 163.6692 172.1044 218.4881 245.2424 1.7180 0.6210 0.9779 -9.9701 1.5224 16.9855 2.9883 0.2547
Cyclist -1 -1 0.4010 567.2594 159.7816 614.9049 231.1889 1.7942 0.6656 1.0551 -0.3926 1.2752 18.2660 0.3817 0.2216
Cyclist -1 -1 1.4597 394.0278 156.8397 433.5092 245.0227 1.9002 0.7484 1.0212 -4.3356 1.3920 15.8425 1.1994 0.1210
Car -1 -1 -1.2715 299.5441 183.0824 475.2888 292.5756 1.4322 1.5716 3.7026 -3.2670 1.4816 11.2018 -1.5459 0.9637
Car -1 -1 -3.6965 1042.3462 150.4778 1186.5481 190.7393 1.4749 1.6530 4.2085 19.2292 0.3766 26.8536 -3.0789 0.9028
Car -1 -1 1.5260 469.0718 168.8549 493.8547 191.0091 1.5524 1.6163 3.8138 -9.0353 0.7377 51.5753 1.3554 0.6592
