Pedestrian -1 -1 -1.6784 751.1367 155.0807 772.5012 203.6577 1.8055 0.7061 0.7800 5.6820 1.1453 27.2368 -1.4753 0.4811
Car -1 -1 -1.8315 713.0787 173.8647 848.4902 261.6511 1.4511 1.5635 3.6973 3.0583 1.4735 13.8520 -1.6196 0.9736
Car -1 -1 1.8700 350.4538 183.5415 448.4968 244.6772 1.4814 1.5632 3.7338 -5.7650 1.8063 20.0233 1.5926 0.9472
Car -1 -1 -2.1491 852.2250 174.0242 1242.0000 375.0000 1.4951 1.6424 4.0145 3.2869 1.5073 5.2672 -1.6169 0.8610
Car -1 -1 0.5263 41.6321 179.7597 199.2712 230.4520 1.4410 1.5643 3.6226 -14.6371 1.6571 21.6459 -0.0627 0.8464
Car -1 -1 1.8131 414.1753 184.3399 481.8384 229.8298 1.4255 1.5063 3.5176 -5.6393 1.8566 25.2812 1.5953 0.8296
Car -1 -1 -1.8301 688.5439 176.2445 777.3409 238.4446 1.4993 1.5045 3.3468 3.1465 1.5986 19.3196 -1.6719 0.7981
Car -1 -1 2.3813 0.0000 204.0220 159.6446 375.0000 1.5201 1.5772 3.9110 -5.5462 1.8430 5.4776 1.6139 0.7487
Car -1 -1 -1.7339 683.3937 174.3393 749.6153 224.4529 1.5691 1.6008 3.8865 3.5085 1.6243 24.6676 -1.5949 0.5798
Car -1 -1 2.0947 151.1065 179.0755 257.1513 219.6986 1.4070 1.5662 4.3896 -15.5633 1.6668 27.8736 1.5893 0.5317
Car -1 -1 0.9461 148.2230 173.0126 224.6341 203.3158 1.4967 1.5409 3.6634 -21.8175 1.5055 37.0957 0.4174 0.4001
