Pedestrian -1 -1 -1.5819 689.7252 174.6344 713.2767 232.2165 1.7644 0.7112 1.0198 3.1067 1.5552 22.5569 -1.4519 0.6615
Pedestrian -1 -1 -1.7456 520.2733 171.1402 545.7517 232.9885 1.8200 0.6033 0.9512 -2.0997 1.5162 21.6751 -1.8464 0.5001
Pedestrian -1 -1 -1.7759 661.4610 177.0003 688.2396 230.8077 1.6463 0.6700 0.8315 2.2581 1.5097 22.4255 -1.6821 0.4535
Pedestrian -1 -1 2.7031 747.4582 162.9856 824.0145 293.7408 1.7847 0.5953 0.8786 2.5575 1.5334 10.1829 2.9374 0.3621
Pedestrian -1 -1 1.6152 1068.3945 84.3989 1238.0000 374.0000 1.7940 0.6677 0.8413 2.5099 1.4253 3.2720 2.2260 0.3398
Pedestrian -1 -1 -3.6478 1098.9016 98.7699 1235.5220 290.4644 1.7652 0.5828 0.8624 5.3993 1.0048 6.9572 -3.0111 0.3161
Pedestrian -1 -1 -0.1222 505.7171 187.1845 528.3960 233.3311 1.6768 0.6033 0.7624 -3.1466 1.8913 26.5791 -0.2443 0.3065
Pedestrian -1 -1 0.5796 592.1390 172.2170 609.0721 206.1267 1.8034 0.5891 0.7039 -0.0475 1.3105 38.6383 0.5733 0.3064
Pedestrian -1 -1 1.2765 714.9068 173.2536 764.8905 272.3079 1.7789 0.6623 0.9366 2.5287 1.6321 13.4019 1.4538 0.2956
Pedestrian -1 -1 1.7328 1020.7742 184.0319 1087.1514 317.7816 1.6421 0.6543 0.5408 5.7826 1.6776 9.2504 2.2732 0.2513
Pedestrian -1 -1 -1.2677 401.1678 158.7444 448.4019 242.6594 1.7908 0.5421 1.7558 -3.9971 1.3064 16.2195 -1.5109 0.1290
Pedestrian -1 -1 1.2479 603.3835 175.2356 619.8266 203.4715 1.7870 0.5966 1.5293 0.6556 1.3912 46.2786 1.2569 0.1206
Cyclist -1 -1 1.3575 986.2496 161.8844 1051.4150 268.1942 1.6574 0.5426 1.8314 6.9767 1.3529 12.1512 1.8641 0.4752
Cyclist -1 -1 1.2479 603.3835 175.2356 619.8266 203.4715 1.7870 0.5966 1.5293 0.6556 1.3912 46.2786 1.2569 0.3158
Cyclist -1 -1 -1.2677 401.1678 158.7444 448.4019 242.6594 1.7908 0.5421 1.7558 -3.9971 1.3064 16.2195 -1.5109 0.2982
Cyclist -1 -1 -0.9311 0.3549 147.7272 181.0448 349.2303 1.7726 0.5742 1.6646 -5.0380 1.4769 7.1590 -1.5332 0.2743
Cyclist -1 -1 -1.5789 689.8552 174.4679 713.2199 232.1712 1.7672 0.7080 1.0452 3.1079 1.5529 22.5583 -1.4489 0.1573
Car -1 -1 -1.5342 620.4645 178.6833 639.2397 197.1080 1.6156 1.5860 3.4411 2.6182 1.3691 64.7603 -1.4990 0.5714
Car -1 -1 1.2535 138.7705 182.3637 182.5920 205.5122 1.5384 1.5716 3.4480 -30.4227 1.6007 49.5748 0.7004 0.3887
Car -1 -1 3.0972 384.8120 179.8226 516.5820 224.9508 1.4469 1.5746 4.2371 -5.1201 1.3942 24.3250 2.8867 0.3575
Car -1 -1 -0.0704 0.0000 0.0000 1238.0000 374.0000 1.5459 1.6027 3.8384 -2.7534 1.5921 1.1126 -1.1844 0.3173
Car -1 -1 -1.4633 0.0000 179.7978 172.9588 341.6098 1.4627 1.5061 3.3064 -5.9392 1.4487 8.3019 -2.0752 0.2519
