Pedestrian -1 -1 -3.4166 799.0801 176.8674 842.9536 241.9365 1.7458 0.5732 1.0293 5.6995 1.8572 19.6794 -3.1395 0.2219
Pedestrian -1 -1 0.1801 657.6417 188.3428 685.1413 242.1701 1.6119 0.6162 0.7480 1.8488 2.0979 22.2255 0.2609 0.1064
Cyclist -1 -1 -1.8273 1081.4764 159.1079 1229.9486 375.0000 1.7750 0.5913 1.8773 4.9539 1.6653 6.7546 -1.2161 0.3905
Cyclist -1 -1 -0.6599 790.1330 196.8762 859.2872 263.7810 1.7538 0.5916 1.8702 5.9008 2.4399 19.9758 -0.3779 0.2371
Cyclist -1 -1 -1.7071 770.7599 165.8803 810.8177 259.3820 1.6917 0.5030 1.7163 3.4155 1.5659 13.9308 -1.4725 0.1701
Cyclist -1 -1 -1.9264 733.6902 150.1436 768.1651 210.7027 1.7101 0.4585 1.5959 4.0759 1.0691 21.1970 -1.7394 0.1577
Cyclist -1 -1 2.0455 188.4082 191.9864 210.5005 221.9618 1.6511 0.4786 1.4788 -23.6059 2.7703 41.4443 1.5302 0.1562
Car -1 -1 1.6414 485.7924 180.7522 511.9892 204.2135 1.5826 1.6074 3.6401 -7.9733 2.1707 51.8140 1.4890 0.7639
Car -1 -1 0.7993 1080.8754 115.7397 1242.0000 375.0000 1.9988 1.8297 4.9836 5.6312 1.8069 4.9585 1.6180 0.1156
Car -1 -1 1.7461 159.6069 184.4531 200.2083 209.7832 1.5254 1.6291 3.9316 -28.3000 2.3239 47.5230 1.2112 0.1095
Car -1 -1 1.7647 486.2817 171.0990 512.6750 190.4721 1.6629 1.5818 3.9434 -9.7788 1.5126 63.9333 1.6133 0.1014
