Pedestrian -1 -1 -1.5593 747.5532 163.2135 762.9589 206.7021 1.6643 0.5792 1.1189 5.6418 1.2957 28.2166 -1.3644 0.3228
Cyclist -1 -1 -2.1424 1133.0752 118.0887 1242.0000 281.6586 1.8135 0.7705 1.5661 7.2362 1.2067 8.8143 -1.4715 0.3435
Cyclist -1 -1 -1.5593 747.5532 163.2135 762.9589 206.7021 1.6643 0.5792 1.1189 5.6418 1.2957 28.2166 -1.3644 0.1603
Car -1 -1 -2.0081 788.5648 181.7247 1242.0000 375.0000 1.4500 1.5632 3.8114 2.7189 1.5473 5.9481 -1.5991 0.9772
Car -1 -1 -1.8243 700.3489 177.1515 872.8187 288.9673 1.4693 1.6236 4.1854 2.5824 1.5524 11.7679 -1.6146 0.9654
Car -1 -1 -1.4190 439.7041 179.7604 527.3577 252.1352 1.6788 1.6813 4.0651 -3.2845 1.8823 19.1708 -1.5872 0.9630
Car -1 -1 -1.7060 673.5788 178.6738 755.5165 238.5423 1.4545 1.6413 4.3737 2.7472 1.6350 20.1415 -1.5732 0.8979
Car -1 -1 -1.6703 652.3472 176.2531 699.7986 217.5253 1.4966 1.5017 3.3082 2.4766 1.6372 28.0990 -1.5839 0.8636
Car -1 -1 1.7144 484.3265 180.6427 541.5530 223.6611 1.5531 1.6649 4.4095 -3.8650 1.8911 29.0635 1.5828 0.6498
Car -1 -1 -1.5270 637.7319 177.9972 671.7220 209.1455 1.5433 1.6410 4.1356 2.4029 1.8341 38.5978 -1.4659 0.6151
Car -1 -1 3.2470 472.5834 173.9866 537.1398 200.1105 1.6191 1.6546 3.8939 -6.6507 1.6926 45.6970 3.1029 0.5770
