Pedestrian -1 -1 -1.2742 446.2538 166.2240 485.8397 243.2777 1.7867 0.6757 0.9874 -3.2608 1.4337 17.1807 -1.4643 0.8269
Pedestrian -1 -1 -1.6817 652.0803 167.3560 679.5845 234.7793 1.6383 0.5968 0.7216 1.5574 1.2958 17.8220 -1.6011 0.7154
Pedestrian -1 -1 0.8396 710.1083 165.3256 736.8721 208.7145 1.7923 0.6472 0.9384 5.1187 1.1251 30.2395 1.0008 0.5499
Pedestrian -1 -1 1.8226 244.1797 171.7761 267.0046 220.2113 1.7639 0.5987 0.7357 -12.8113 1.4108 26.5772 1.3721 0.4438
Pedestrian -1 -1 -1.2292 270.9194 171.3852 331.7103 287.6903 1.7106 0.6207 0.8184 -4.6177 1.5632 10.9880 -1.6243 0.4429
Pedestrian -1 -1 -0.8639 181.2042 181.4503 218.2599 238.8356 1.7559 0.6290 0.8211 -12.5694 1.7555 22.4417 -1.3748 0.4132
Pedestrian -1 -1 1.2574 730.9152 154.3958 752.7018 199.9025 1.8360 0.6408 0.8475 5.7309 0.7435 29.4400 1.4431 0.3707
Pedestrian -1 -1 1.3809 534.1931 168.9065 550.3809 207.2288 1.7692 0.6130 0.7905 -2.7831 1.1888 33.6252 1.2939 0.3226
Pedestrian -1 -1 0.9608 223.6876 159.0264 251.7323 213.7718 1.8520 0.5628 0.6971 -12.5359 1.0928 24.7112 0.4906 0.3194
Pedestrian -1 -1 -1.3373 692.0027 172.3802 709.5461 210.1164 1.8333 0.7299 0.6391 4.8791 1.3911 35.3241 -1.2062 0.3012
Pedestrian -1 -1 -3.3747 756.9178 144.5772 867.7474 244.5825 1.6478 0.5909 1.7066 3.5036 1.0407 12.1600 -3.1051 0.1482
Cyclist -1 -1 1.7888 607.2713 164.3967 628.4011 206.0150 1.8478 0.5834 1.8901 0.7513 1.0894 32.8775 1.8064 0.6647
Cyclist -1 -1 -3.3747 756.9178 144.5772 867.7474 244.5825 1.6478 0.5909 1.7066 3.5036 1.0407 12.1600 -3.1051 0.3444
Cyclist -1 -1 -1.2722 445.4586 167.5863 483.9964 244.1343 1.7744 0.6594 0.9449 -3.2881 1.4531 17.1531 -1.4642 0.1662
Car -1 -1 -1.3847 576.4981 171.3365 604.1511 191.5108 1.5540 1.5903 3.5478 -0.8303 0.7717 57.2111 -1.4040 0.6546
Car -1 -1 -0.6758 49.7024 193.6645 264.2945 280.1958 1.5435 1.5643 3.7549 -9.3520 1.8401 15.4130 -1.2192 0.4174
Car -1 -1 1.1156 647.9174 175.0241 734.6727 216.5683 1.3824 1.5235 3.8935 3.1343 1.1680 25.9899 1.2293 0.3909
