Pedestrian -1 -1 2.3969 711.3288 136.5835 750.1645 218.7397 1.7844 0.5663 0.6393 2.6400 0.9970 16.0817 2.5562 0.4951
Pedestrian -1 -1 -1.9346 691.0046 159.8300 708.8627 198.7668 1.8782 0.6167 0.8100 4.3540 1.2503 35.2687 -1.8131 0.4038
Pedestrian -1 -1 0.0317 623.1631 168.7661 633.6522 191.9608 1.8224 0.5455 0.8120 1.4306 1.5015 56.9824 0.0563 0.2758
Pedestrian -1 -1 1.6275 542.5865 169.0900 553.6272 199.5553 1.7696 0.5616 1.6351 -3.6933 1.5513 42.7331 1.5414 0.1631
Cyclist -1 -1 1.6985 511.1022 172.0609 533.5179 219.2887 1.7672 0.6239 1.9288 -3.4265 1.7379 27.9623 1.5771 0.5997
Cyclist -1 -1 1.6688 530.7148 171.2651 549.9095 217.8385 1.7784 0.5798 1.8318 -2.7797 1.7181 28.4648 1.5718 0.5782
Cyclist -1 -1 1.6275 542.5865 169.0900 553.6272 199.5553 1.7696 0.5616 1.6351 -3.6933 1.5513 42.7331 1.5414 0.4236
Car -1 -1 -1.7911 711.7540 171.0995 874.1473 290.2843 1.5351 1.5833 3.5783 2.5558 1.5129 11.0802 -1.5713 0.9808
Car -1 -1 1.8809 280.0872 182.4196 423.7521 272.3793 1.5230 1.5841 3.8827 -5.0740 1.7427 14.5853 1.5511 0.9643
Car -1 -1 1.7279 453.7292 179.3828 510.6304 218.9612 1.5083 1.6855 4.4305 -5.3494 1.8044 30.4577 1.5550 0.9017
Car -1 -1 -1.4862 634.9385 172.6920 663.9560 198.0324 1.7325 1.7454 3.8827 2.8164 1.7218 51.3707 -1.4321 0.5611
Car -1 -1 -0.0145 757.6508 178.1422 847.0176 213.7330 1.5059 1.5525 3.7501 8.4689 1.7502 32.0843 0.2407 0.2193
