Pedestrian -1 -1 -1.5764 827.4576 151.6756 844.8135 194.8563 2.0000 0.7695 0.4850 10.5385 1.0194 33.7602 -1.2766 0.4126
Cyclist -1 -1 1.8606 289.7477 181.1547 382.6806 335.3110 1.7110 0.5841 1.7981 -3.4190 1.8257 9.0200 1.5070 0.9116
Cyclist -1 -1 1.6331 590.8420 145.7089 606.8740 192.4719 1.7696 0.5252 1.6812 -0.4682 0.7427 28.1536 1.6163 0.3360
Car -1 -1 -1.9746 680.9071 190.7324 884.5528 321.8418 1.5366 1.6305 3.5855 2.3308 1.8545 10.8959 -1.7708 0.9784
Car -1 -1 -1.8046 576.5120 189.9882 641.4936 240.4301 1.5736 1.5584 3.3049 -0.1435 2.2224 25.5132 -1.8111 0.9607
Car -1 -1 -0.8937 749.8179 185.7099 805.6624 212.2660 1.4872 1.4832 3.4128 10.1290 2.2942 43.6313 -0.6677 0.7214
Car -1 -1 -0.8149 633.6456 186.1858 711.6702 219.5161 1.5578 1.6674 4.0939 3.2420 2.2840 37.2953 -0.7296 0.6950
Car -1 -1 -0.8827 690.4515 186.6109 762.1275 216.7633 1.5324 1.6721 4.2363 6.5395 2.3447 40.5505 -0.7246 0.6231
Car -1 -1 2.4629 519.8563 186.8011 590.3121 216.2726 1.5134 1.6134 3.7941 -3.0998 2.3374 40.7222 2.3868 0.4994
Car -1 -1 1.3925 275.5438 184.0833 317.9955 211.6922 1.5471 1.6728 4.2583 -19.3836 2.2746 44.4842 0.9835 0.4901
Car -1 -1 1.6379 843.3480 184.8460 866.6644 205.0555 1.6421 1.6910 3.7963 21.4521 2.7269 63.1677 1.9633 0.3693
Car -1 -1 0.8559 128.4558 173.4968 208.4744 203.0056 1.4615 1.5635 3.5558 -22.7153 1.4960 37.0753 0.3092 0.3422
