Pedestrian -1 -1 0.6458 815.2271 143.8827 908.4750 294.0315 1.7452 0.8196 0.7451 3.1264 1.3213 8.7511 0.9795 0.7402
Pedestrian -1 -1 -2.8222 1056.0808 156.4795 1179.4988 338.0323 1.6403 0.6382 0.8267 4.9482 1.4250 6.9052 -2.2202 0.7241
Pedestrian -1 -1 -1.5760 442.4106 141.7740 467.8407 213.1974 1.7044 0.5960 0.6982 -3.6999 0.7819 17.2712 -1.7811 0.7078
Pedestrian -1 -1 1.2717 504.1820 143.7896 539.1172 217.8798 1.7642 0.6465 0.7905 -2.0864 0.8917 17.3232 1.1561 0.5854
Pedestrian -1 -1 -0.2880 642.9566 136.9329 679.5463 201.1626 1.8576 0.6331 0.9336 1.6203 0.5992 20.8503 -0.2095 0.5572
Pedestrian -1 -1 0.7089 1002.4630 125.8713 1222.6351 370.0000 1.7201 0.6492 0.9975 3.2522 1.4034 4.6853 1.2867 0.5394
Pedestrian -1 -1 -1.8031 407.1417 139.6763 440.1070 211.3126 1.7814 0.6617 0.7567 -4.6767 0.7678 18.0653 -2.0499 0.5280
Pedestrian -1 -1 -1.1730 638.7737 149.6859 664.7597 202.4011 1.8190 0.6051 0.9228 1.6270 0.7573 24.9408 -1.1067 0.5155
Pedestrian -1 -1 -1.4213 110.9409 151.9240 165.5333 265.5405 1.8195 0.6591 0.6736 -7.7949 1.3635 11.7601 -1.9923 0.3567
Pedestrian -1 -1 -1.6058 340.6441 140.7695 359.3622 188.6323 2.0092 0.7331 0.5093 -10.8609 0.3429 30.0466 -1.9471 0.3071
Pedestrian -1 -1 0.9446 237.5552 130.7412 290.8771 236.0249 1.7431 0.6239 0.5432 -5.8765 0.9210 12.1057 0.5053 0.3027
Pedestrian -1 -1 -2.2139 315.6307 149.0633 339.5825 195.2114 1.9574 0.6927 0.6792 -11.9704 0.6255 30.4582 -2.5828 0.2749
Pedestrian -1 -1 0.1160 249.4997 137.1076 347.3607 243.8845 1.6886 0.5756 1.4197 -5.0663 1.0041 11.6506 -0.2820 0.2713
Pedestrian -1 -1 1.9703 353.3226 154.8960 374.0007 194.1191 1.9041 0.6998 0.8125 -11.8726 0.6626 34.7496 1.6459 0.2592
Pedestrian -1 -1 -1.3950 239.4807 161.4104 263.0408 211.3691 1.7578 0.6103 0.8692 -12.7167 1.0877 25.3748 -1.8527 0.2468
Cyclist -1 -1 0.2548 241.7208 135.4171 349.9258 244.6716 1.7572 0.4945 1.5711 -5.1475 1.0338 11.7263 -0.1467 0.4461
Cyclist -1 -1 0.5466 814.2255 144.3160 909.4948 296.4981 1.7654 0.8320 0.7997 3.1359 1.3473 8.7702 0.8806 0.1122
Car -1 -1 1.8443 0.0000 26.9281 280.7216 370.0000 1.7779 1.6949 4.5645 -3.0449 1.4395 3.9952 1.2324 0.4866
