Pedestrian -1 -1 1.2557 1142.0975 166.2343 1182.6436 230.8674 1.8477 0.7284 0.7894 16.1065 1.6588 21.1158 1.9001 0.4251
Cyclist -1 -1 -1.5984 1206.5583 148.7791 1234.2260 216.6029 1.6529 0.4715 1.8104 15.5368 1.0666 18.4400 -0.9062 0.3672
Car -1 -1 -1.3604 835.0080 178.1983 924.2858 236.2506 1.4798 1.6441 3.9755 7.8408 1.6506 20.8988 -1.0067 0.9461
Car -1 -1 -1.5226 1040.0216 174.1738 1141.6541 255.8900 1.5488 1.6691 3.9421 10.5561 1.5819 15.8258 -0.9435 0.8843
Car -1 -1 -1.7142 1043.4200 183.5751 1242.0000 375.0000 1.4529 1.5203 3.4516 4.2411 1.5630 5.4962 -1.0834 0.8395
Car -1 -1 -1.3115 875.9592 178.0680 961.1554 226.3733 1.5019 1.6781 4.3933 10.7911 1.7004 25.1667 -0.9112 0.7962
Car -1 -1 -1.4567 990.9755 172.5009 1027.7375 199.1842 1.6770 1.6812 4.0304 26.2768 1.6552 47.4753 -0.9542 0.6214
Car -1 -1 1.7151 966.9524 169.5257 996.1002 189.6932 1.6137 1.5951 4.0363 30.8136 1.3478 59.8389 2.1884 0.5073
Car -1 -1 -1.5909 1131.1870 178.5870 1179.3103 214.7526 1.5063 1.6371 3.7235 24.5843 1.7821 32.6707 -0.9506 0.2970
Car -1 -1 1.6103 1019.7087 172.5126 1044.5125 191.9509 1.5362 1.6079 4.0531 34.6103 1.5096 59.1616 2.1371 0.2735
