Pedestrian -1 -1 -3.4320 916.8776 102.8292 1040.1360 301.7599 1.8796 0.6252 0.9473 3.5889 1.2183 7.1969 -2.9861 0.2248
Cyclist -1 -1 1.5737 738.3921 164.6852 748.9244 199.9200 1.7778 0.5232 1.9501 6.8926 1.3660 37.4099 1.7541 0.7434
Cyclist -1 -1 -1.2135 474.2558 162.9072 500.8633 206.3978 1.7159 0.4912 1.7389 -5.0107 1.3238 29.3658 -1.3814 0.4260
Car -1 -1 2.0830 36.8612 201.9542 392.3781 375.0000 1.4631 1.6485 4.2906 -4.2193 1.8963 8.5360 1.6354 0.9398
Car -1 -1 -1.8020 780.9022 179.0804 970.6334 311.1483 1.5167 1.6328 3.7564 3.5259 1.6237 10.4080 -1.4851 0.9370
Car -1 -1 -1.6953 759.0561 175.0643 835.7491 233.2883 1.4739 1.5990 3.7758 5.1423 1.5428 20.3816 -1.4523 0.8953
Car -1 -1 1.8638 640.8466 172.5210 681.3176 197.0718 1.5879 1.6460 4.0172 3.4720 1.5667 48.8355 1.9340 0.8333
Car -1 -1 1.5189 747.5429 175.6705 799.5708 221.7222 1.5447 1.6302 4.0950 5.9128 1.6574 26.6165 1.7346 0.7083
Car -1 -1 1.9239 668.1476 173.8990 704.9333 194.4507 1.5311 1.5651 3.9909 5.9631 1.6158 56.1048 2.0288 0.2189
Car -1 -1 -3.4444 819.6411 173.7249 877.0323 197.2692 1.5972 1.5901 3.4432 16.3966 1.6587 49.8235 -3.1286 0.1984
