Pedestrian -1 -1 2.7652 644.5682 171.9766 658.8173 196.8435 1.8622 0.4413 0.9786 3.1161 1.7969 54.3942 2.8217 0.3279
Car -1 -1 2.4447 374.4887 180.7724 432.6259 202.9844 1.5444 1.6641 4.0450 -15.3814 2.1590 53.8322 2.1674 0.8143
Car -1 -1 2.7556 503.2698 172.1254 553.4734 192.5990 1.7028 1.6744 3.9232 -6.9935 1.6426 61.6812 2.6428 0.3998
Car -1 -1 2.9746 452.7278 175.8356 507.0186 193.9110 1.6130 1.7124 4.7066 -12.0162 1.8949 66.5170 2.7963 0.2357
Car -1 -1 -1.5431 615.4803 175.7321 633.4450 192.1677 1.5068 1.6094 3.9372 1.3864 1.7898 68.8550 -1.5234 0.1802
Car -1 -1 1.7612 259.3453 180.5368 308.1713 210.5520 1.4720 1.6293 4.1047 -17.4551 1.9076 38.6855 1.3396 0.1708
Car -1 -1 1.9657 177.1645 185.0935 227.0892 214.9452 2.1649 1.7689 4.6142 -31.9857 3.1674 56.6826 1.4537 0.1692
Car -1 -1 1.3080 1188.8511 176.9326 1242.0000 205.7077 1.6442 1.6907 4.1882 37.0653 1.9067 44.1194 2.0030 0.1335
Car -1 -1 -1.3354 281.9582 172.5667 314.0263 194.9563 2.0601 1.7634 4.6727 -29.7323 2.0340 68.8399 -1.7420 0.1325
Car -1 -1 -0.7746 1007.0297 183.6390 1086.1929 210.3178 1.4915 1.6261 4.0151 25.7342 2.1476 42.6104 -0.2349 0.1321
Car -1 -1 2.2636 282.7196 181.2125 344.8690 203.9374 1.5107 1.6788 4.4726 -21.3376 2.1423 52.1031 1.8764 0.1172
