Pedestrian -1 -1 -2.1040 400.0215 176.5995 424.8084 219.8649 1.6218 0.6457 0.7059 -7.6033 1.7680 27.6050 -2.3708 0.3945
Pedestrian -1 -1 1.7476 859.8068 132.5506 901.6935 223.7834 1.8394 0.6910 0.8307 5.6134 1.0272 15.0772 2.0973 0.2160
Pedestrian -1 -1 -0.1057 557.0756 162.3227 579.0143 190.3917 1.8960 0.5422 1.4415 -2.8885 1.1850 49.1207 -0.1645 0.2026
Pedestrian -1 -1 3.1465 292.0392 174.8486 303.1146 196.9719 1.8558 0.4657 0.8561 -26.4232 2.0258 60.9753 2.7389 0.1791
Cyclist -1 -1 -0.1057 557.0756 162.3227 579.0143 190.3917 1.8960 0.5422 1.4415 -2.8885 1.1850 49.1207 -0.1645 0.1675
Car -1 -1 -1.5505 544.3474 179.4737 591.2355 220.9539 1.3771 1.5930 3.4883 -1.5472 1.6349 26.2909 -1.6093 0.9579
Car -1 -1 2.4987 762.0585 182.0606 827.5716 211.4163 1.6538 1.5512 3.5591 10.9607 2.2198 42.9258 2.7464 0.9094
Car -1 -1 -1.4963 492.4274 178.5009 527.7187 208.1789 1.4318 1.5516 3.4681 -5.1547 1.7377 37.2636 -1.6333 0.9059
Car -1 -1 2.2851 873.8517 185.4894 942.7926 211.8141 1.5535 1.5917 4.3622 18.9585 2.3873 45.8967 2.6740 0.8288
Car -1 -1 1.9418 165.4087 190.2380 234.5519 222.8829 1.4506 1.6594 4.0876 -20.6663 2.3815 36.4794 1.4292 0.2126
Car -1 -1 -3.0509 750.7264 156.4564 813.8217 185.5637 2.3437 1.8139 4.9398 14.2443 1.0238 59.7409 -2.8182 0.1899
