Pedestrian -1 -1 -0.6203 996.2401 151.0592 1071.9644 270.6189 1.8507 0.5260 0.9022 6.6822 1.5137 11.4749 -0.1048 0.3938
Pedestrian -1 -1 1.9711 1156.9188 162.1432 1236.0222 281.3543 1.6681 0.6999 0.6677 8.5255 1.5186 10.5617 2.6361 0.3157
Pedestrian -1 -1 1.0759 0.0000 135.5623 74.2609 302.7160 1.8184 0.6503 0.7853 -6.8158 1.4131 8.3001 0.4039 0.1568
Cyclist -1 -1 1.8325 359.5968 184.3449 380.1221 225.3828 1.6580 0.4523 1.4711 -10.1208 2.1531 30.3145 1.5124 0.2751
Car -1 -1 2.0253 0.0000 179.2825 384.7453 375.0000 1.6350 1.6912 4.3016 -3.6760 1.7159 6.8707 1.5492 0.9398
Car -1 -1 1.6573 471.6873 184.6642 538.1013 238.4909 1.4850 1.7193 4.5074 -3.3212 1.9029 23.2093 1.5160 0.9071
Car -1 -1 -1.0388 661.0564 169.9934 702.7669 189.9583 1.5916 1.6225 4.0100 5.9512 1.3639 59.6141 -0.9401 0.2816
Car -1 -1 -1.6447 678.0694 160.1447 711.6968 189.9830 1.5878 1.5916 3.5307 4.6511 0.9119 40.1895 -1.5306 0.2525
Car -1 -1 0.8717 654.1464 179.5215 697.7673 199.5338 1.7438 1.6827 4.2170 6.0269 2.3795 66.5512 0.9612 0.1596
Car -1 -1 -1.1029 182.9652 160.3466 259.8633 201.4178 1.7154 1.6223 3.3974 -17.1026 1.1933 31.8487 -1.5924 0.1568
