Car -1 -1 -1.7708 649.1979 178.7997 710.9396 225.0566 1.5548 1.6012 3.3433 2.4576 1.7876 26.4486 -1.6799 0.9476
Car -1 -1 -2.4863 849.1460 176.9537 1067.8872 264.6389 1.4470 1.5555 3.6144 6.5492 1.5384 14.0488 -2.0588 0.9423
Car -1 -1 3.6448 0.0000 154.3949 348.7294 307.3490 1.9371 1.7319 4.1101 -6.0604 1.7037 10.0579 3.1137 0.9342
Car -1 -1 -1.6892 627.3306 179.1958 668.6941 211.9503 1.5098 1.5848 4.0571 1.8099 1.8461 36.1402 -1.6401 0.9200
Car -1 -1 0.6890 0.0000 214.4327 211.3718 375.0000 1.4448 1.6160 3.7615 -6.6199 1.9343 7.6659 -0.0063 0.9064
Car -1 -1 3.4185 315.8512 191.4115 460.9224 242.4231 1.4656 1.5836 3.9760 -6.7683 2.0570 22.1531 3.1247 0.8535
Car -1 -1 3.4099 213.2246 192.2439 401.9493 263.9138 1.5459 1.6316 3.8418 -7.1075 2.0354 17.1618 3.0221 0.7743
Car -1 -1 -2.6054 162.1023 194.5111 385.2083 277.6289 1.5522 1.6917 3.9162 -6.9814 2.0367 15.0738 -3.0330 0.7668
Car -1 -1 3.2563 459.8870 178.1060 521.3972 203.4836 1.5326 1.6234 3.6098 -7.4123 1.8659 44.8412 3.0930 0.7423
Car -1 -1 1.6465 492.7180 185.0528 527.2119 214.1704 1.4929 1.6293 4.0810 -5.6458 2.2189 40.8273 1.5094 0.6900
Car -1 -1 -2.7926 391.0749 188.9266 489.1783 228.7550 1.5123 1.5741 3.5383 -6.8751 2.1849 29.1856 -3.0225 0.6109
