Pedestrian -1 -1 1.5586 790.3942 172.5338 815.5070 243.9883 1.6470 0.5539 1.5724 4.6057 1.6400 17.4582 1.8115 0.1374
Cyclist -1 -1 1.7557 584.2587 164.3683 605.4658 206.3239 1.8229 0.6411 1.7455 -0.7051 1.4546 32.2606 1.7335 0.7718
Cyclist -1 -1 1.5645 790.3801 172.1939 815.8053 244.7394 1.6671 0.5667 1.6754 4.6096 1.6523 17.4598 1.8176 0.4610
Car -1 -1 -1.0802 0.0000 186.5912 393.1348 375.0000 1.4367 1.5678 3.6470 -2.9320 1.5702 5.1625 -1.5759 0.9340
Car -1 -1 -1.7157 696.5744 181.4676 806.6125 286.0714 1.6064 1.4666 2.8551 2.3432 1.7765 12.7665 -1.5395 0.9229
Car -1 -1 3.4932 233.3375 168.0460 423.9807 230.7434 1.5401 1.6855 4.2575 -7.1837 1.4224 18.5913 3.1289 0.9212
Car -1 -1 1.6648 487.1175 169.4063 547.5452 221.6459 1.6515 1.6893 3.9900 -3.1491 1.5428 24.8278 1.5393 0.8952
Car -1 -1 -1.7121 665.6420 181.9482 756.7039 253.2471 1.5107 1.6423 3.8423 2.3143 1.7586 17.7108 -1.5853 0.8451
Car -1 -1 -1.4411 522.4249 173.6192 568.1537 207.6392 1.4473 1.5730 3.9333 -2.9187 1.4845 32.7804 -1.5297 0.7244
Car -1 -1 -1.6878 626.8669 173.8051 659.0285 197.5732 1.5688 1.7331 4.2165 2.2067 1.6379 49.9610 -1.6444 0.5587
Car -1 -1 3.2963 444.1608 164.4720 516.5244 196.1900 1.5337 1.5712 3.3224 -6.4139 1.1287 35.7081 3.1196 0.3429
