Pedestrian -1 -1 1.1972 911.5731 161.1315 942.5099 218.2277 1.8421 0.6649 0.8425 10.3637 1.4642 23.7078 1.6043 0.7111
Pedestrian -1 -1 2.2129 132.3496 172.6602 196.2728 255.1159 1.7931 0.7356 1.0588 -10.0669 1.7892 16.2494 1.6652 0.1534
Cyclist -1 -1 1.9972 60.6953 164.9974 103.1982 220.6543 1.7165 0.5053 1.5257 -16.8920 1.4746 23.0483 1.3701 0.1576
Car -1 -1 1.8012 478.6881 179.4290 581.4965 252.5545 1.4662 1.5496 3.7219 -1.7810 1.6370 16.7569 1.6961 0.9594
Car -1 -1 1.6981 683.4464 170.3677 712.7424 192.8752 1.5916 1.6517 4.0166 6.5001 1.4162 53.1703 1.8188 0.3249
Car -1 -1 0.5029 868.4640 171.7669 915.2192 188.3877 1.4828 1.5103 3.7329 25.8421 1.3862 66.2831 0.8729 0.2480
Car -1 -1 1.6637 881.0637 155.4127 914.6636 184.0611 1.7837 1.7034 3.7185 18.7366 0.6981 46.9648 2.0410 0.2005
Car -1 -1 -2.1224 627.5366 168.6878 696.0486 200.4404 1.4766 1.5918 3.8298 2.4558 1.2832 35.6170 -2.0545 0.1740
Car -1 -1 -1.4920 520.1661 167.8094 570.1589 209.3653 1.4605 1.5772 3.9745 -2.4320 1.2835 27.3501 -1.5804 0.1585
Car -1 -1 3.0430 486.7486 175.2128 576.9313 207.8623 1.4959 1.5814 4.1410 -3.7904 1.6127 34.4299 2.9337 0.1570
