Pedestrian -1 -1 1.8740 650.2292 164.7852 668.8439 201.2138 1.7721 0.6809 0.9017 2.4128 1.3799 35.6397 1.9406 0.2684
Pedestrian -1 -1 -2.9261 631.6794 169.5981 645.4971 195.2229 1.8246 0.5386 0.8964 2.0235 1.5931 51.7462 -2.8877 0.2629
Car -1 -1 2.5788 209.4759 177.6593 313.1843 212.5560 1.5129 1.6227 4.1906 -16.4175 1.7550 34.0903 2.1328 0.9197
Car -1 -1 2.6668 154.9406 179.7491 246.4150 210.1608 1.5051 1.5799 3.9939 -21.9490 1.8960 38.7620 2.1543 0.8140
Car -1 -1 -0.3688 856.8484 170.7881 923.5009 193.6689 1.5357 1.6375 3.9125 19.0567 1.3974 49.2480 -0.0019 0.7522
Car -1 -1 2.2944 0.0000 186.0597 89.1910 236.2854 1.3976 1.5204 4.1303 -19.1534 1.8622 23.2704 1.6113 0.6951
Car -1 -1 -2.0552 834.3672 168.5840 872.6964 188.5502 1.6830 1.6451 3.6380 21.1133 1.3235 62.7465 -1.7323 0.4552
Car -1 -1 0.0028 401.3434 169.3322 475.9771 195.7567 1.6684 1.6967 4.6386 -11.1410 1.4464 46.9087 -0.2294 0.3587
Car -1 -1 1.8875 364.9828 175.1658 393.6268 191.7663 1.5108 1.5490 3.5172 -21.7006 1.7345 67.9210 1.5791 0.2326
Car -1 -1 1.2234 1034.7616 165.0318 1073.1348 183.7742 1.5339 1.5643 3.7681 37.4892 0.8941 61.0508 1.7718 0.2260
