Pedestrian -1 -1 2.0272 1188.5283 127.6835 1219.6482 186.3179 1.9870 0.6325 0.5937 20.4227 0.4566 24.8597 2.7093 0.2949
Pedestrian -1 -1 -2.7966 449.1529 190.0785 471.0983 229.1561 1.7376 0.6865 0.7925 -6.8541 2.5310 32.8241 -3.0015 0.2328
Pedestrian -1 -1 -3.1033 622.7617 171.1756 637.4806 198.0332 1.8027 0.5442 0.9745 1.3314 1.6904 48.7316 -3.0766 0.2068
Pedestrian -1 -1 0.8529 630.1728 167.4730 646.6150 195.7825 1.8183 0.5392 1.0050 1.8120 1.4730 46.9008 0.8908 0.1863
Car -1 -1 1.8738 316.7476 170.8821 396.6129 224.5953 1.9720 1.7361 4.4531 -10.0083 1.9000 28.7387 1.5411 0.9175
Car -1 -1 -1.6499 527.8663 177.5637 562.4974 206.0845 1.4960 1.6271 3.9193 -3.7253 1.7749 40.5974 -1.7413 0.7408
Car -1 -1 -1.6032 584.9948 177.1731 611.7871 201.3971 1.4850 1.6088 3.7916 -0.8195 1.7774 46.8515 -1.6210 0.6165
Car -1 -1 1.6186 450.7756 180.9789 475.2782 204.3774 1.6574 1.6335 3.8063 -11.0954 2.2942 54.5051 1.4184 0.5790
Car -1 -1 0.2202 220.0726 155.4066 326.1628 190.0920 1.5355 1.6255 4.1638 -15.4379 0.7635 33.1717 -0.2124 0.2409
Car -1 -1 2.0622 222.1106 185.0000 275.2240 208.6013 1.6677 1.7584 4.4534 -27.7661 2.6412 55.5527 1.6003 0.2133
Car -1 -1 -1.0696 14.2685 198.5101 284.4021 321.4774 1.4241 1.6644 4.2791 -6.9433 1.9079 11.4251 -1.6058 0.1774
