Car -1 -1 -1.1065 133.4509 180.5817 301.8488 261.2032 1.5586 1.6104 4.0076 -8.4476 1.4702 15.9107 -1.5879 0.9677
Car -1 -1 -1.3205 332.7419 190.1667 463.8313 279.2870 1.5527 1.5940 4.0518 -4.1727 1.6698 14.7890 -1.5912 0.9470
Car -1 -1 -1.3714 449.8331 182.1810 511.5878 227.1560 1.5121 1.5398 3.4134 -4.5439 1.4112 25.8919 -1.5437 0.9210
Car -1 -1 -1.2706 303.6416 188.1147 384.7679 232.6656 1.3355 1.5303 3.4460 -8.5703 1.4386 23.5293 -1.6166 0.8408
Car -1 -1 -1.5306 579.2923 180.4763 611.2466 208.4095 1.4833 1.6305 3.9576 -0.6827 1.2328 40.1665 -1.5479 0.7792
Car -1 -1 -1.3594 398.9041 178.2854 447.8665 210.2813 1.4539 1.5480 3.6119 -8.8185 1.1401 34.4945 -1.6082 0.7583
Car -1 -1 -1.4364 484.5178 181.4678 525.1843 212.5795 1.4761 1.5443 3.5730 -5.1198 1.2994 35.8933 -1.5774 0.6844
Car -1 -1 1.6294 517.9855 176.9989 546.5816 201.9809 1.5064 1.5745 3.7494 -4.7379 1.0121 45.2522 1.5253 0.5829
Car -1 -1 -1.3950 378.5159 178.2605 415.7678 203.9537 1.5099 1.5827 3.6214 -12.9056 1.1023 44.1251 -1.6783 0.5603
Car -1 -1 -1.2526 281.5694 177.2922 349.1587 213.4743 1.4676 1.5801 3.8330 -12.6018 1.1474 31.1176 -1.6346 0.5307
Car -1 -1 -1.2145 100.8753 186.4124 212.7448 240.6072 1.4239 1.5675 3.6206 -13.0043 1.4630 20.8961 -1.7656 0.4431
