Pedestrian -1 -1 -0.2508 948.1375 183.0466 970.0181 220.9974 1.7448 0.7022 0.7700 16.3149 2.2288 33.8139 0.1947 0.4988
Pedestrian -1 -1 -1.5687 959.3480 184.8052 981.0618 242.5805 1.6266 0.5556 0.8083 10.4320 1.9829 20.9978 -1.1140 0.2585
Pedestrian -1 -1 -0.5650 719.5547 172.1667 748.0936 229.0028 1.7505 0.6091 0.6573 3.8348 1.7297 22.6289 -0.4001 0.1616
Pedestrian -1 -1 -2.0472 1130.1359 160.8108 1242.0000 358.5758 1.7329 0.8043 0.5429 5.3374 1.6277 6.6576 -1.3936 0.1609
Pedestrian -1 -1 -1.7727 849.4018 172.4682 868.1591 214.3039 1.6927 0.5766 0.7949 10.1668 1.6774 29.6212 -1.4456 0.1481
Pedestrian -1 -1 -2.6655 888.3456 185.0241 911.9380 221.4901 1.7213 0.5753 0.8962 14.0075 2.3198 34.9336 -2.2878 0.1376
Pedestrian -1 -1 1.0997 890.6738 130.3633 949.1555 221.0889 1.8588 0.7427 1.0421 6.5146 0.9886 15.3282 1.4944 0.1351
Pedestrian -1 -1 -2.9305 988.9877 110.9466 1045.3252 231.6125 1.7492 0.5774 0.6401 6.0905 0.8521 10.8841 -2.4317 0.1015
Cyclist -1 -1 -0.0062 757.3653 141.0342 811.1089 198.2376 1.8078 0.5710 1.6644 5.5624 0.8026 23.2644 0.2253 0.2091
Cyclist -1 -1 -3.4105 948.9936 182.9290 971.5903 220.6738 1.7330 0.7710 0.7723 16.3701 2.2117 33.8119 -2.9636 0.1233
Car -1 -1 -1.5071 193.7372 177.9386 220.2529 201.0410 1.7715 1.6224 3.9091 -32.5885 2.1981 58.3697 -2.0146 0.1390
Car -1 -1 2.0596 302.5745 188.9863 351.5847 211.8279 1.5102 1.6310 4.0323 -20.6526 2.7372 52.7627 1.6879 0.1129
