Pedestrian -1 -1 -0.2937 828.1284 99.3372 913.6174 273.5191 1.7452 0.5431 0.6983 2.7408 0.9233 7.4802 0.0411 0.3395
Pedestrian -1 -1 -1.5593 133.9626 163.4797 152.4426 203.4387 1.8528 0.7271 0.5870 -21.5335 1.0182 33.7459 -2.1287 0.2641
Pedestrian -1 -1 -0.0056 935.5435 158.4403 1049.9690 359.2557 1.7348 0.4881 0.8961 3.5320 1.5370 6.6214 0.4624 0.2254
Pedestrian -1 -1 2.3992 695.5494 156.8869 717.9005 196.2408 1.9434 0.5561 0.9957 5.2678 0.7288 35.9815 2.5386 0.1912
Car -1 -1 -0.3821 286.9196 170.3025 438.9873 227.0675 1.6633 1.7212 4.3119 -7.6167 1.3363 23.0957 -0.7025 0.9275
Car -1 -1 -1.5100 541.5544 172.5495 573.6407 198.2772 1.3860 1.6089 3.5714 -2.4316 0.9046 40.4830 -1.5746 0.8562
Car -1 -1 -0.1143 0.0000 164.1518 123.1706 205.6009 1.7232 1.7246 4.3736 -24.0813 1.0030 31.9939 -0.7605 0.4517
Car -1 -1 -1.3441 599.5887 170.5186 629.4195 189.7991 1.5162 1.6138 3.9084 1.1267 0.6532 58.5784 -1.3299 0.3223
Car -1 -1 -1.4937 579.0191 170.4609 599.5276 188.0522 1.5560 1.6162 3.5362 -1.0465 0.5800 65.3471 -1.5145 0.3024
Car -1 -1 1.4486 578.0253 182.3297 610.0236 207.2711 1.6117 1.6663 3.9892 -0.5322 1.6709 48.6434 1.4326 0.1993
Car -1 -1 1.9901 426.5195 190.4037 475.6855 216.7042 1.4529 1.5170 3.6992 -8.9354 2.0107 42.9769 1.7811 0.1990
Car -1 -1 -0.1219 902.9789 118.2701 1068.3568 176.0044 1.5941 1.6916 4.1958 11.3730 -0.1761 21.6390 0.3524 0.1905
