Pedestrian -1 -1 0.5424 221.8730 130.2970 279.8159 200.5046 1.8429 0.6409 1.2354 -9.6499 0.7262 19.3087 0.0843 0.2281
Pedestrian -1 -1 -2.1534 630.0792 163.2140 650.6977 199.5238 1.8070 0.6619 0.8856 1.4949 1.3276 36.4550 -2.1131 0.1719
Pedestrian -1 -1 -1.2787 273.1716 150.5302 291.8071 198.4984 1.8794 0.5816 0.3930 -12.9768 1.0051 28.4996 -1.7027 0.1455
Cyclist -1 -1 2.1194 68.2843 144.9258 188.2287 282.7355 1.7230 0.5576 1.6763 -6.5709 1.3741 9.8636 1.5439 0.3071
Cyclist -1 -1 0.5424 221.8730 130.2970 279.8159 200.5046 1.8429 0.6409 1.2354 -9.6499 0.7262 19.3087 0.0843 0.2348
Car -1 -1 1.9559 0.4880 199.4358 343.5379 375.0000 1.5132 1.6915 4.5378 -4.6738 1.9141 8.5251 1.4668 0.9297
Car -1 -1 -1.6153 396.5766 174.8054 433.2339 207.3342 1.6012 1.6852 3.7574 -10.2989 1.7094 37.8065 -1.8799 0.8858
Car -1 -1 -2.0485 518.1060 147.7249 601.4979 196.0932 2.2527 2.0147 5.1897 -2.6634 1.0827 36.3400 -2.1215 0.3659
Car -1 -1 -1.5775 388.8146 172.0698 415.6201 197.7678 1.5743 1.5863 3.7040 -13.3457 1.5266 46.2000 -1.8574 0.3404
Car -1 -1 -0.5482 715.8637 165.8528 895.7094 244.9492 1.7681 1.7379 3.8830 4.6712 1.6119 17.5183 -0.2926 0.2318
