Pedestrian -1 -1 1.7118 917.1451 130.0547 959.8016 226.6565 1.8627 0.6730 0.8491 6.5331 1.0378 14.4484 2.1285 0.3387
Car -1 -1 1.9176 206.6901 175.1432 436.0727 325.4275 1.5530 1.5574 3.5062 -3.4815 1.5884 9.2634 1.5666 0.9604
Car -1 -1 1.2769 712.3781 185.7402 934.3602 329.8045 1.4972 1.6732 4.1251 2.5854 1.7132 9.9724 1.5221 0.9489
Car -1 -1 1.7444 425.7719 175.3908 515.4983 240.8220 1.4843 1.5813 3.9572 -3.5000 1.5567 18.5063 1.5595 0.9462
Car -1 -1 -1.7191 670.7976 185.5171 755.7242 248.6548 1.4096 1.6001 3.8396 2.5326 1.7741 18.8151 -1.5883 0.9377
Car -1 -1 1.4647 646.5463 182.7701 695.4501 220.7890 1.3735 1.5410 3.8386 2.3467 1.7993 29.0152 1.5439 0.8174
Car -1 -1 1.5079 502.9802 177.7117 544.0748 215.7720 1.4453 1.4553 3.4621 -3.6462 1.6580 29.7006 1.3863 0.7773
Car -1 -1 -1.7105 636.7610 179.4772 677.5604 213.8246 1.5539 1.5146 3.3288 2.2055 1.8915 35.0214 -1.6488 0.6204
Car -1 -1 1.4177 629.5574 177.8275 668.6977 207.1750 1.5179 1.5866 3.8321 2.0831 1.8076 39.9778 1.4688 0.2424
Car -1 -1 1.3683 618.5268 179.6207 647.6699 200.0553 1.5418 1.5965 3.7795 1.7897 2.1026 57.7590 1.3986 0.1941
