Pedestrian -1 -1 -1.2092 239.6515 159.4302 304.6787 286.2687 1.6727 0.6006 0.6844 -4.6625 1.4961 9.8751 -1.6406 0.7616
Car -1 -1 -1.1380 9.2162 193.1698 453.9312 375.0000 1.4792 1.6127 4.1980 -2.7670 1.7192 6.3812 -1.5334 0.9717
Car -1 -1 -1.7240 660.5490 175.9335 741.0707 234.2320 1.4251 1.5720 3.9706 2.3433 1.5188 19.8614 -1.6090 0.9579
Car -1 -1 -1.5878 524.4997 175.4215 561.8978 211.1926 1.5449 1.6285 3.9278 -3.1770 1.6717 33.4952 -1.6821 0.9121
Car -1 -1 -1.3128 290.7811 185.8002 464.4523 304.7817 1.4314 1.5600 3.6873 -3.3567 1.6618 10.9528 -1.6043 0.8724
Car -1 -1 -1.7819 636.8353 172.1351 691.2524 210.0923 1.5965 1.6047 4.0782 2.3209 1.5667 32.4778 -1.7118 0.8661
Car -1 -1 -2.1456 811.2011 187.4042 1242.0000 375.0000 1.5189 1.6019 3.6849 2.4508 1.6372 3.9622 -1.6256 0.6406
Car -1 -1 -0.9422 0.0000 0.0000 1242.0000 375.0000 1.5098 1.6319 3.7912 -2.6972 1.6176 1.8174 -1.8526 0.5490
Car -1 -1 -1.6468 626.2875 170.7984 656.6007 198.2650 1.7874 1.7312 4.2633 2.0664 1.6540 49.1125 -1.6054 0.4257
Car -1 -1 -1.5738 543.0177 173.9221 569.1122 199.1114 1.5867 1.6479 4.0473 -3.6047 1.6608 47.7062 -1.6492 0.4160
Car -1 -1 -1.7740 623.5817 174.2587 667.9387 203.3489 1.4626 1.6197 3.7776 1.8165 1.5418 38.4604 -1.7277 0.4055
