Pedestrian -1 -1 0.8132 29.2277 166.8063 59.4427 213.3357 1.8174 0.5275 0.8108 -22.3855 1.5816 28.5024 0.1518 0.3568
Pedestrian -1 -1 2.5582 8.2040 170.4678 47.2678 218.2809 1.7840 0.4850 1.0680 -22.2275 1.6954 27.5026 1.8831 0.2805
Pedestrian -1 -1 1.3397 566.4600 162.2153 583.2189 196.4491 1.8719 0.7075 1.0438 -1.9918 1.2905 40.0498 1.2900 0.2582
Cyclist -1 -1 -1.4793 380.2025 177.0538 393.5276 217.4184 1.5965 0.3777 1.5752 -9.1624 1.7734 29.5139 -1.7781 0.2482
Cyclist -1 -1 1.3397 566.4600 162.2153 583.2189 196.4491 1.8719 0.7075 1.0438 -1.9918 1.2905 40.0498 1.2900 0.1083
Car -1 -1 1.2236 516.1448 166.6190 568.5513 196.0358 1.6797 1.7409 4.4235 -4.1776 1.3241 43.5689 1.1282 0.8883
Car -1 -1 -2.0229 555.7094 169.8076 605.9663 195.0742 1.5192 1.6271 3.8793 -1.9161 1.3364 45.4749 -2.0651 0.8267
Car -1 -1 -2.4472 806.4999 160.7204 861.5311 185.7298 1.7530 1.6622 3.5899 16.2421 0.9029 52.5302 -2.1491 0.8202
Car -1 -1 -2.0825 599.0339 165.8746 657.1027 192.2477 1.6013 1.7175 4.5139 1.0615 1.1779 46.2036 -2.0600 0.7260
Car -1 -1 0.8572 737.6470 165.4079 800.2243 190.0879 1.5927 1.6539 4.4020 10.6733 1.1126 48.8903 1.0706 0.5355
Car -1 -1 1.7166 703.9757 168.9882 733.0090 191.2420 1.5091 1.5035 3.7526 7.6631 1.2473 50.9410 1.8648 0.3346
Car -1 -1 1.7550 0.0000 163.2930 24.5277 198.8301 1.8228 1.6728 3.9998 -33.2952 1.3327 39.1586 1.0536 0.2298
