Pedestrian -1 -1 1.6375 947.3052 183.8860 967.5950 229.4766 1.7905 0.6891 0.8235 13.9835 2.2442 29.1181 2.0805 0.5438
Pedestrian -1 -1 0.3986 775.3842 155.7496 804.3016 205.6585 1.8453 0.6087 0.8918 6.7328 1.2132 27.1848 0.6384 0.4925
Cyclist -1 -1 0.3986 775.3842 155.7496 804.3016 205.6585 1.8453 0.6087 0.8918 6.7328 1.2132 27.1848 0.6384 0.1191
Car -1 -1 -0.3074 700.8682 195.5149 872.1026 263.2626 1.5116 1.6329 3.7582 4.2027 2.0982 17.7026 -0.0792 0.9729
Car -1 -1 -0.6472 850.7852 190.4944 1242.0000 371.4520 1.4577 1.6503 3.8281 4.4841 1.6544 7.0157 -0.0984 0.9634
Car -1 -1 3.4336 208.3271 190.4110 389.2083 250.6126 1.4274 1.6341 4.0093 -8.0000 1.9085 18.7299 3.0346 0.9442
Car -1 -1 0.5103 52.0408 189.9911 327.4792 281.0668 1.5694 1.6479 4.2213 -7.8003 1.9119 13.5739 -0.0033 0.9383
Car -1 -1 3.7327 0.0000 197.4039 258.5581 306.3412 1.4488 1.6493 3.9979 -7.7368 1.8473 10.8402 3.1241 0.9302
Car -1 -1 0.6121 0.0000 192.3662 162.4517 340.3776 1.4147 1.6135 4.0908 -7.7458 1.6664 8.2321 -0.1268 0.8716
Car -1 -1 3.2576 266.5068 186.9374 397.5248 238.4745 1.5423 1.7018 3.8195 -9.0157 2.0282 23.5845 2.8958 0.7084
Car -1 -1 -0.3248 681.0462 194.0346 830.0272 254.0263 1.5360 1.6492 3.7762 3.9889 2.1636 20.2971 -0.1346 0.6249
Car -1 -1 -1.6175 362.9272 181.3420 405.1900 222.3457 1.7328 1.6883 3.8793 -10.5672 2.1518 33.4743 -1.9215 0.5060
