Pedestrian -1 -1 1.9953 219.2651 175.6759 259.2559 240.9121 1.7347 0.6418 0.9352 -10.1617 1.8140 19.7070 1.5243 0.3689
Pedestrian -1 -1 -0.2433 1016.6633 155.7675 1157.5308 351.7028 1.6052 0.6484 0.8917 4.1031 1.4656 6.3528 0.3085 0.1092
Cyclist -1 -1 -2.0865 965.1973 165.3037 1166.9652 375.0000 1.7361 0.6798 1.9066 4.0497 1.6763 6.7036 -1.5635 0.1718
Cyclist -1 -1 -1.6390 743.7391 178.2160 761.4313 235.6420 1.6981 0.4141 1.6734 4.3602 1.8709 22.3483 -1.4496 0.1259
Cyclist -1 -1 -0.3778 720.5237 186.6892 754.3751 222.5453 1.7813 0.7158 1.5418 6.4486 2.4960 36.7424 -0.2062 0.1073
Cyclist -1 -1 2.6229 36.4136 188.8577 96.7708 246.3540 1.7219 0.6913 1.3593 -17.1916 2.2447 22.7903 1.9821 0.1065
Car -1 -1 2.0455 146.2839 187.7683 321.2375 267.8351 1.4308 1.6060 4.1985 -8.0287 1.8011 15.7841 1.5813 0.9557
Car -1 -1 1.7724 426.7738 180.2201 475.9594 210.6348 1.4555 1.6710 4.3595 -8.2681 1.8639 37.7768 1.5580 0.9175
Car -1 -1 1.9416 300.0439 165.3492 336.8021 187.3847 1.9214 1.7121 4.0555 -26.2165 1.2674 64.9512 1.5592 0.2288
Car -1 -1 -2.1034 0.0000 175.4510 441.2986 375.0000 1.4961 1.5163 3.6830 -3.0129 1.5172 4.2551 -2.6912 0.1335
Car -1 -1 1.7497 108.5018 167.5522 148.2838 191.9671 1.7357 1.7284 4.2044 -35.7188 1.3591 53.5640 1.1637 0.1037
