Pedestrian -1 -1 1.3687 1036.7216 127.5836 1088.7507 220.9918 1.8580 0.6837 1.1321 9.4607 0.8071 14.7094 1.9324 0.7284
Pedestrian -1 -1 1.6204 759.2177 137.7786 818.7429 281.2252 1.7950 0.7298 0.8602 2.4014 1.2621 9.3600 1.8654 0.5373
Pedestrian -1 -1 -1.0990 61.6131 155.9274 84.8393 201.5843 1.8994 0.6004 0.5390 -22.3760 0.8786 29.7241 -1.7372 0.1645
Pedestrian -1 -1 -1.3161 231.2487 163.6231 246.8876 195.7016 1.8629 0.6325 0.8000 -21.4896 0.8842 41.5141 -1.7888 0.1526
Pedestrian -1 -1 0.6307 869.4848 145.0322 959.4962 302.1277 1.7858 0.5777 0.8098 3.6734 1.3843 8.5284 1.0259 0.1506
Cyclist -1 -1 1.8956 1035.7336 128.9737 1089.7830 220.7082 1.8317 0.6574 1.0265 9.4758 0.8045 14.6912 2.4605 0.1629
Cyclist -1 -1 2.3858 423.2649 173.5113 444.2128 196.6068 1.7837 0.6468 1.5832 -13.4113 1.2452 55.4408 2.1514 0.1523
Car -1 -1 -3.3456 752.9253 157.4975 811.0936 177.4745 1.5231 1.6595 4.1450 13.7681 -0.2385 55.0966 -3.1002 0.7112
Car -1 -1 1.7053 561.3339 166.9556 582.1718 183.7684 1.6006 1.5217 3.9347 -3.2030 0.3123 69.3335 1.6612 0.2595
Car -1 -1 -0.9746 116.9561 149.4520 245.6495 207.8019 1.8120 1.7153 4.1192 -14.2713 0.8494 24.0648 -1.5020 0.2504
Car -1 -1 -2.1704 1070.5515 146.6983 1224.0000 215.0905 1.4604 1.5085 3.6855 13.0413 0.7402 16.9701 -1.5224 0.1450
Car -1 -1 1.5953 574.2228 174.2468 592.6889 191.7275 1.5114 1.5433 4.1845 -1.8776 0.9719 63.2233 1.5674 0.1448
