Pedestrian -1 -1 -0.1246 647.3434 170.6599 661.8894 199.3343 1.7965 0.5723 0.8503 2.7801 1.6594 45.5167 -0.0645 0.3643
Pedestrian -1 -1 1.8017 0.2593 182.8095 166.8926 375.0000 1.6815 0.5882 1.7964 -3.9668 1.7709 5.5063 1.1995 0.1268
Cyclist -1 -1 1.8017 0.2593 182.8095 166.8926 375.0000 1.6815 0.5882 1.7964 -3.9668 1.7709 5.5063 1.1995 0.8025
Cyclist -1 -1 1.8797 780.6942 114.4583 846.5379 217.8449 1.7384 0.6388 1.8145 3.6623 0.7568 13.0642 2.1470 0.4389
Car -1 -1 0.3519 232.6130 169.8437 438.6556 250.5133 1.6897 1.7140 3.9117 -6.0015 1.6270 15.9721 -0.0026 0.9670
Car -1 -1 -1.8412 732.4408 172.9960 990.2048 330.9748 1.4610 1.6645 4.4457 2.6496 1.4635 8.9039 -1.5621 0.9542
Car -1 -1 -1.6325 669.7706 161.3393 731.6650 223.1454 1.8489 1.7209 4.4850 2.8580 1.5048 23.8686 -1.5154 0.8230
Car -1 -1 1.5828 547.4175 175.9285 570.3329 198.0874 1.5543 1.6222 3.8095 -3.7678 1.7892 53.0983 1.5119 0.7166
Car -1 -1 1.4459 659.7129 170.6645 708.1296 209.6949 1.6034 1.6344 3.7263 3.1276 1.5138 31.5241 1.5433 0.6307
Car -1 -1 -1.5436 581.3759 172.6308 600.5110 190.5251 1.5334 1.5924 3.6143 -1.6778 1.5147 63.6358 -1.5702 0.3853
