Pedestrian -1 -1 -1.9418 824.7532 152.8912 870.6672 242.0681 1.7287 0.5996 0.8460 4.6895 1.3421 14.4255 -1.6341 0.8889
Pedestrian -1 -1 2.3297 966.4003 57.1143 1151.2408 358.0560 1.7597 0.5798 0.8636 2.7985 1.0833 4.6192 2.8467 0.6425
Pedestrian -1 -1 -1.5316 1054.5104 131.0481 1111.0992 263.6701 1.7016 0.6188 0.8498 6.3609 1.1656 9.7806 -0.9689 0.2408
Cyclist -1 -1 -1.5000 1053.9398 129.6184 1112.1702 266.5492 1.7050 0.5812 1.4138 6.3387 1.1670 9.7233 -0.9364 0.3185
Car -1 -1 1.8279 440.8934 182.0498 523.3577 233.2134 1.4752 1.6477 4.1900 -4.1370 1.8056 23.7347 1.6566 0.9252
Car -1 -1 -1.5588 693.5918 177.4645 745.4042 225.4020 1.5367 1.6773 3.5776 3.8184 1.7114 25.3905 -1.4119 0.8987
Car -1 -1 1.8204 647.0951 173.2534 675.1483 192.8660 1.6823 1.5720 3.9098 4.5507 1.7193 64.0777 1.8906 0.7436
Car -1 -1 2.2421 0.0000 193.2833 224.5128 375.0000 1.6105 1.6510 4.0398 -4.9645 1.8298 5.6909 1.5476 0.6884
Car -1 -1 -1.5751 777.5976 159.0595 808.7796 187.9829 1.5678 1.6463 3.8457 10.3992 0.8204 41.1729 -1.3296 0.2436
Car -1 -1 -1.2921 696.9812 176.1862 750.6194 209.7774 1.5387 1.6549 3.7113 5.6084 1.7124 35.4838 -1.1371 0.2402
Car -1 -1 -1.4685 686.4848 171.2861 717.0143 196.3851 1.5542 1.5890 3.7709 5.9415 1.4575 46.6933 -1.3431 0.2047
