Pedestrian -1 -1 0.0064 465.5851 173.2086 478.8106 204.3627 1.7385 0.6203 0.7264 -7.7949 1.7590 40.6409 -0.1823 0.3965
Pedestrian -1 -1 0.3777 125.7529 169.2846 152.1415 208.4838 1.7980 0.5430 0.8865 -21.8701 1.6346 33.4465 -0.1979 0.2536
Car -1 -1 2.1046 0.0000 177.7878 131.3967 259.2112 1.6869 1.6374 4.3642 -13.6960 1.8224 17.4869 1.4474 0.9478
Car -1 -1 -1.5044 501.7399 177.1848 540.3905 210.0339 1.4565 1.5918 3.5163 -4.2144 1.6734 34.2647 -1.6263 0.9295
Car -1 -1 -1.5415 554.8359 180.7495 607.5721 226.8108 1.3859 1.6346 3.7990 -0.9586 1.6728 24.2697 -1.5812 0.8952
Car -1 -1 1.8723 252.0453 180.1169 312.1816 215.3345 1.5486 1.5756 3.7090 -15.6186 1.9153 34.4593 1.4494 0.7725
Car -1 -1 -1.5829 462.4751 169.8090 491.6747 197.8073 1.5661 1.6128 3.6707 -7.8510 1.3961 42.3128 -1.7656 0.2667
Car -1 -1 1.8968 0.0000 172.0996 46.7647 205.6084 1.5142 1.5068 3.9682 -28.8028 1.4805 34.7248 1.2080 0.2642
Car -1 -1 1.4400 599.7324 175.6150 625.7098 196.9291 1.6337 1.5906 3.8107 0.1613 1.8629 57.8102 1.4423 0.2335
Car -1 -1 2.0177 66.8844 188.4041 164.2642 231.1644 1.3656 1.5013 3.6123 -17.9514 1.9741 26.3174 1.4236 0.1866
