Car -1 -1 -1.1166 172.9154 183.7154 328.2016 253.9095 1.4869 1.6150 4.2533 -8.4434 1.4563 17.3562 -1.5636 0.9347
Car -1 -1 -1.3857 455.5873 182.6955 514.6531 226.9686 1.5626 1.5528 3.6547 -4.6067 1.4748 27.2096 -1.5522 0.9326
Car -1 -1 -1.3416 355.8274 186.7788 474.0159 267.1564 1.5617 1.6259 4.1532 -4.2054 1.6025 16.1388 -1.5929 0.9113
Car -1 -1 -1.5376 579.3622 178.4684 609.5114 205.5621 1.4398 1.5645 3.4049 -0.7328 1.0824 39.9111 -1.5562 0.8041
Car -1 -1 -1.2612 295.5459 177.1598 361.0972 212.9294 1.5118 1.6126 3.9664 -12.5402 1.1725 32.4051 -1.6279 0.7501
Car -1 -1 -1.2695 319.2135 185.3451 396.5957 227.5758 1.3551 1.5648 3.4290 -8.5712 1.3610 24.8091 -1.5992 0.7296
Car -1 -1 1.3945 514.3986 178.3113 547.7509 202.8639 1.5262 1.5401 3.5849 -5.0313 1.0981 46.6162 1.2872 0.7026
Car -1 -1 -1.3864 406.3632 178.7418 452.6930 210.1726 1.4821 1.5913 3.6468 -8.8384 1.1779 35.7584 -1.6273 0.7011
Car -1 -1 1.6753 488.3409 175.4837 525.3306 207.4750 1.5728 1.5217 3.6512 -5.2047 1.0955 37.1889 1.5369 0.6407
Car -1 -1 -1.3004 384.1330 177.5629 427.8627 201.9576 1.4804 1.6121 4.1952 -12.7930 1.0171 45.7186 -1.5721 0.6364
