Pedestrian -1 -1 2.5729 452.0580 180.8340 581.5372 374.0000 1.5934 0.6087 0.7176 -0.6671 1.5904 5.2138 2.4449 0.5706
Pedestrian -1 -1 -1.8513 1103.9592 155.8854 1133.7434 208.0289 1.8116 0.6695 0.7409 18.2749 0.9227 25.4135 -1.2377 0.5639
Pedestrian -1 -1 -1.9784 753.3530 158.5728 774.3809 199.5550 1.8573 0.6767 0.8000 7.4483 0.8192 33.0097 -1.7631 0.4518
Pedestrian -1 -1 -1.8862 1085.8247 148.6758 1110.1318 194.8249 1.8794 0.6261 0.7268 20.4984 0.5436 29.6865 -1.2909 0.2933
Pedestrian -1 -1 0.7715 579.6134 130.4957 622.4468 216.7550 1.7901 0.5873 0.7060 -0.0470 0.7329 15.3610 0.7636 0.2639
Pedestrian -1 -1 -3.6961 1136.8960 75.6316 1238.0000 277.0753 1.8203 0.6795 0.6908 5.6554 0.8650 6.8643 -3.0306 0.2562
Pedestrian -1 -1 3.5894 50.4722 170.9725 90.7821 230.3566 1.8997 0.6840 0.8439 -17.3012 1.5640 23.3919 2.9528 0.1303
Car -1 -1 -0.9311 986.9694 181.3553 1220.5819 273.1782 1.4160 1.5129 3.5555 8.5974 1.4150 12.3794 -0.3393 0.9330
Car -1 -1 -0.6083 730.0601 151.6156 821.4205 184.3454 1.5434 1.6270 4.2084 8.5841 0.1351 35.4028 -0.3769 0.1695
Car -1 -1 0.2315 0.0000 154.6945 165.0266 204.0210 1.5888 1.6739 4.3680 -17.7294 0.7265 24.7395 -0.3901 0.1297
