Pedestrian -1 -1 3.6035 128.3088 170.7625 197.0916 297.4151 1.6949 0.5106 0.6439 -6.2007 1.6672 9.9345 3.0571 0.3932
Pedestrian -1 -1 0.3540 249.7075 184.0422 295.9410 279.7249 1.6994 0.5162 0.6229 -6.1938 1.9082 13.1601 -0.0787 0.3811
Pedestrian -1 -1 -1.6908 644.9133 169.6926 660.0007 203.4957 1.7487 0.7117 0.6549 2.1770 1.5856 37.6740 -1.6340 0.3507
Pedestrian -1 -1 2.1131 675.5472 162.6320 702.8245 214.5627 1.8355 0.6670 0.7901 2.8137 1.4746 26.0165 2.2190 0.3293
Pedestrian -1 -1 2.5921 959.2822 184.0376 1061.1940 316.8759 1.6859 0.5545 1.0407 5.2088 1.8386 9.5160 3.0787 0.2800
Pedestrian -1 -1 -1.7474 637.5634 170.4977 650.2987 201.7104 1.7964 0.6267 0.6865 1.9338 1.6611 41.9044 -1.7021 0.2772
Pedestrian -1 -1 2.3204 390.2197 177.0400 416.9875 228.7833 1.7482 0.6162 0.6402 -7.1565 1.8953 24.8688 2.0425 0.2317
Pedestrian -1 -1 -1.4620 405.5888 186.6694 423.4988 234.0164 1.6758 0.5429 0.8228 -7.1485 2.1873 26.2450 -1.7260 0.2160
Pedestrian -1 -1 1.0864 0.0000 180.6936 75.7486 360.5228 1.7535 0.5473 0.8650 -6.1692 1.8400 7.4949 0.4149 0.2009
Pedestrian -1 -1 -1.1643 48.7881 165.7491 85.5790 230.0106 1.7151 0.5717 0.6937 -14.8286 1.5258 19.6583 -1.8042 0.1930
Car -1 -1 3.5014 26.2302 176.2861 302.9446 269.0589 1.7046 1.8294 4.4152 -8.8411 1.7807 14.6365 2.9657 0.9733
Car -1 -1 -1.4673 431.8161 184.7423 498.0480 243.4090 1.4862 1.5113 3.5038 -4.1514 1.8596 20.8248 -1.6623 0.9469
Car -1 -1 1.6907 469.9637 179.3212 525.8488 225.6864 1.5940 1.6234 4.0164 -4.2221 1.8582 27.4036 1.5387 0.9006
Car -1 -1 1.7977 501.3013 178.6876 542.0599 206.9385 1.6134 1.6003 4.0818 -5.3874 1.9881 44.1910 1.6767 0.4285
Car -1 -1 -0.1384 639.2671 171.2136 712.0355 201.6843 1.5804 1.6442 3.6542 3.4150 1.4957 38.3338 -0.0507 0.2954
Car -1 -1 1.6361 418.2700 173.2300 450.3458 200.2697 1.6122 1.6888 4.0727 -10.9983 1.6373 45.2293 1.3986 0.2363
