Pedestrian -1 -1 1.1532 976.4385 154.8576 1018.5605 229.4762 1.7121 0.5513 0.8995 9.0787 1.2995 17.0196 1.6356 0.1946
Pedestrian -1 -1 0.9413 683.6827 165.9681 695.2281 189.1429 1.9202 0.5075 0.9310 6.6164 1.3500 60.3106 1.0497 0.1630
Pedestrian -1 -1 1.3111 1025.1664 156.7523 1057.1014 219.4133 1.7583 0.6017 0.7766 12.3120 1.3068 20.6983 1.8411 0.1286
Cyclist -1 -1 1.1595 1210.9233 181.7222 1242.0000 219.8885 1.7172 0.5342 1.6811 28.8230 2.1432 33.7522 1.8615 0.2058
Cyclist -1 -1 -2.0479 1059.4441 157.1328 1100.1674 215.8774 1.7387 0.4564 1.3690 14.2959 1.2737 22.0549 -1.4792 0.1202
Car -1 -1 2.1777 44.0500 187.8448 218.6640 253.6548 1.4708 1.6525 4.4112 -12.6382 1.9201 19.3733 1.6057 0.9601
Car -1 -1 1.9327 278.4188 181.8628 333.7141 208.8789 1.5755 1.7201 4.6021 -19.3019 2.1787 45.9563 1.5369 0.9155
Car -1 -1 1.9257 394.1859 178.4687 431.4103 198.9487 1.5668 1.6187 3.9895 -15.9330 2.0376 58.3864 1.6601 0.6255
Car -1 -1 1.8868 332.5969 186.7830 374.2739 210.3965 1.5478 1.5634 4.3186 -18.4702 2.5949 52.0389 1.5470 0.1447
Car -1 -1 -1.6225 659.1633 179.7434 730.0009 247.8200 1.5367 1.5815 3.7269 2.0357 1.7326 18.5742 -1.5160 0.1189
