Pedestrian -1 -1 1.5144 769.8512 124.0389 817.5587 238.5053 1.8098 0.7043 0.8693 2.9607 1.0383 11.8961 1.7520 0.5509
Pedestrian -1 -1 2.0687 101.4139 169.7905 181.5303 308.4424 1.6508 0.6516 0.5297 -5.8029 1.6147 8.8745 1.5029 0.4790
Pedestrian -1 -1 1.8228 41.6351 176.0480 118.6710 321.0483 1.6888 0.6208 0.6142 -6.5099 1.7300 8.8171 1.2010 0.3252
Pedestrian -1 -1 0.0632 658.7349 144.7607 699.5268 190.3441 1.8391 0.5152 1.6317 2.7875 0.7060 29.4902 0.1562 0.1296
Cyclist -1 -1 1.6250 557.4169 176.4384 568.2844 202.4371 1.7414 0.6520 1.7378 -3.2540 1.9917 49.4404 1.5592 0.4244
Cyclist -1 -1 0.0632 658.7349 144.7607 699.5268 190.3441 1.8391 0.5152 1.6317 2.7875 0.7060 29.4902 0.1562 0.3759
Car -1 -1 -1.8388 744.9236 181.0224 955.9551 327.1968 1.4139 1.5241 3.2479 2.6375 1.5323 8.7927 -1.5578 0.9467
Car -1 -1 -1.7153 659.5365 177.0625 720.6447 223.7056 1.4451 1.5558 3.4171 2.5933 1.5980 24.4045 -1.6114 0.9425
Car -1 -1 1.7728 450.2005 182.0257 512.9111 227.0499 1.5659 1.6347 3.8627 -4.9166 1.9450 27.8412 1.5991 0.9343
Car -1 -1 -1.2677 290.5202 181.0931 446.8618 285.3524 1.6836 1.6994 4.0331 -4.5114 1.8667 13.9877 -1.5749 0.9338
Car -1 -1 -0.8861 0.0000 215.2764 247.7266 375.0000 1.4924 1.5696 3.8038 -4.1762 1.8852 4.7631 -1.5788 0.8853
Car -1 -1 1.6485 508.2555 180.7038 540.5128 209.9950 1.6478 1.6323 4.0727 -5.1801 2.1468 43.7635 1.5309 0.7024
Car -1 -1 -1.5800 540.9593 181.5227 560.2404 200.7744 1.5687 1.6133 3.6447 -5.1758 2.3413 62.3826 -1.6629 0.3598
