Pedestrian -1 -1 -2.2010 919.7084 124.8525 1105.0684 374.0000 1.7051 0.6305 0.7994 2.4389 1.3919 4.4315 -1.7283 0.6986
Pedestrian -1 -1 -1.6817 751.0295 164.5363 771.5467 210.3784 1.7261 0.6680 0.8632 6.0957 1.0884 27.5082 -1.4707 0.6953
Pedestrian -1 -1 -3.2756 834.8275 136.2600 948.8564 325.6767 1.7703 0.6703 0.9548 2.8051 1.3488 7.1429 -2.9194 0.6722
Pedestrian -1 -1 1.8223 499.5895 151.9103 565.3451 293.4290 1.8032 0.6595 1.0096 -0.9565 1.4275 9.6988 1.7208 0.6327
Pedestrian -1 -1 -1.3794 566.8894 176.2074 586.1286 216.3353 1.5840 0.6171 0.9016 -1.0134 1.3761 28.8442 -1.4194 0.5810
Pedestrian -1 -1 1.7651 692.6208 161.0823 712.9017 207.7533 1.8019 0.6551 0.7820 3.9642 1.0146 28.2068 1.8984 0.5441
Pedestrian -1 -1 -0.0299 526.5245 160.8967 568.5724 248.0491 1.7103 0.6328 0.8202 -1.1311 1.3072 14.4545 -0.1120 0.5346
Pedestrian -1 -1 -2.3954 697.3443 165.6039 729.9792 216.7347 1.6842 0.6192 0.9051 3.7539 1.1617 24.2053 -2.2483 0.4443
Pedestrian -1 -1 -1.2913 1007.7823 193.9571 1114.9576 374.0000 1.5737 0.6835 0.7864 4.3224 1.7024 6.8239 -0.7497 0.2442
Cyclist -1 -1 1.5655 0.0000 142.5877 56.3021 338.3987 1.8070 0.5843 1.6574 -6.1075 1.4493 7.4543 0.8905 0.2964
Cyclist -1 -1 1.7896 566.4427 175.1963 586.6174 218.2177 1.6889 0.6174 0.9640 -1.0081 1.4425 28.7270 1.7497 0.1828
Cyclist -1 -1 -3.3500 831.1661 135.4656 952.6851 325.1199 1.7795 0.6868 0.9871 2.8081 1.3489 7.1496 -2.9938 0.1417
Cyclist -1 -1 -2.5730 695.7739 165.4639 729.8522 217.2794 1.7077 0.5949 0.9667 3.7281 1.1803 24.2138 -2.4270 0.1108
Car -1 -1 1.8640 312.1587 136.6377 524.8997 286.1538 1.8221 1.8647 4.5433 -2.5394 1.2767 11.0809 1.6383 0.8308
Car -1 -1 1.6896 494.0848 152.2521 574.4518 226.9229 1.6991 1.5939 3.9031 -1.6378 1.0348 18.3143 1.5966 0.8036
Car -1 -1 -1.8531 591.0628 166.4666 620.8149 185.2423 1.6544 1.5818 4.2078 0.4092 0.3302 65.5325 -1.8517 0.2398
