Pedestrian -1 -1 1.6721 629.6315 172.2087 642.8885 203.1521 1.7749 0.6081 1.7267 1.5124 1.7383 42.2817 1.7071 0.1834
Cyclist -1 -1 1.6721 629.6315 172.2087 642.8885 203.1521 1.7749 0.6081 1.7267 1.5124 1.7383 42.2817 1.7071 0.6305
Car -1 -1 -1.2588 298.0183 185.4744 510.4964 328.7039 1.4425 1.5522 3.6927 -2.4956 1.6419 9.4871 -1.5103 0.9679
Car -1 -1 -2.8705 363.8958 174.2517 495.7170 220.8400 1.4342 1.5448 3.8179 -5.7466 1.4809 23.0868 -3.1122 0.9381
Car -1 -1 -1.6587 713.2709 181.6470 791.3551 255.3382 1.5250 1.4968 3.0350 3.1964 1.7505 16.8882 -1.4758 0.9016
Car -1 -1 1.6004 541.7552 171.6991 586.3700 216.6523 1.6823 1.6688 4.0543 -1.8309 1.6395 29.0537 1.5375 0.8774
Car -1 -1 -1.6254 699.3690 183.3241 760.5098 239.4855 1.4911 1.5903 3.4958 3.4758 1.8320 21.6516 -1.4693 0.8242
Car -1 -1 -3.0186 495.3443 167.8369 559.7343 195.7598 1.5294 1.6282 3.4040 -4.6110 1.2549 40.3476 -3.1320 0.7366
Car -1 -1 1.5594 670.1938 178.9311 693.4980 200.4972 1.5119 1.6667 4.1353 5.3114 1.9844 53.9145 1.6566 0.6982
Car -1 -1 2.4218 0.0000 184.6968 252.9628 375.0000 1.5082 1.6236 3.8348 -2.9880 1.5788 2.3555 1.5729 0.6668
Car -1 -1 -2.5970 0.0000 0.0000 1227.2058 375.0000 1.5116 1.5606 3.5691 2.4122 1.4983 1.6402 -1.7037 0.5706
Car -1 -1 -1.4799 574.0122 177.0728 611.0219 207.4928 1.4605 1.5634 3.8817 -0.8898 1.6899 37.1802 -1.5042 0.4773
