Pedestrian -1 -1 -1.7338 593.1933 155.5025 605.3171 187.4375 2.0398 0.6919 0.5964 -0.7250 0.9318 46.4387 -1.7497 0.2137
Pedestrian -1 -1 0.1593 660.8392 171.6627 693.6942 230.5400 1.7561 0.6016 0.9121 2.0016 1.7209 21.9215 0.2483 0.2121
Pedestrian -1 -1 3.0753 614.0195 184.3139 639.8513 233.8766 1.6367 0.6523 0.8272 0.5206 2.0290 24.3287 3.0956 0.1895
Car -1 -1 -1.7670 448.8437 186.5394 539.4973 255.1643 1.5700 1.6738 3.8313 -3.2608 1.9785 19.4255 -1.9319 0.9483
Car -1 -1 -1.5475 228.6382 189.5105 283.3540 239.1360 1.5688 1.6681 3.5963 -12.7929 2.2180 26.1199 -1.9993 0.9394
Car -1 -1 1.7224 0.0000 151.8641 237.0354 371.7705 1.9229 1.7398 4.6563 -5.7403 1.7397 8.7878 1.1571 0.9384
Car -1 -1 -1.7493 427.9514 183.5294 490.1204 234.8407 1.6133 1.5570 3.3347 -5.3893 2.0150 25.2858 -1.9578 0.8883
Car -1 -1 -1.7585 402.4590 188.1515 462.3060 233.5930 1.6347 1.6644 3.9424 -7.3723 2.3066 29.5329 -2.0016 0.8464
Car -1 -1 -1.5753 385.8836 184.7673 414.9373 212.3691 1.4575 1.5429 3.3542 -12.0939 2.1732 41.5003 -1.8576 0.6124
Car -1 -1 0.8109 797.0403 197.2773 1039.0861 321.9716 1.4271 1.4813 3.1723 4.3118 1.8485 10.6882 1.1835 0.2023
