Car -1 -1 -1.9383 758.4017 185.2101 1084.4043 375.0000 1.4067 1.5607 3.9802 2.7322 1.5698 7.4844 -1.6021 0.9729
Car -1 -1 -1.7009 651.2498 172.2721 698.9686 207.0562 1.3736 1.5421 3.4442 2.6324 1.3510 30.2460 -1.6154 0.9389
Car -1 -1 -1.7943 680.4875 169.0737 782.2005 244.8899 1.5744 1.5715 3.3977 2.6488 1.4962 16.7301 -1.6408 0.9185
Car -1 -1 0.2426 377.9502 169.9195 497.6748 212.4638 1.4676 1.5497 3.8868 -6.1115 1.3668 25.6839 0.0109 0.8541
Car -1 -1 0.4751 203.4946 174.4431 429.4888 253.0550 1.5431 1.6371 4.1279 -6.1448 1.5792 15.2156 0.0968 0.8404
Car -1 -1 0.4958 278.5341 170.5856 449.3539 238.0732 1.5768 1.5763 3.7232 -6.1166 1.5242 17.9495 0.1714 0.8059
Car -1 -1 3.4188 276.0121 150.7824 433.9821 209.9273 1.5812 1.6491 3.8684 -7.0920 0.9915 20.2186 3.0853 0.7865
Car -1 -1 -1.7636 659.8420 163.5082 692.8023 187.1840 1.6415 1.6566 3.8130 4.7109 0.9939 52.0041 -1.6740 0.5860
Car -1 -1 0.2245 411.0410 171.7637 516.8682 215.2269 1.6323 1.6135 3.7531 -5.6454 1.5917 27.9513 0.0265 0.5715
Car -1 -1 -2.4396 0.0000 0.0000 1242.0000 375.0000 1.5640 1.6226 3.9340 2.6448 1.5481 1.4971 -1.4655 0.5346
Car -1 -1 1.1858 1156.6313 169.3239 1242.0000 211.4143 1.4356 1.4643 3.4410 21.6193 1.3155 26.4652 1.8651 0.4837
