Pedestrian -1 -1 1.7555 593.4122 153.3547 609.6274 193.5358 1.9187 0.6650 0.7125 -0.4450 0.9880 34.8601 1.7425 0.5575
Pedestrian -1 -1 0.9617 616.0596 136.9693 656.3908 192.5517 1.8206 0.5412 1.6052 0.8292 0.6456 24.4518 0.9949 0.1096
Cyclist -1 -1 2.2033 0.0000 175.3832 236.8608 375.0000 1.6836 0.5497 1.7493 -2.9636 1.7016 4.1542 1.6126 0.7367
Cyclist -1 -1 0.9617 616.0596 136.9693 656.3908 192.5517 1.8206 0.5412 1.6052 0.8292 0.6456 24.4518 0.9949 0.4506
Car -1 -1 1.9368 113.7445 193.5686 352.9583 327.9335 1.5267 1.7269 4.3359 -5.4874 1.9104 11.1167 1.4871 0.9613
Car -1 -1 -1.9337 703.2113 175.9192 927.5400 304.8941 1.3678 1.5447 3.7843 2.4359 1.4178 9.7170 -1.6962 0.9547
Car -1 -1 -1.4337 403.3132 189.6239 458.8321 233.5459 1.4542 1.5511 3.5390 -6.7013 2.1280 27.1318 -1.6742 0.9520
Car -1 -1 -1.7362 609.5637 180.4749 682.6083 238.0347 1.5445 1.6038 3.5747 0.9553 1.7941 21.7262 -1.6937 0.9429
Car -1 -1 -1.0425 0.0000 204.3466 224.2864 375.0000 1.4745 1.6006 3.7640 -4.8436 1.8213 5.9646 -1.7032 0.8569
Car -1 -1 -1.6567 583.9355 181.4959 625.7691 217.3020 1.4513 1.5403 3.5750 -0.3180 1.8570 31.9907 -1.6672 0.8488
Car -1 -1 -1.4745 430.3892 183.1765 470.6005 218.4348 1.6061 1.5883 3.9852 -7.9726 2.1534 36.1527 -1.6905 0.8019
Car -1 -1 2.7851 738.5197 173.7415 873.4727 226.0285 1.4754 1.5354 3.5343 5.6926 1.5031 21.3287 3.0419 0.7507
Car -1 -1 -1.6626 565.6470 179.6612 593.9124 203.8161 1.4900 1.5345 3.4749 -2.0463 1.9544 47.3595 -1.7060 0.4643
