Pedestrian -1 -1 -2.2598 380.9036 148.0768 405.0783 195.9848 1.9942 0.6946 0.6971 -9.2181 0.9632 30.5150 -2.5510 0.1672
Pedestrian -1 -1 -1.5287 471.8361 157.8350 485.2177 197.7520 1.8618 0.5924 0.7080 -6.2390 1.1617 34.0431 -1.7089 0.1399
Pedestrian -1 -1 -0.9151 4.4559 139.7688 54.2603 213.9297 1.8936 0.7554 0.6730 -15.1381 1.0492 18.7633 -1.5871 0.1338
Cyclist -1 -1 -1.7561 547.0867 171.6028 559.6857 195.1682 1.6397 0.5907 1.6657 -4.0434 1.5530 51.0835 -1.8350 0.1982
Car -1 -1 1.8452 365.6983 174.1306 506.5538 269.2980 1.6161 1.6356 4.1268 -3.3268 1.6457 14.4088 1.6215 0.9713
Car -1 -1 -1.5977 526.1446 170.6416 552.2781 195.4964 1.4898 1.5273 3.3427 -4.4758 1.3575 45.0001 -1.6966 0.8098
Car -1 -1 3.1448 405.6612 166.4103 482.1010 195.9664 1.5342 1.6370 3.9116 -8.9160 1.2000 38.6790 2.9195 0.3816
Car -1 -1 1.5653 539.0644 171.1986 562.6482 193.7492 1.5582 1.6266 4.2593 -4.3080 1.4442 52.0483 1.4828 0.3345
Car -1 -1 1.4538 489.9948 172.8962 514.1447 192.9627 1.6298 1.5803 3.7098 -9.1152 1.6338 60.6049 1.3048 0.2000
Car -1 -1 1.6771 481.5187 161.2287 511.0493 187.5520 1.8407 1.7150 3.9070 -8.2529 1.0281 52.4448 1.5216 0.1299
