Pedestrian -1 -1 0.9222 477.1584 154.2959 497.3434 192.7411 1.9307 0.5924 0.8965 -6.2920 0.9991 36.7551 0.7536 0.3089
Pedestrian -1 -1 -3.7750 1186.9069 145.2590 1242.0000 247.8900 1.7599 0.6413 0.7863 10.7628 1.2871 12.7127 -3.0841 0.1943
Pedestrian -1 -1 1.3635 788.2831 119.3512 828.2551 209.4801 1.8234 0.6638 0.7025 4.0515 0.7413 14.9629 1.6228 0.1823
Pedestrian -1 -1 -2.4961 983.1658 180.0067 1034.1683 264.7923 1.7063 0.5341 0.7632 8.2601 1.8604 15.0538 -2.0033 0.1163
Cyclist -1 -1 -3.1102 586.1265 174.0968 621.1338 206.6415 1.7265 0.7544 1.8563 -0.3692 1.7942 38.7030 -3.1202 0.6533
Cyclist -1 -1 2.1980 210.5882 180.3521 236.6312 207.5365 1.7184 0.5256 1.8247 -25.2205 2.2176 47.0648 1.7082 0.5307
Cyclist -1 -1 2.3171 188.4388 180.8103 219.8418 213.4449 1.6954 0.5391 1.5788 -21.8011 2.1319 38.7181 1.8070 0.2867
Cyclist -1 -1 -1.6581 749.4721 162.0773 768.1484 208.8607 1.7338 0.5351 1.8306 5.6535 1.3348 27.6765 -1.4591 0.2728
Cyclist -1 -1 -3.2355 920.4258 160.7959 972.2339 206.2213 1.7152 0.6110 1.7578 12.9052 1.2603 27.8196 -2.8055 0.1363
Car -1 -1 2.2455 0.0000 201.6971 166.4364 356.4481 1.4308 1.5490 3.9919 -7.8349 1.8876 9.4145 1.5651 0.8573
Car -1 -1 -1.6841 584.1528 178.3841 620.4187 207.1821 1.4963 1.5863 3.8663 -0.5116 1.8209 40.2804 -1.6973 0.1564
Car -1 -1 1.7729 403.3273 179.2629 465.1109 222.2502 1.4670 1.5197 3.7782 -6.5653 1.7251 27.1048 1.5370 0.1160
Car -1 -1 1.7313 439.1013 179.8219 485.8137 214.0245 1.4242 1.5099 3.5984 -6.6505 1.7572 32.6147 1.5312 0.1147
