Pedestrian -1 -1 1.5411 282.2909 157.6935 326.7936 271.4983 1.7511 0.6386 0.6539 -4.9028 1.3288 11.4867 1.1459 0.3238
Car -1 -1 -1.6060 510.9616 165.6449 546.4138 197.1215 1.4279 1.5584 3.5680 -3.8672 0.5412 34.4856 -1.7170 0.9297
Car -1 -1 -1.7063 580.7050 165.1874 622.1907 196.7133 1.5409 1.6153 3.9585 -0.4104 0.5631 37.2083 -1.7176 0.9284
Car -1 -1 2.8226 527.7727 174.1926 586.5822 196.0364 1.4931 1.5524 3.8343 -3.5788 0.7407 50.5773 2.7520 0.2673
Car -1 -1 -2.1077 476.0751 159.8372 531.1179 188.3228 1.7720 1.6736 4.1212 -6.8519 0.1944 46.8407 -2.2524 0.2062
Car -1 -1 -0.3251 524.7314 180.6519 593.9019 206.7181 1.5291 1.5596 3.8950 -2.9648 1.2625 43.6309 -0.3929 0.1994
Car -1 -1 0.2338 157.4417 168.3986 233.7226 195.2663 1.5330 1.6105 3.6183 -24.2103 0.5746 42.2920 -0.2835 0.1518
Car -1 -1 1.1731 466.3837 167.8688 507.8962 190.2739 1.6895 1.6779 4.3002 -9.5304 0.3825 56.4671 1.0064 0.1501
Car -1 -1 1.5169 444.3102 169.2671 479.6097 197.9763 1.4446 1.6231 4.0592 -7.8490 0.6432 38.3360 1.3160 0.1432
Car -1 -1 2.4429 128.3147 164.7219 202.4398 193.2065 1.6893 1.7598 3.6396 -27.4204 0.4750 44.6343 1.8945 0.1246
