Pedestrian -1 -1 2.1112 908.0232 158.6505 940.0833 217.1317 1.8207 0.6428 0.7496 9.9399 1.3789 22.9416 2.5149 0.5462
Car -1 -1 3.5918 31.8873 179.9775 332.4640 288.6302 1.5247 1.6025 3.6748 -6.4824 1.6444 11.1640 3.0756 0.9755
Car -1 -1 -1.9631 786.5968 181.7708 1138.1708 375.0000 1.4946 1.6418 3.9285 3.0796 1.6107 7.3908 -1.5836 0.9670
Car -1 -1 -1.7341 684.0808 186.4938 758.0349 242.3807 1.4187 1.5508 3.4061 3.0792 1.8461 20.8704 -1.5906 0.9570
Car -1 -1 -2.7370 214.4928 182.6621 422.3201 255.0048 1.4809 1.5667 3.9319 -6.3458 1.7079 15.8344 -3.1129 0.9361
Car -1 -1 0.2687 336.7091 176.5916 478.4928 234.0268 1.5722 1.5496 3.6202 -5.7576 1.6835 20.6259 -0.0007 0.8689
Car -1 -1 3.9040 0.0000 189.4330 133.0832 375.0000 1.4447 1.6182 4.2536 -6.4720 1.5963 5.6248 3.0723 0.7462
Car -1 -1 3.2357 369.8029 180.3312 485.5432 225.5548 1.4962 1.6342 3.7985 -6.3560 1.7703 25.3213 2.9917 0.7294
Car -1 -1 -0.2256 739.2268 185.4703 850.0826 224.3949 1.4425 1.6561 3.9146 7.0984 1.9504 28.1603 0.0182 0.7174
Car -1 -1 0.1553 467.0427 178.5586 542.9591 209.2812 1.8358 1.7970 4.3963 -6.4453 2.1944 44.3794 0.0114 0.6818
Car -1 -1 0.3946 126.9586 181.1749 405.4800 271.8996 1.5436 1.7091 4.3411 -6.2457 1.7089 13.3743 -0.0352 0.6818
Car -1 -1 0.0343 727.0464 178.3122 828.6023 215.8563 1.5000 1.5945 4.0761 7.0390 1.7408 30.4923 0.2584 0.6038
Car -1 -1 -2.9428 424.6263 170.2045 515.0990 203.9464 1.5858 1.6677 4.0287 -6.7389 1.4617 34.7596 -3.1333 0.5996
Car -1 -1 -0.2253 695.6750 170.6838 781.2572 200.8644 1.5668 1.6682 4.2149 6.7583 1.4545 38.4004 -0.0529 0.5082
