Car -1 -1 1.9145 183.1061 198.4871 428.7599 358.5145 1.4741 1.5905 3.8064 -3.5965 1.8688 9.1782 1.5498 0.9661
Car -1 -1 -1.8713 753.7390 183.8381 1013.4248 355.2371 1.4348 1.5708 3.5679 2.6790 1.5851 8.0574 -1.5624 0.9562
Car -1 -1 -1.7741 691.7537 181.5620 828.0994 274.1171 1.4536 1.6422 4.3600 2.6413 1.6487 13.9392 -1.5918 0.9546
Car -1 -1 1.8166 355.8378 194.4150 487.3764 285.7018 1.4785 1.5995 4.1375 -3.7097 1.9810 14.7320 1.5732 0.9535
Car -1 -1 -1.7571 672.3079 178.3323 764.2221 241.7098 1.5384 1.6862 4.5202 2.8439 1.7097 20.2080 -1.6201 0.8409
Car -1 -1 1.6921 465.9683 185.5898 525.0344 233.3801 1.4666 1.5745 3.8051 -3.9484 1.9440 25.0958 1.5370 0.8370
Car -1 -1 -2.3342 929.3179 190.8353 1242.0000 375.0000 1.4942 1.5688 3.6647 2.9850 1.6187 3.1146 -1.6171 0.8072
Car -1 -1 -1.6904 663.5482 178.0837 721.4203 225.3945 1.5370 1.5869 3.7885 2.8257 1.7379 25.7623 -1.5831 0.7780
Car -1 -1 1.7177 425.7579 189.1783 499.9046 249.4481 1.4580 1.5319 3.4566 -4.0721 1.9548 20.1732 1.5203 0.7561
Car -1 -1 -1.6332 638.1373 177.6331 666.6996 202.5529 1.5441 1.6285 3.7484 2.7133 1.8703 47.3063 -1.5767 0.5767
