Pedestrian -1 -1 1.3775 955.3610 156.1100 988.8116 222.2882 1.8123 0.6572 0.9854 10.1370 1.3541 20.3178 1.8341 0.8330
Pedestrian -1 -1 2.5934 544.4680 176.5798 569.2980 216.2245 1.6994 0.6269 0.8853 -2.3622 1.8652 31.5352 2.5187 0.4122
Pedestrian -1 -1 2.3393 653.2951 164.9133 681.5135 206.0280 1.7226 0.6002 1.1096 2.4140 1.3902 30.8200 2.4162 0.1915
Cyclist -1 -1 1.9911 655.3036 164.9792 679.0364 206.5190 1.7364 0.5646 1.2206 2.4086 1.4076 30.8298 2.0678 0.2789
Cyclist -1 -1 2.3511 543.8707 176.8510 569.7275 216.3139 1.6905 0.6336 0.9658 -2.3675 1.8691 31.5958 2.2764 0.2304
Cyclist -1 -1 0.7678 796.0009 121.4767 856.2017 188.5858 1.7882 0.5949 1.6496 5.9458 0.4196 20.0876 1.0516 0.1942
Cyclist -1 -1 -2.1889 995.4183 136.8961 1056.8273 203.1601 1.7906 0.4829 1.9028 11.7179 0.8193 20.4657 -1.6752 0.1814
Car -1 -1 1.8515 332.1907 188.6062 529.9197 330.0019 1.4497 1.5656 3.5957 -2.2077 1.7009 9.6470 1.6312 0.9513
Car -1 -1 -2.9651 958.9285 172.7648 1016.2331 192.6453 1.4956 1.5217 3.7352 29.2705 1.4893 56.0212 -2.4861 0.2955
Car -1 -1 1.6448 765.7208 172.1065 786.6917 188.7602 1.4845 1.6000 3.9577 15.3105 1.4183 66.4429 1.8701 0.1536
Car -1 -1 0.2137 869.8928 180.3945 945.6288 209.1428 1.4813 1.4651 3.6223 16.3093 1.9131 39.6577 0.6008 0.1349
