Car -1 -1 -0.6756 946.7676 194.2944 1242.0000 320.6110 1.4084 1.6210 3.7353 6.5334 1.7143 9.3244 -0.0801 0.9828
Car -1 -1 -0.5698 876.0869 179.7373 1148.5845 282.0041 1.5024 1.6014 3.5634 6.3348 1.6231 11.6720 -0.0840 0.9763
Car -1 -1 -0.2602 729.2767 183.6187 885.2219 240.6304 1.5943 1.7471 4.1424 5.7075 1.9269 21.3886 -0.0037 0.9597
Car -1 -1 0.2085 394.8567 181.0584 509.1423 221.5453 1.5753 1.6468 4.2764 -6.3802 1.9177 29.2437 -0.0050 0.9450
Car -1 -1 0.5542 68.5331 180.9637 389.0878 297.5844 1.6116 1.6445 4.1260 -5.7740 1.7479 11.0981 0.0837 0.9399
Car -1 -1 3.4303 212.2000 171.6255 418.2894 247.3652 1.5675 1.6223 3.9044 -6.4110 1.5424 15.9113 3.0525 0.9273
Car -1 -1 0.5035 153.2191 183.9458 414.3591 272.1906 1.4935 1.5807 4.1943 -6.0148 1.7153 13.4274 0.0891 0.9021
Car -1 -1 3.8223 0.0000 177.5558 239.7226 361.1895 1.4173 1.6397 4.1183 -5.8798 1.4659 6.5017 3.1073 0.8944
Car -1 -1 0.6932 0.0000 192.7961 290.6986 333.6095 1.4997 1.5474 3.4979 -6.0778 1.7729 8.9111 0.1081 0.8911
Car -1 -1 -1.6422 635.6353 181.8419 673.3268 211.9060 1.3641 1.5899 3.6264 2.1128 1.8313 35.6504 -1.5841 0.8883
Car -1 -1 3.4304 317.9100 186.0811 462.2487 239.1174 1.4615 1.5871 3.7353 -6.3921 1.8629 21.0771 3.1389 0.7161
