Pedestrian -1 -1 -1.9531 195.2663 180.1061 220.5438 223.3076 1.7082 0.6972 0.6614 -16.2966 2.0066 29.1671 -2.4590 0.3110
Cyclist -1 -1 -1.8396 636.4339 175.1525 660.0334 219.9437 1.7858 0.4926 1.8570 1.5248 1.8842 29.8224 -1.7897 0.6636
Cyclist -1 -1 2.6254 632.0928 164.2046 680.3696 209.5485 1.7099 0.6260 1.7865 1.7474 1.3841 27.8793 2.6868 0.5255
Cyclist -1 -1 -2.3700 653.5785 169.3137 697.3611 217.0495 1.6843 0.4524 1.7694 2.3246 1.5598 26.2737 -2.2834 0.2996
Cyclist -1 -1 -2.2554 653.3066 165.5645 689.6446 211.4524 1.7933 0.5335 1.6439 2.4177 1.5088 29.0239 -2.1737 0.2818
Car -1 -1 -1.4600 461.5873 178.8351 537.6270 245.4333 1.6440 1.6672 3.8772 -3.0242 1.8276 20.1305 -1.6080 0.9538
Car -1 -1 2.0706 73.9612 193.6870 257.0431 276.2981 1.4957 1.6046 4.3381 -9.8544 2.0321 16.3650 1.5354 0.9491
Car -1 -1 1.9470 316.4165 187.9515 380.8855 221.9471 1.4978 1.6876 3.8131 -12.7909 2.2802 35.4370 1.6025 0.7814
Car -1 -1 1.4835 580.4137 178.6071 610.8220 204.8535 1.5939 1.6337 3.7746 -0.9988 1.9819 46.6420 1.4617 0.7194
Car -1 -1 1.6814 439.7950 181.9866 470.3680 206.7478 1.6328 1.6679 4.2646 -11.0199 2.3118 51.4078 1.4709 0.2398
Car -1 -1 1.7458 178.7422 188.0167 208.6661 206.3312 1.5142 1.6825 3.9411 -37.6720 2.9325 65.3339 1.2243 0.2380
