Car -1 -1 -1.9282 764.0161 183.8443 981.6384 309.9561 1.4520 1.5775 4.1354 3.5663 1.6485 10.7737 -1.6178 0.9624
Car -1 -1 2.0002 143.3477 191.6216 387.2358 326.9202 1.5022 1.6295 3.9748 -4.7666 1.8294 10.5619 1.5850 0.9607
Car -1 -1 -2.0996 886.1674 189.2404 1242.0000 375.0000 1.4854 1.6202 3.7717 3.5948 1.6561 5.6019 -1.5538 0.9510
Car -1 -1 -1.7868 722.8252 180.9719 840.7233 262.7765 1.5370 1.6613 3.9395 3.5783 1.7386 15.9145 -1.5706 0.9446
Car -1 -1 1.8554 319.5359 187.6337 453.0176 266.5562 1.4088 1.6082 4.3271 -4.7666 1.7783 15.8547 1.5672 0.9291
Car -1 -1 1.7043 486.4722 180.7346 532.9196 218.5082 1.5372 1.5865 3.3987 -4.4029 1.9032 31.7727 1.5672 0.9205
Car -1 -1 -1.7210 708.3987 179.6478 783.8383 238.9726 1.5691 1.6193 3.7681 3.8956 1.7892 21.4228 -1.5444 0.9119
Car -1 -1 2.2764 0.0000 197.3898 191.6095 375.0000 1.4687 1.5516 3.8264 -4.7411 1.7023 4.9163 1.5360 0.8550
Car -1 -1 -1.7145 691.8768 179.5114 751.6025 224.6518 1.5190 1.6161 3.9783 4.0336 1.7855 26.8564 -1.5677 0.7946
Car -1 -1 1.7457 504.3839 178.1020 550.2183 210.0555 1.4892 1.5962 4.1827 -4.1523 1.7703 36.4622 1.6327 0.7534
Car -1 -1 -3.2711 749.8518 165.6045 801.0049 187.9814 1.7323 1.6905 3.7390 12.9783 1.1714 56.8705 -3.0481 0.7301
