Pedestrian -1 -1 1.6709 1123.7755 122.5385 1190.0652 271.1552 1.7448 0.6035 0.6293 6.6983 1.1544 8.9039 2.2999 0.4538
Pedestrian -1 -1 0.4078 732.2286 166.5768 765.8541 225.3836 1.7759 0.5016 0.8928 4.2397 1.5867 22.2438 0.5930 0.2138
Pedestrian -1 -1 -1.3600 909.1967 166.2969 942.4067 239.0218 1.7734 0.6289 0.7280 7.8644 1.6139 18.0711 -0.9562 0.1487
Pedestrian -1 -1 -1.9836 915.8993 148.4449 949.8942 203.2297 1.7938 0.7716 0.8060 10.6986 0.9950 24.0262 -1.5694 0.1410
Pedestrian -1 -1 3.3294 135.0293 129.4177 188.4909 247.2223 1.8273 0.5355 0.6358 -7.2173 1.1539 11.5517 2.7810 0.1410
Pedestrian -1 -1 -1.7954 991.9657 72.4028 1103.7123 316.5375 1.8167 0.6235 0.6238 3.4069 1.0696 5.7540 -1.2830 0.1406
Car -1 -1 1.6999 561.1848 181.2548 601.3411 212.1413 1.4914 1.6147 4.0035 -1.4978 1.9586 38.0280 1.6602 0.9081
Car -1 -1 1.4596 690.8665 175.1971 715.8143 195.5234 1.5810 1.5638 4.0129 7.5225 1.7782 58.6029 1.5862 0.2524
Car -1 -1 -1.6281 592.6350 177.2100 611.1374 193.6389 1.4987 1.5544 3.5202 -0.8111 1.9241 68.5895 -1.6403 0.1866
Car -1 -1 -0.2305 703.8768 177.2984 770.8986 204.6682 1.5547 1.6520 3.5756 7.3862 1.8209 42.2155 -0.0590 0.1531
