Pedestrian -1 -1 2.8708 240.9032 127.4235 401.5090 374.0000 1.6714 0.5978 0.8499 -1.8828 1.3565 4.6920 2.5014 0.6131
Pedestrian -1 -1 -0.9398 281.8306 167.1788 312.4062 224.2990 1.8223 0.5507 0.8013 -9.9191 1.3665 23.3669 -1.3423 0.5900
Pedestrian -1 -1 -3.2005 757.4064 157.8608 771.8380 198.9426 1.8689 0.6075 0.6073 7.4876 0.7944 33.0237 -2.9842 0.2439
Pedestrian -1 -1 -0.6685 1129.4580 72.2971 1238.0000 271.8678 1.8291 0.6941 0.7436 5.6742 0.8296 6.9302 -0.0059 0.2277
Pedestrian -1 -1 -0.7674 0.0000 202.8025 117.7086 374.0000 1.5350 0.5350 0.6647 -3.3969 1.6722 4.2079 -1.4237 0.2162
Pedestrian -1 -1 -0.9138 241.2586 147.7799 275.2619 208.3673 1.8431 0.6079 0.7727 -10.6705 0.8185 22.2913 -1.3606 0.1968
Pedestrian -1 -1 -0.8576 0.0000 157.5436 24.9525 216.4330 1.8590 0.6401 0.5768 -19.0135 1.1039 22.9693 -1.5485 0.1678
Pedestrian -1 -1 1.4243 584.4500 128.8357 615.9977 215.3094 1.8088 0.5781 0.6804 -0.0697 0.7084 15.4038 1.4149 0.1410
Pedestrian -1 -1 -3.0139 628.1161 155.0074 677.0433 203.2494 1.7058 0.6545 1.6921 1.8262 0.7701 25.8798 -2.9491 0.1208
Cyclist -1 -1 2.9292 627.7843 158.0470 679.7322 206.8099 1.7125 0.6308 1.7555 1.8405 0.8899 25.6639 2.9951 0.3831
Car -1 -1 -0.0968 352.0530 197.5766 661.7857 326.9767 1.4517 1.6007 3.7829 -1.2957 1.6946 9.5750 -0.2338 0.9216
Car -1 -1 2.2697 1039.8542 142.9005 1166.9497 194.6787 1.6854 1.6365 3.6411 17.1827 0.4301 24.6582 2.8685 0.1383
Car -1 -1 -1.9293 0.0000 173.2103 169.2666 374.0000 1.4973 1.6175 3.9261 -4.9890 1.4618 4.7426 -2.7189 0.1336
