Pedestrian -1 -1 -1.2104 272.2269 174.0168 302.0357 230.5618 1.6702 0.6209 0.6630 -9.5711 1.4803 21.2277 -1.6267 0.7028
Pedestrian -1 -1 -2.6852 245.5118 173.8104 289.1257 237.3552 1.7289 0.6390 0.8989 -9.3692 1.5485 19.5594 -3.1239 0.6545
Pedestrian -1 -1 -3.0235 551.0273 161.0347 586.4765 221.9494 1.7547 0.6219 0.9705 -1.0884 1.1956 20.7058 -3.0733 0.5680
Pedestrian -1 -1 1.6594 396.7348 154.1848 432.5880 232.5262 1.9589 0.8027 1.0269 -4.9360 1.3025 18.2481 1.4015 0.4202
Pedestrian -1 -1 -0.7025 355.7564 165.9239 388.7798 226.4702 1.7490 0.6694 0.6477 -6.9026 1.3295 20.8711 -1.0156 0.3485
Pedestrian -1 -1 -2.9789 1113.5944 147.1026 1146.1079 194.8126 1.8438 0.6608 0.9371 20.6772 0.5546 27.8860 -2.3446 0.3378
Pedestrian -1 -1 -3.5496 938.5540 141.7024 1008.8393 200.3688 1.7941 0.6499 1.8323 11.4252 0.6092 22.0029 -3.0747 0.1291
Cyclist -1 -1 2.6049 760.8683 153.5762 802.7043 192.9558 1.7380 0.6442 1.7387 7.9215 0.5512 31.7603 2.8488 0.7774
Cyclist -1 -1 -3.2615 1016.3547 133.9367 1109.7118 208.8862 1.7014 0.6351 1.7842 10.7488 0.6460 16.7156 -2.6968 0.7406
Cyclist -1 -1 -0.3132 285.9304 168.1859 364.7958 238.7606 1.7415 0.5693 1.8049 -7.2303 1.4393 18.2328 -0.6830 0.6813
Cyclist -1 -1 -1.5723 855.2141 151.5548 868.6762 195.1748 1.7177 0.4996 1.8887 10.4431 0.5794 28.8115 -1.2262 0.6125
Cyclist -1 -1 -3.5360 937.9410 142.2234 1008.8550 200.9058 1.7969 0.6033 1.8711 11.4257 0.6264 22.0211 -3.0615 0.6063
Cyclist -1 -1 -2.5306 1013.6892 149.9346 1064.4357 194.2149 1.6883 0.5610 1.6816 17.0440 0.5244 27.8362 -1.9845 0.5271
Cyclist -1 -1 -2.9699 550.4392 160.8912 588.2515 222.6392 1.7768 0.6083 1.0172 -1.0715 1.2141 20.7043 -3.0190 0.1868
Cyclist -1 -1 -2.9789 1113.5944 147.1026 1146.1079 194.8126 1.8438 0.6608 0.9371 20.6772 0.5546 27.8860 -2.3446 0.1661
Cyclist -1 -1 1.6470 398.3139 155.9537 432.1719 231.8524 1.9045 0.7662 1.0554 -4.9418 1.2901 18.3245 1.3898 0.1498
Cyclist -1 -1 -2.6550 247.1047 174.5021 290.8451 236.9312 1.6982 0.6192 0.9090 -9.3245 1.5366 19.5601 -3.0918 0.1376
Car -1 -1 -1.3194 358.3198 176.0638 493.3402 263.3662 1.4596 1.5893 3.8517 -3.3476 1.3870 13.7569 -1.5510 0.9687
Car -1 -1 -0.4494 1009.8642 156.3930 1134.7898 192.2026 1.4359 1.5953 4.0417 19.3179 0.4707 29.3965 0.1287 0.8925
Car -1 -1 1.6250 475.1905 168.7705 499.0240 191.0649 1.6438 1.5855 3.8548 -8.9827 0.7803 54.1290 1.4633 0.7518
