Pedestrian -1 -1 -1.4495 401.4698 160.4612 419.5180 200.6918 1.9074 0.7362 0.8773 -9.5130 0.7349 34.5658 -1.7163 0.4325
Car -1 -1 -1.1944 219.2653 185.2583 397.4796 279.5203 1.4369 1.6023 3.8103 -5.1719 1.4389 12.8617 -1.5697 0.9656
Car -1 -1 -0.9927 0.0000 187.6208 222.8569 275.9936 1.3639 1.5074 3.7019 -8.7739 1.4149 13.0463 -1.5754 0.9242
Car -1 -1 -1.6122 573.9937 174.3549 614.4948 211.9303 1.5753 1.6406 3.6309 -0.6859 1.1211 31.9962 -1.6339 0.8963
Car -1 -1 -1.0927 167.1169 181.4733 285.3038 230.8209 1.4167 1.5843 4.0468 -11.9036 1.3104 22.6573 -1.5718 0.8752
Car -1 -1 -1.2271 280.5592 167.5773 378.5480 220.0388 1.4638 1.5839 3.8059 -8.4165 0.9728 21.9710 -1.5889 0.8460
Car -1 -1 -1.2845 351.7291 181.9411 417.6864 220.3777 1.4404 1.5625 3.5796 -8.8713 1.3188 28.7325 -1.5816 0.8372
Car -1 -1 -0.9173 0.0000 209.0775 235.7814 376.0000 1.4291 1.5709 3.6642 -4.4114 1.6628 5.1491 -1.6003 0.8325
Car -1 -1 -1.4522 448.2611 153.6302 519.9697 224.2392 2.2350 1.9028 4.8389 -4.2543 1.2363 25.2115 -1.6180 0.5412
Car -1 -1 -1.7090 495.1684 173.3180 533.1320 201.3454 1.4792 1.5829 3.7616 -5.2748 0.8524 39.9600 -1.8397 0.3223
