Pedestrian -1 -1 1.7154 795.0735 155.5964 853.9500 271.3006 1.6935 0.7688 0.7866 3.3903 1.3157 11.0294 2.0015 0.5809
Pedestrian -1 -1 1.2672 700.8893 155.7773 730.1063 223.0238 1.7954 0.5936 0.7177 3.0713 1.1098 19.5760 1.4156 0.3090
Pedestrian -1 -1 -1.5819 539.6556 153.6259 551.8419 186.4038 2.0174 0.7417 0.8123 -3.4592 0.3026 44.6478 -1.6635 0.2972
Pedestrian -1 -1 -3.2403 662.6582 131.9456 764.9318 305.2239 1.8212 0.5412 1.0456 1.1573 1.3018 7.8374 -3.1042 0.2687
Pedestrian -1 -1 -1.3937 520.7632 156.9743 534.6689 189.9886 1.8518 0.6667 0.7420 -4.1725 0.4769 40.6831 -1.5001 0.2651
Pedestrian -1 -1 1.7018 448.2707 131.2953 475.1518 200.1037 1.8517 0.6287 0.8130 -3.8661 0.5018 19.7548 1.5062 0.2573
Pedestrian -1 -1 -1.4481 0.0000 192.8331 91.1305 374.0000 1.5445 0.6533 0.6348 -5.1434 1.6562 6.5575 -2.1002 0.2557
Pedestrian -1 -1 -2.2829 858.8309 156.0666 899.7563 230.8446 1.8226 0.6264 0.7313 6.9068 1.2039 17.9573 -1.9258 0.2303
Pedestrian -1 -1 3.3753 70.1926 149.6785 160.2059 316.0395 1.6667 0.5916 0.6663 -5.1615 1.3493 7.5870 2.7881 0.2081
Pedestrian -1 -1 -1.6814 558.8772 152.8079 570.1924 181.1443 1.9524 0.7202 0.5945 -2.5501 -0.0242 49.8535 -1.7370 0.1852
Pedestrian -1 -1 1.7786 301.5617 139.7681 385.7255 308.5020 1.7570 0.5558 1.8439 -3.0173 1.3238 8.4278 1.4388 0.1050
Cyclist -1 -1 1.7698 305.4524 143.1906 387.0570 306.9803 1.7146 0.5521 1.8178 -2.9988 1.3150 8.4555 1.4329 0.9372
Cyclist -1 -1 1.9204 406.6722 157.2234 484.0092 282.5424 1.7890 0.5971 1.8101 -2.4293 1.4437 11.1889 1.7057 0.9021
Car -1 -1 -1.2398 564.2507 155.9710 606.9700 180.5054 1.4869 1.5828 3.8130 -0.9542 -0.0655 45.7577 -1.2653 0.5368
Car -1 -1 0.8748 0.0000 143.6088 87.0898 365.1234 1.4817 1.5707 3.7145 -6.5002 1.2297 5.6566 0.0374 0.2635
Car -1 -1 -2.3230 767.1791 163.1933 920.8754 227.3727 1.5580 1.5961 4.0595 6.4334 1.1148 19.6114 -2.0151 0.2558
Car -1 -1 -3.8861 1142.1744 184.8191 1238.0000 285.9286 1.4543 1.5774 4.2734 11.1506 1.5112 11.2171 -3.1206 0.2073
