Pedestrian -1 -1 -1.5453 203.2404 196.4928 275.7432 331.7275 1.5593 0.7736 0.6673 -4.6292 1.8682 8.9468 -2.0114 0.3689
Pedestrian -1 -1 0.5090 342.0168 175.7445 381.7243 250.5522 1.8147 0.7180 0.6687 -6.2129 1.8886 17.9451 0.1796 0.3631
Pedestrian -1 -1 -1.5580 544.4132 182.6143 555.3875 210.7562 1.8026 0.7023 0.8832 -3.9428 2.4451 47.0023 -1.6417 0.3100
Pedestrian -1 -1 2.5127 964.3897 192.5141 998.8532 243.2865 1.7915 0.7356 0.8406 13.4546 2.5180 26.2195 2.9813 0.2915
Pedestrian -1 -1 -1.6620 531.4571 178.4042 545.1898 209.8363 1.8465 0.7375 0.8791 -4.3151 2.1820 43.0628 -1.7618 0.2882
Pedestrian -1 -1 -2.3875 1021.5184 192.4796 1092.2064 284.5419 1.4826 0.6826 0.7609 7.5367 1.8294 12.2727 -1.8483 0.2852
Pedestrian -1 -1 1.3199 1069.4233 202.1382 1129.1737 307.9139 1.4962 0.5989 0.6132 7.2590 1.9508 10.8038 1.8978 0.2648
Pedestrian -1 -1 1.8854 288.9024 180.3127 332.4712 268.2968 1.7716 0.6108 0.8287 -6.2759 1.9319 15.0359 1.4956 0.2538
Pedestrian -1 -1 2.0670 701.7543 167.8873 729.7696 221.9072 1.8678 0.7020 0.7610 3.6899 1.6964 25.4601 2.2086 0.1906
Car -1 -1 1.7276 486.4892 190.6040 545.3849 238.4141 1.5483 1.6102 3.5174 -3.4237 2.2437 26.4677 1.5995 0.9560
Car -1 -1 -1.6074 649.6815 187.7691 677.7294 215.2627 1.5946 1.6279 3.4875 3.3233 2.5730 45.5386 -1.5357 0.3131
Car -1 -1 -0.7777 0.0000 131.2875 264.5460 372.3242 1.7590 1.6914 4.4749 -5.8682 1.4561 7.6028 -1.4184 0.1801
Car -1 -1 1.5542 568.4778 174.0343 589.6602 195.8083 1.6418 1.5900 3.6206 -2.4715 1.7375 56.4576 1.5102 0.1740
Car -1 -1 -1.4088 540.0867 179.8786 577.3221 208.3329 1.5954 1.6255 3.9462 -3.0770 2.0391 43.4979 -1.4795 0.1666
