Pedestrian -1 -1 -0.0278 759.4655 151.7804 774.6387 190.4165 1.9275 0.7081 0.7262 7.8831 0.8765 36.4072 0.1835 0.6256
Car -1 -1 -1.7452 676.2126 185.7723 760.5461 245.1884 1.4011 1.6176 3.7506 2.8104 1.7891 19.7432 -1.6067 0.9675
Car -1 -1 -1.9491 767.6438 181.9205 1081.1884 371.1142 1.4715 1.6113 3.7494 2.8958 1.5924 7.6907 -1.6028 0.9657
Car -1 -1 -2.5795 23.9251 170.3967 340.0580 286.7495 1.5649 1.6163 3.7147 -6.1791 1.5322 10.5917 -3.0971 0.9634
Car -1 -1 3.3686 341.8321 168.3644 483.5769 222.9036 1.6736 1.6897 4.0922 -6.2608 1.5362 23.0560 3.1059 0.9618
Car -1 -1 0.4106 264.2911 175.7789 449.2437 241.8638 1.5747 1.6483 4.1019 -6.3738 1.6531 18.2606 0.0788 0.9608
Car -1 -1 -1.6807 652.6774 178.4332 700.6304 217.7782 1.5301 1.6004 3.6974 2.7113 1.7803 30.4521 -1.5934 0.9156
Car -1 -1 0.7522 0.0000 188.1222 268.0031 342.3057 1.4656 1.6069 4.0381 -6.2526 1.6584 8.0759 0.1090 0.7932
Car -1 -1 -2.2611 0.0000 124.2968 101.6878 355.1232 1.5771 1.6047 3.5484 -6.4803 1.2457 5.8453 -3.0752 0.7107
Car -1 -1 3.1717 412.9798 177.5447 511.3214 217.0211 1.5924 1.6689 3.9702 -6.2497 1.7988 30.5368 2.9710 0.6624
Car -1 -1 3.5988 76.3426 178.6043 350.1165 271.8485 1.5669 1.6795 4.0479 -7.1050 1.6791 13.1345 3.1110 0.6584
Car -1 -1 1.5080 647.3297 177.9631 685.3056 211.9442 1.6000 1.6520 4.0968 2.7689 1.8744 36.6464 1.5822 0.6092
Car -1 -1 -2.3524 0.0000 0.0000 1242.0000 375.0000 1.5359 1.5881 3.7361 2.7682 1.7037 1.9321 -1.4612 0.5722
