Pedestrian -1 -1 -1.7583 278.9674 178.4724 317.9453 259.2193 1.5926 0.5949 0.8074 -6.3096 1.5542 14.4412 -2.1605 0.4229
Pedestrian -1 -1 -1.4931 790.4639 162.3807 804.9501 195.9608 1.7718 0.6918 0.7477 10.2865 0.8172 37.7696 -1.2276 0.3721
Pedestrian -1 -1 2.9746 125.9288 122.7266 201.1705 260.3795 1.8207 0.6168 0.8041 -6.1950 1.0582 9.8434 2.4297 0.3212
Pedestrian -1 -1 -3.2641 979.0939 146.8945 1029.5323 216.2232 1.7604 0.5547 1.0798 10.3462 0.9087 18.4084 -2.7576 0.2555
Pedestrian -1 -1 -3.1177 773.7458 159.1729 795.4116 191.4608 1.8336 0.5496 1.1927 10.2998 0.6238 40.5725 -2.8692 0.2528
Pedestrian -1 -1 -1.9575 1020.8438 142.9595 1042.2031 185.3042 1.9674 0.6788 0.6057 20.0061 0.2247 33.1967 -1.4176 0.2453
Pedestrian -1 -1 -3.4257 992.7653 111.7292 1062.4127 241.3473 1.7480 0.4095 0.7418 5.8083 0.8222 9.8166 -2.9034 0.2189
Pedestrian -1 -1 0.0410 0.0000 163.7868 19.7841 196.4214 1.9100 0.4995 0.9315 -35.2707 0.9332 41.8573 -0.6536 0.1930
Cyclist -1 -1 1.1244 877.1537 154.6460 906.2221 192.3699 1.7374 0.5408 1.8125 13.5417 0.5481 33.4794 1.5072 0.7571
Cyclist -1 -1 -3.3653 976.3307 146.6445 1033.5012 217.2152 1.7903 0.5797 1.1915 10.3426 0.9330 18.3772 -2.8583 0.2674
Cyclist -1 -1 -3.2456 772.2691 158.0519 798.0068 190.5695 1.8483 0.5525 1.3798 10.3193 0.5737 40.5559 -2.9965 0.1573
Car -1 -1 0.5622 564.8278 169.3480 669.7316 209.8770 1.4433 1.5658 3.7204 0.4139 1.0477 26.8484 0.5792 0.9566
Car -1 -1 -0.9032 0.0000 204.3551 290.1806 370.0000 1.4800 1.5872 3.8897 -3.1394 1.6612 3.3409 -1.6099 0.8278
