Pedestrian -1 -1 1.1155 0.0000 178.0796 38.7776 248.2402 1.7268 0.6233 0.8459 -14.8395 1.6438 18.1374 0.4316 0.7580
Pedestrian -1 -1 0.7953 290.3754 170.9128 394.3510 333.8882 1.6239 0.6470 0.8241 -2.7916 1.5198 7.6255 0.4491 0.7305
Pedestrian -1 -1 -1.9717 407.3640 168.5758 435.2724 219.5711 1.7164 0.6696 0.8001 -6.2191 1.2825 24.6962 -2.2210 0.6754
Pedestrian -1 -1 -2.0450 132.1839 167.7262 276.3858 374.0000 1.6018 0.6211 0.6921 -2.7711 1.5174 4.9254 -2.5420 0.5914
Pedestrian -1 -1 1.0418 661.1554 156.7453 693.6255 223.1095 1.7985 0.5432 0.8400 2.0741 1.1288 19.9599 1.1388 0.5447
Pedestrian -1 -1 -1.3753 0.0000 166.6550 96.7377 374.0000 1.6559 0.6247 0.7359 -4.1999 1.5581 5.2678 -2.0308 0.5274
Pedestrian -1 -1 2.2534 690.1663 148.5102 726.4749 216.5167 1.8173 0.6019 0.8245 2.9013 0.9369 19.6944 2.3927 0.5270
Pedestrian -1 -1 1.9186 608.2523 158.0981 649.4044 238.6704 1.7775 0.7310 0.7375 0.5925 1.2625 16.3223 1.9490 0.5202
Pedestrian -1 -1 -1.7320 198.1326 161.7812 261.4512 302.0536 1.6361 0.5782 0.7696 -4.6366 1.4074 8.8570 -2.2080 0.5064
Pedestrian -1 -1 0.2611 672.2270 174.4957 706.0424 228.5316 1.6700 0.5847 0.9419 2.7402 1.4546 22.6419 0.3749 0.4025
Pedestrian -1 -1 0.5280 251.1975 164.8459 318.9884 291.3308 1.6460 0.5478 0.6466 -4.2873 1.4306 9.6542 0.1144 0.3661
Pedestrian -1 -1 -1.3301 11.2136 166.2755 171.5378 374.0000 1.6438 0.6381 0.5402 -2.9583 1.5651 4.1453 -1.9277 0.3548
Pedestrian -1 -1 -1.3606 610.8181 188.7940 677.0252 278.5464 1.5807 1.0984 0.6986 0.7497 1.7209 13.2048 -1.3108 0.3546
Pedestrian -1 -1 0.5817 966.7167 160.5053 1020.6860 245.4949 1.7250 0.5996 0.7959 8.1855 1.3001 15.0704 1.0668 0.2880
Pedestrian -1 -1 2.8991 519.0938 167.8963 565.3561 214.9720 1.7724 0.6028 1.6749 -2.2951 1.2612 27.5987 2.8118 0.2315
Cyclist -1 -1 1.2378 454.3478 163.2326 510.6131 243.1448 1.7278 0.7494 1.6923 -2.7823 1.3340 16.4502 1.0675 0.6427
Cyclist -1 -1 2.8991 519.0938 167.8963 565.3561 214.9720 1.7724 0.6028 1.6749 -2.2951 1.2612 27.5987 2.8118 0.4840
Cyclist -1 -1 -1.6204 591.6486 175.7019 612.0734 231.5360 1.7038 0.5501 1.6979 -0.0249 1.5280 22.7803 -1.6269 0.2982
Cyclist -1 -1 0.4499 275.5644 165.9278 388.5536 328.0229 1.6447 0.6194 0.9511 -2.8932 1.4880 7.6383 0.0930 0.1993
Cyclist -1 -1 1.1842 0.0000 177.9192 39.2471 248.4772 1.7338 0.6190 0.9257 -14.8274 1.6470 18.1426 0.5009 0.1660
Car -1 -1 1.8374 268.0061 183.5844 436.5489 289.4357 1.5116 1.6569 4.2694 -4.1284 1.5555 12.5154 1.5193 0.9370
