Pedestrian -1 -1 -1.4084 616.0062 165.0545 627.7422 194.2870 1.8492 0.6627 0.5861 0.8778 0.5750 45.8183 -1.3897 0.3631
Pedestrian -1 -1 -1.1394 0.0000 156.0385 15.4483 206.5000 1.9119 0.7344 0.4964 -23.3221 0.8075 27.5681 -1.8368 0.1876
Car -1 -1 -1.5884 584.0789 182.3242 653.7073 246.7976 1.4587 1.5761 3.2893 0.1928 1.3944 17.9105 -1.5783 0.9569
Car -1 -1 -1.6167 655.2718 171.3280 682.0729 194.2564 1.4244 1.5564 3.5034 3.8784 0.5628 46.4340 -1.5342 0.5864
Car -1 -1 -1.5359 582.3361 176.0116 631.1472 221.3546 1.4733 1.5870 3.5125 -0.0170 1.1754 25.1352 -1.5370 0.5491
Car -1 -1 -1.6451 577.7438 172.4034 618.1633 207.3389 1.5266 1.5933 3.6511 -0.5370 0.9679 33.2987 -1.6615 0.4229
Car -1 -1 1.7377 403.7959 157.2591 439.7816 183.0821 1.5921 1.6463 3.8073 -12.0329 -0.1431 46.6090 1.4863 0.2805
Car -1 -1 -1.2604 723.8441 176.4000 778.2755 207.3967 1.4670 1.5872 3.8466 7.2117 1.0509 36.0849 -1.0650 0.2023
Car -1 -1 0.5312 429.7767 178.3474 481.1110 197.8767 1.6266 1.5416 4.0574 -12.9862 1.0557 61.2444 0.3228 0.1975
Car -1 -1 1.7744 492.2658 184.5920 547.3623 220.8384 1.4075 1.4899 4.0493 -3.6309 1.3844 29.9902 1.6546 0.1523
Car -1 -1 1.7616 303.8717 177.7277 331.2022 195.7285 1.5661 1.5450 4.0080 -26.0729 0.9158 64.6538 1.3794 0.1505
