Pedestrian -1 -1 1.9990 349.9851 128.9209 436.4901 285.1118 1.8342 0.6911 0.9704 -2.7328 1.3186 8.9993 1.7114 0.2792
Pedestrian -1 -1 -1.3876 138.9020 172.8614 173.3797 229.6964 1.7486 0.8292 0.5368 -14.2528 1.7492 22.5981 -1.9452 0.1826
Pedestrian -1 -1 0.5244 44.6023 152.2984 85.1739 210.6347 1.8460 0.6431 0.8302 -17.5632 1.1959 23.1981 -0.1182 0.1284
Pedestrian -1 -1 0.9914 944.9468 139.2802 965.8693 185.8046 1.9649 0.6452 0.4824 14.6799 0.5473 30.7544 1.4330 0.1239
Pedestrian -1 -1 3.5161 192.2527 151.9392 214.2982 197.6440 1.9479 0.5646 0.6664 -17.5537 1.0569 31.0741 3.0054 0.1010
Car -1 -1 0.7815 0.0000 183.6762 204.6657 257.0072 1.4532 1.6301 3.9110 -11.2380 1.7070 15.7645 0.1700 0.9867
Car -1 -1 -0.2553 823.9250 180.2935 1142.6766 279.9058 1.5323 1.7087 4.6362 6.1680 1.6754 12.5658 0.1909 0.9770
Car -1 -1 -2.1908 327.0857 178.4927 388.2654 203.9555 1.5503 1.6192 4.1535 -16.3548 1.9294 46.6101 -2.5268 0.2547
Car -1 -1 1.7691 0.0000 181.0904 32.4210 206.8158 1.5680 1.5532 3.8226 -39.3512 2.1323 47.3423 1.0783 0.1153
Car -1 -1 3.4022 74.0943 163.2365 171.1331 191.9766 1.6004 1.6838 4.3579 -28.0872 1.0652 41.6767 2.8121 0.1026
