Pedestrian -1 -1 -1.5735 912.2114 181.5005 929.9808 234.4929 1.6882 0.5263 1.0337 10.1889 1.9801 23.7504 -1.1735 0.1480
Pedestrian -1 -1 -1.4429 923.8124 181.5126 941.8560 221.9250 1.6682 0.5965 0.8597 13.6218 2.0412 30.5283 -1.0275 0.1229
Pedestrian -1 -1 -0.5039 1101.9821 102.0043 1212.1736 285.1282 1.8257 0.4798 0.7733 5.5928 1.1197 7.4751 0.1196 0.1109
Cyclist -1 -1 -1.9831 857.5156 158.0973 904.5836 230.5351 1.7850 0.4767 1.7184 6.9310 1.4217 18.6498 -1.6330 0.9197
Cyclist -1 -1 -1.5735 912.2114 181.5005 929.9808 234.4929 1.6882 0.5263 1.0337 10.1889 1.9801 23.7504 -1.1735 0.1450
Car -1 -1 1.9816 262.2670 187.5297 328.8548 217.7452 1.4698 1.7338 4.3407 -17.0985 2.3154 39.3801 1.5741 0.9369
Car -1 -1 2.0862 132.1716 190.7570 253.2490 243.5961 1.4806 1.6599 3.9696 -13.4976 2.1145 23.5455 1.5702 0.9293
Car -1 -1 0.5525 1064.8392 176.6079 1142.2356 203.2632 1.5219 1.5601 3.5785 29.7871 1.7598 43.6964 1.1473 0.1233
Car -1 -1 2.2349 871.8348 156.5218 927.5694 179.0081 1.7389 1.6989 4.5461 23.1483 0.4763 57.6730 2.6147 0.1231
Car -1 -1 2.3138 65.1872 186.6329 132.5855 211.6278 1.6164 1.6214 3.9792 -36.0888 2.6309 51.0265 1.7005 0.1023
