Pedestrian -1 -1 -1.3993 278.7753 177.7649 316.9839 259.6973 1.6254 0.5979 0.7217 -6.3053 1.5728 14.4411 -1.8013 0.3743
Pedestrian -1 -1 3.1032 128.1677 114.3025 208.7190 256.6145 1.8710 0.5858 0.9265 -6.0893 1.0023 9.7889 2.5635 0.3726
Pedestrian -1 -1 -0.7079 786.9265 163.3512 805.7618 197.2333 1.7951 0.6505 0.7258 10.2460 0.8879 37.9040 -0.4443 0.3598
Pedestrian -1 -1 -1.4433 117.7985 151.1846 136.6421 191.5522 1.9530 0.6889 0.6248 -23.4177 0.5362 34.6357 -2.0316 0.3304
Pedestrian -1 -1 -3.4861 990.1458 112.7281 1064.8159 244.2784 1.7759 0.4297 0.7893 5.8088 0.8627 9.8211 -2.9640 0.3276
Pedestrian -1 -1 0.1963 772.1736 158.1474 794.3680 190.1367 1.8143 0.5671 1.1474 10.2298 0.5479 40.5980 0.4431 0.2715
Pedestrian -1 -1 -0.2845 510.2976 164.6135 521.9194 186.4027 1.8723 0.5436 0.8812 -7.6730 0.5084 61.1734 -0.4068 0.2545
Pedestrian -1 -1 -3.5244 986.1686 148.7712 1028.8231 216.5267 1.7232 0.6265 0.7812 10.3944 0.9179 18.3378 -3.0144 0.1843
Cyclist -1 -1 -2.3292 974.2012 148.4003 1040.9597 219.2516 1.7534 0.5062 1.6429 10.3803 0.9606 18.3511 -1.8200 0.4888
Cyclist -1 -1 -2.0849 873.6286 153.3074 905.3295 192.1073 1.7909 0.5350 1.8842 13.4838 0.5372 33.5996 -1.7047 0.3383
Cyclist -1 -1 0.1963 772.1736 158.1474 794.3680 190.1367 1.8143 0.5671 1.1474 10.2298 0.5479 40.5980 0.4431 0.1184
Car -1 -1 -0.8344 0.0000 208.7764 293.0606 370.0000 1.4882 1.6027 3.8892 -3.1720 1.6985 3.2562 -1.5580 0.7978
Car -1 -1 1.5970 449.8898 173.9601 474.5974 197.9673 1.6099 1.5854 3.7826 -9.9378 1.1726 49.4065 1.4014 0.5116
