Pedestrian -1 -1 1.3506 701.4175 167.9262 715.0174 194.7062 1.7801 0.5601 1.6535 6.6064 1.4529 48.8059 1.4840 0.1039
Cyclist -1 -1 1.3506 701.4175 167.9262 715.0174 194.7062 1.7801 0.5601 1.6535 6.6064 1.4529 48.8059 1.4840 0.5721
Cyclist -1 -1 1.7046 569.4252 169.4250 589.5108 214.2055 1.6770 0.5398 1.8450 -1.2136 1.5490 27.9617 1.6610 0.3748
Car -1 -1 -1.3317 456.1875 176.7833 598.6342 284.2831 1.5279 1.5652 3.6400 -1.2931 1.6057 12.3011 -1.4353 0.9539
Car -1 -1 2.1354 0.0000 176.0100 463.2746 375.0000 1.5213 1.5472 3.5039 -2.4938 1.5531 5.3499 1.7168 0.9434
Car -1 -1 1.6441 621.9172 168.6918 664.6219 207.1703 1.5808 1.6045 3.6934 1.4666 1.4102 31.5687 1.6896 0.8814
Car -1 -1 -1.6624 774.5967 176.6269 841.1891 242.2810 1.5882 1.4442 2.4174 5.0792 1.6943 18.9133 -1.4048 0.8727
Car -1 -1 -1.9781 882.8573 197.4597 1242.0000 375.0000 1.4654 1.5078 3.2237 2.7767 1.6724 4.3611 -1.4426 0.8549
Car -1 -1 -1.6734 757.4122 181.2713 819.7022 230.7765 1.4654 1.6036 3.7154 5.8017 1.7680 23.9637 -1.4394 0.8395
Car -1 -1 0.2970 464.5276 164.7166 580.5584 206.5093 1.4531 1.5773 3.8929 -3.1854 1.1706 26.2039 0.1768 0.7625
Car -1 -1 1.5296 740.8016 173.1835 764.2554 193.4680 1.4974 1.5886 4.1342 10.9016 1.5241 55.4950 1.7223 0.5967
