Pedestrian -1 -1 1.4820 842.8867 161.0294 862.1430 204.1461 1.8858 0.7292 0.9123 10.7367 1.3690 32.0821 1.8018 0.5106
Car -1 -1 -1.8192 748.2997 182.9513 910.9477 299.7973 1.5575 1.6274 3.4938 3.3054 1.7461 11.6823 -1.5513 0.9775
Car -1 -1 -1.7707 712.4926 179.2325 821.0750 256.9066 1.5656 1.6688 3.9487 3.4618 1.7323 16.8404 -1.5723 0.9672
Car -1 -1 3.4932 197.2624 180.6328 428.0285 253.0528 1.4353 1.5835 4.2505 -6.2343 1.6101 15.3333 3.1126 0.9641
Car -1 -1 0.6338 0.0000 182.7287 346.7952 323.0374 1.4492 1.5610 4.2801 -5.5759 1.5785 8.5020 0.0672 0.9581
Car -1 -1 3.3902 315.1209 178.9675 470.3126 234.9472 1.5316 1.6285 4.0102 -6.2233 1.7160 20.8249 3.1027 0.9235
Car -1 -1 -1.7054 679.5383 182.0446 726.3403 219.8457 1.4528 1.4871 3.3970 3.8026 1.8605 30.2657 -1.5823 0.9148
Car -1 -1 -2.9066 386.6918 179.0608 506.0815 224.0722 1.5144 1.6494 3.8128 -5.7298 1.7403 25.3608 -3.1271 0.8930
Car -1 -1 0.1728 480.8844 171.2636 550.1032 198.0579 1.6238 1.6682 4.0202 -5.8445 1.5278 44.6433 0.0430 0.7840
Car -1 -1 -2.8247 361.9670 183.5338 504.2581 233.5763 1.5005 1.6444 4.1041 -5.6284 1.8564 23.0335 -3.0623 0.6494
Car -1 -1 -0.0724 716.8542 176.9652 796.5807 205.4610 1.5251 1.6434 4.2169 8.0395 1.7595 40.0010 0.1240 0.5769
Car -1 -1 -1.5972 502.6885 176.7934 536.4073 207.9452 1.4612 1.5774 3.6320 -4.6204 1.6699 36.2414 -1.7235 0.5687
Car -1 -1 0.1947 412.9883 185.4118 531.1455 225.8484 1.4823 1.6673 4.2328 -5.2957 1.9818 27.8254 0.0077 0.5033
