Car -1 -1 2.6678 879.4630 151.2360 1080.4597 212.6447 1.4751 1.6201 4.2381 9.1593 0.9562 18.1680 3.1280 0.9692
Car -1 -1 2.0217 93.9165 201.9922 326.7728 329.4145 1.4874 1.5750 3.8935 -5.9892 2.0232 11.2879 1.5430 0.9480
Car -1 -1 -1.7496 670.6036 176.6194 739.9902 225.9604 1.4899 1.5833 4.0052 3.0494 1.6269 24.1395 -1.6262 0.9476
Car -1 -1 1.8191 365.1296 191.3928 453.1172 246.9170 1.4362 1.6104 4.1650 -6.0878 2.0598 22.1572 1.5534 0.9349
Car -1 -1 1.9010 272.6724 193.6453 401.6995 273.0262 1.4629 1.5431 3.7453 -5.9965 1.9837 16.1711 1.5506 0.9264
Car -1 -1 1.7590 434.1805 186.9073 492.8694 229.0579 1.5224 1.6030 4.1183 -5.9474 2.1376 29.5021 1.5612 0.8634
Car -1 -1 -0.4770 817.2079 162.8361 960.7154 211.7314 1.4908 1.5912 3.9884 8.7994 1.1857 23.0190 -0.1165 0.8337
Car -1 -1 -1.7033 660.7020 174.5000 714.1743 216.3646 1.5908 1.6413 4.0297 3.0631 1.6633 29.6139 -1.6018 0.7671
Car -1 -1 2.3071 0.0000 206.5590 138.0168 375.0000 1.5222 1.5828 3.7258 -5.9890 1.8929 6.0433 1.5482 0.7434
Car -1 -1 -0.4084 868.7609 151.2533 1023.6157 206.5480 1.5187 1.5701 3.6937 9.4787 0.9258 20.6299 0.0167 0.7259
Car -1 -1 2.7449 775.9610 162.0559 909.9496 207.1878 1.5565 1.6293 4.2785 8.2578 1.1844 25.8879 3.0500 0.6600
Car -1 -1 1.4645 649.8655 174.4388 688.7448 208.7121 1.7668 1.6628 4.2831 3.1587 1.8588 39.5559 1.5431 0.5935
