Pedestrian -1 -1 -1.6327 709.3265 161.2162 728.9822 209.8597 1.7845 0.6747 0.7645 4.0172 1.3579 26.8761 -1.4864 0.7868
Pedestrian -1 -1 3.5817 0.0000 127.2610 59.4905 279.1239 1.8608 0.7378 0.7058 -7.7294 1.3025 9.2808 2.9012 0.3011
Pedestrian -1 -1 -0.2306 894.1675 93.7332 1021.6489 336.6745 1.7745 0.5331 0.7797 2.6164 1.1970 5.6017 0.1859 0.2948
Cyclist -1 -1 1.7369 494.8502 173.7039 521.6680 227.0185 1.8234 0.6480 1.8518 -3.6426 1.8551 25.6380 1.5965 0.8772
Cyclist -1 -1 1.8847 341.2967 178.9900 418.7242 302.7223 1.7689 0.5773 1.9695 -3.6344 1.8747 11.3986 1.5818 0.8473
Cyclist -1 -1 1.8011 391.8733 176.9976 458.7112 294.9733 1.7430 0.6186 1.9384 -3.0033 1.8161 11.6998 1.5542 0.8276
Car -1 -1 1.7786 486.5924 183.0294 535.3573 212.8621 1.4495 1.7151 4.4860 -5.3047 2.0312 38.9219 1.6435 0.8558
Car -1 -1 -1.4896 637.6179 176.6508 672.2423 204.4104 1.4738 1.6577 3.8230 2.5525 1.6998 40.8646 -1.4282 0.8539
Car -1 -1 2.3757 0.0000 197.6720 117.7024 375.0000 1.5306 1.6477 3.9536 -5.0111 1.7434 4.1630 1.5298 0.7238
Car -1 -1 1.9674 350.4438 191.1936 469.1652 257.7258 1.5500 1.6476 4.3415 -5.5167 2.1242 20.3148 1.7048 0.6912
Car -1 -1 -0.0782 873.3119 161.9275 971.7101 196.9861 1.5101 1.6098 3.9389 13.9283 1.0398 32.4666 0.3235 0.3584
