Pedestrian -1 -1 -2.2357 140.9168 137.1334 204.9134 233.3602 1.8271 0.6524 0.9132 -8.6279 1.1492 14.1659 -2.7746 0.4830
Pedestrian -1 -1 -2.8704 1129.9086 173.5376 1242.0000 375.0000 1.5971 0.6965 0.6614 3.0174 1.6013 3.5439 -2.2061 0.4242
Pedestrian -1 -1 -1.6068 456.0404 177.2063 471.5779 215.6432 1.7451 0.6691 1.0226 -6.8241 1.9508 33.4615 -1.8069 0.3815
Pedestrian -1 -1 1.6759 709.4442 151.9264 732.7830 210.0782 1.7827 0.6495 0.7494 3.4333 1.1415 22.5614 1.8245 0.3648
Pedestrian -1 -1 2.0046 827.1104 152.0838 872.1615 230.6360 1.8353 0.7436 0.8608 5.7405 1.3504 17.4240 2.3172 0.2561
Pedestrian -1 -1 1.6329 723.9972 157.3190 747.8594 225.5555 1.8225 0.5998 0.7713 3.3981 1.4079 19.7123 1.8004 0.2491
Cyclist -1 -1 -1.4835 0.0000 112.0442 47.3914 259.5355 1.7069 0.5220 1.6052 -7.6003 1.0035 9.1595 -2.1619 0.2213
Cyclist -1 -1 -1.6210 455.8256 177.1705 471.4757 215.4823 1.7396 0.6588 1.0599 -6.8371 1.9439 33.4887 -1.8213 0.1253
Car -1 -1 1.8261 355.2708 187.4204 480.8571 269.5145 1.4784 1.6261 4.1599 -4.0775 1.8401 15.8156 1.5770 0.9539
Car -1 -1 2.2258 0.0000 209.8950 251.3169 375.0000 1.5169 1.6220 3.8418 -3.8715 1.8376 4.2779 1.5206 0.9086
Car -1 -1 -1.5252 618.9970 173.7953 669.1530 223.7302 1.5557 1.5432 3.0301 1.1438 1.5896 24.1153 -1.4791 0.9013
Car -1 -1 1.7030 482.6661 176.6393 534.1329 213.5455 1.4626 1.6623 4.1279 -4.3446 1.6369 31.0850 1.5648 0.8611
