Car -1 -1 -1.8457 727.0663 191.7272 944.1005 335.3030 1.4282 1.6070 4.0852 2.6958 1.7379 9.7690 -1.5856 0.9768
Car -1 -1 -1.2518 243.6583 201.6599 472.9451 352.3336 1.4237 1.5758 4.1933 -3.1179 1.8968 9.7300 -1.5551 0.9555
Car -1 -1 -1.7557 665.5728 189.9284 747.0015 250.5831 1.4509 1.5716 3.7118 2.5505 1.9749 20.2280 -1.6331 0.9469
Car -1 -1 -1.7455 695.9978 193.2827 810.0335 276.6088 1.4051 1.6178 3.9139 2.7850 1.8881 15.0846 -1.5676 0.9412
Car -1 -1 -1.4583 482.9221 190.5897 548.5537 246.3859 1.5032 1.6163 3.7149 -2.9001 2.1025 22.4945 -1.5859 0.9281
Car -1 -1 -1.7278 656.7745 176.7701 722.4683 230.0810 1.6673 1.6321 3.8899 2.6104 1.8132 24.8409 -1.6251 0.9076
Car -1 -1 1.6409 524.7155 182.6595 567.9281 222.7864 1.6828 1.6966 4.4213 -2.9356 2.1697 33.5693 1.5537 0.8963
Car -1 -1 1.9981 0.0000 209.2834 366.6612 375.0000 1.4771 1.6012 3.6629 -2.7842 1.7968 4.4143 1.4610 0.8663
Car -1 -1 -1.5911 636.9665 185.3665 665.0190 212.5581 1.4869 1.5881 3.9616 2.3881 2.2731 43.3061 -1.5370 0.8605
Car -1 -1 1.6491 560.7476 184.0681 585.1140 205.5379 1.6656 1.7136 4.2065 -3.0870 2.6365 60.3194 1.5977 0.6466
