Pedestrian -1 -1 -2.0102 1206.1342 119.1095 1242.0000 186.1662 1.9181 0.7150 0.9566 18.1429 0.3811 21.1905 -1.3088 0.2621
Pedestrian -1 -1 1.6040 1077.7760 169.1876 1109.2122 245.6371 1.7206 0.5884 0.7433 11.1520 1.6384 16.7096 2.1838 0.2429
Pedestrian -1 -1 0.8181 64.4954 176.6138 94.8264 205.7992 1.8087 0.5160 1.6932 -33.2759 2.0469 45.2287 0.1865 0.1195
Cyclist -1 -1 0.8181 64.4954 176.6138 94.8264 205.7992 1.8087 0.5160 1.6932 -33.2759 2.0469 45.2287 0.1865 0.3876
Cyclist -1 -1 1.4488 633.2043 159.9806 646.9684 194.6289 1.7627 0.5127 1.6684 1.5215 1.1081 37.5565 1.4886 0.2963
Cyclist -1 -1 -1.1029 54.1307 221.3487 103.4125 289.1429 1.6731 0.4061 1.5984 -14.6002 3.0597 19.8011 -1.7321 0.2763
Cyclist -1 -1 -3.7613 1200.9259 121.4143 1242.0000 184.4912 1.8279 0.6294 0.9673 18.1119 0.3376 21.2591 -3.0623 0.1028
Car -1 -1 -3.3791 1042.4630 173.7202 1242.0000 263.6432 1.4560 1.6648 4.3011 10.5570 1.4743 13.3492 -2.7211 0.9432
Car -1 -1 -0.8242 669.5809 191.6736 755.4724 233.5404 1.5101 1.5301 3.4214 4.1373 2.3159 29.2036 -0.6857 0.8625
Car -1 -1 -1.6471 567.7315 172.2301 617.3456 224.2260 2.3369 1.9994 5.2199 -0.9742 2.3092 35.1255 -1.6753 0.5667
Car -1 -1 0.9961 78.7325 164.9830 149.5279 192.9974 1.5847 1.6182 3.8029 -29.1006 1.1398 42.2927 0.3963 0.3979
Car -1 -1 -1.9141 0.0000 226.7246 105.3215 296.4096 1.5676 1.5975 3.4353 -15.9475 3.2026 20.2946 -2.5740 0.2205
Car -1 -1 2.4023 605.9385 169.3957 655.8066 192.1949 1.6961 1.6531 3.6840 1.5996 1.4392 55.5034 2.4306 0.2188
Car -1 -1 -1.5135 446.4268 175.4049 472.1283 197.2576 1.5299 1.6269 3.9296 -11.0745 1.7252 53.0574 -1.7186 0.2174
