Pedestrian -1 -1 -2.3254 978.5296 150.0884 1030.1410 217.8604 1.8256 0.6350 1.1448 11.0620 1.0080 19.6737 -1.8184 0.4737
Pedestrian -1 -1 0.2496 456.9588 173.2921 472.1276 199.4218 1.8167 0.5060 0.9444 -9.8147 1.3169 49.4326 0.0565 0.3248
Pedestrian -1 -1 -2.5639 924.0380 139.9890 967.6823 198.5411 1.8557 0.5658 1.1593 11.0711 0.5733 23.0454 -2.1195 0.3120
Pedestrian -1 -1 2.9516 527.2588 162.8607 540.4589 189.0382 1.8658 0.4999 0.8645 -5.1027 0.6099 50.7528 2.8538 0.3028
Pedestrian -1 -1 -0.3781 588.8004 169.5101 603.2336 193.8909 1.7443 0.5581 0.8989 -0.6432 0.9593 51.0076 -0.3889 0.2875
Pedestrian -1 -1 0.9125 746.8511 154.9229 760.6591 182.2013 1.9317 0.5371 0.8849 10.6449 0.1218 50.5793 1.1205 0.2193
Cyclist -1 -1 -1.0454 401.9773 176.6528 424.0765 207.9208 1.6871 0.4036 1.6438 -10.5863 1.4810 38.9917 -1.3068 0.6769
Cyclist -1 -1 -3.0977 615.6714 162.1105 641.6397 188.2243 1.8273 0.5609 1.8058 1.6752 0.5418 49.8224 -3.0625 0.6045
Cyclist -1 -1 3.1126 563.7657 167.3708 587.8341 192.0354 1.8131 0.5398 1.7645 -2.1562 0.8492 52.2997 3.0734 0.3983
Cyclist -1 -1 -2.3515 976.2191 150.9244 1032.0001 218.9382 1.8265 0.6612 1.2477 11.0527 1.0339 19.6732 -1.8448 0.2697
Cyclist -1 -1 -2.5325 921.3293 140.0530 968.7407 198.5389 1.8530 0.5820 1.2938 11.0682 0.5731 23.1020 -2.0892 0.1420
Cyclist -1 -1 -0.8949 588.9858 169.8704 602.9531 194.2137 1.7380 0.6191 0.8380 -0.6442 0.9804 50.9949 -0.9058 0.1055
Car -1 -1 -1.5040 530.8480 170.9301 560.8754 196.2423 1.5363 1.6330 3.9495 -3.7155 0.9569 44.8956 -1.5842 0.8268
Car -1 -1 -0.5280 868.7594 142.4078 977.7380 177.4928 1.4558 1.5360 4.0666 13.6613 -0.1324 30.4854 -0.1086 0.7932
Car -1 -1 1.3685 356.3763 174.9252 391.8389 200.0105 1.6009 1.5380 3.7189 -15.4179 1.2465 47.1157 1.0559 0.3223
Car -1 -1 -0.2981 979.4107 143.0131 1088.1287 176.5741 1.8260 1.7607 4.9930 24.2976 -0.2303 40.2602 0.2432 0.2894
