Pedestrian -1 -1 1.7338 625.9643 166.8187 646.1063 215.9286 1.7812 0.6229 0.8229 1.2610 1.2498 26.5172 1.7757 0.7770
Pedestrian -1 -1 1.8047 191.8140 158.6151 281.9163 337.2639 1.6989 0.6438 0.8084 -3.7237 1.4826 7.2953 1.3411 0.6924
Pedestrian -1 -1 1.6011 578.1376 181.5529 593.5577 224.9447 1.6009 0.5590 0.8098 -0.6002 1.6040 26.9070 1.5737 0.6845
Pedestrian -1 -1 2.5198 629.9320 172.7525 668.4479 238.0228 1.7832 0.6043 0.8914 1.3066 1.5454 20.1161 2.5784 0.6766
Pedestrian -1 -1 -2.5203 503.2102 173.1666 538.2516 237.7653 1.6180 0.5499 0.7040 -2.0987 1.4104 18.3998 -2.6376 0.5416
Pedestrian -1 -1 1.9100 556.6957 168.7545 587.7482 223.7852 1.7613 0.7485 0.9499 -0.9758 1.3545 23.5509 1.8638 0.4786
Pedestrian -1 -1 -1.3911 416.6463 183.6875 456.2302 249.0009 1.6110 0.8498 0.8003 -4.1945 1.6688 18.1643 -1.6204 0.3592
Pedestrian -1 -1 -2.3809 348.5012 159.6343 402.3682 251.5528 1.7985 0.6265 0.8376 -4.6032 1.3719 14.5175 -2.6882 0.2964
Pedestrian -1 -1 -1.7255 650.8941 170.7531 665.3135 205.8334 1.7879 0.6258 0.7627 2.9107 1.2410 37.0129 -1.6527 0.2941
Pedestrian -1 -1 -1.6136 664.2574 171.2542 677.8835 205.0955 1.7313 0.6593 0.8723 3.5965 1.2080 37.1992 -1.5230 0.2770
Pedestrian -1 -1 0.6771 1135.3484 178.3179 1238.0000 374.0000 1.6082 0.5291 0.6720 4.1334 1.5896 4.9125 1.3449 0.2736
Pedestrian -1 -1 -1.4644 244.0295 181.9422 299.2947 295.6398 1.6090 0.6794 0.5937 -4.8764 1.6171 10.5555 -1.8936 0.2730
Pedestrian -1 -1 0.3358 652.4890 171.9528 670.7553 205.9882 1.7931 0.5801 0.8268 3.2042 1.2909 38.2727 0.4137 0.2181
Pedestrian -1 -1 -1.2426 616.9808 165.4683 633.8008 203.0435 1.8321 0.6742 0.5993 1.1751 1.0513 35.4214 -1.2147 0.2046
Pedestrian -1 -1 -1.4488 720.9895 167.3853 751.4979 235.9567 1.6757 0.5881 1.6570 3.4413 1.3320 18.4301 -1.2721 0.1458
Cyclist -1 -1 -1.5661 724.3365 167.1675 749.2044 236.5070 1.6918 0.5979 1.7330 3.4331 1.3433 18.4303 -1.3898 0.4360
Cyclist -1 -1 1.8931 556.9316 170.2235 587.5604 226.8611 1.8058 0.7221 1.0134 -0.9717 1.4474 23.4861 1.8469 0.1423
Car -1 -1 -1.7763 789.7902 62.1859 1082.6791 286.0851 1.7139 1.7883 4.0071 3.0703 0.8020 7.6169 -1.4100 0.5457
Car -1 -1 -1.5414 599.4905 165.4752 622.2357 188.8270 1.7518 1.6764 3.8407 0.7843 0.5502 55.8365 -1.5323 0.2100
