Car -1 -1 -1.0943 68.1376 194.4649 350.0777 338.5121 1.3710 1.5270 3.4299 -4.5886 1.5073 8.7794 -1.5636 0.9661
Car -1 -1 -1.5590 578.2262 179.6786 662.1063 254.1445 1.5450 1.7428 3.3844 0.2528 1.4313 16.6255 -1.5445 0.9654
Car -1 -1 -1.3407 361.8522 180.6849 473.0453 252.3552 1.5040 1.6277 4.1783 -4.4343 1.4100 17.1853 -1.5898 0.9472
Car -1 -1 -1.1368 214.9666 181.3763 309.2750 223.9774 1.4136 1.5264 3.9288 -12.3271 1.2874 25.8204 -1.5784 0.9086
Car -1 -1 -1.0142 53.7855 188.2280 263.1893 274.5744 1.4017 1.6099 3.7262 -8.3282 1.4680 13.6738 -1.5527 0.8687
Car -1 -1 -1.2117 300.0720 165.2424 380.3315 211.6338 1.9655 1.9065 4.6416 -12.1074 1.1204 32.7808 -1.5632 0.8323
Car -1 -1 1.9718 225.9912 175.5200 269.1198 194.8461 1.5819 1.7170 4.3298 -30.5379 0.7894 61.0494 1.5094 0.8172
Car -1 -1 -1.2733 337.4016 181.0981 411.6561 222.6422 1.3983 1.5368 3.6779 -8.3937 1.2609 26.0397 -1.5824 0.7787
Car -1 -1 2.0094 152.0709 176.9897 212.6687 204.0874 1.6076 1.6830 4.0375 -26.4087 1.1207 44.7307 1.4784 0.5856
Car -1 -1 -0.8192 0.0000 195.7613 59.7171 284.5115 1.3947 1.5548 3.8467 -12.7416 1.6249 13.6839 -1.5594 0.5768
