Pedestrian -1 -1 1.7444 736.5991 169.3963 756.8564 214.4106 1.7466 0.6742 0.7130 5.3513 1.6128 28.4449 1.9279 0.6104
Pedestrian -1 -1 -1.8357 854.9740 160.2445 878.9327 213.5138 1.7435 0.5537 0.8141 8.5096 1.3312 24.0392 -1.4998 0.3947
Pedestrian -1 -1 2.0623 1047.4808 181.2761 1089.5389 250.4805 1.6434 0.5709 0.7863 11.1884 1.8554 17.6834 2.6181 0.2364
Pedestrian -1 -1 -0.8998 260.0567 174.2389 284.9142 214.4004 1.7432 0.5637 0.8880 -14.9330 1.8057 31.8480 -1.3353 0.2295
Pedestrian -1 -1 0.5745 681.8986 167.0622 696.7451 192.2674 1.8022 0.4980 0.9462 5.6964 1.3884 52.0789 0.6825 0.2181
Cyclist -1 -1 -2.1002 765.8511 165.6115 791.3796 200.9145 1.7555 0.4461 1.7360 8.5431 1.3957 36.7725 -1.8741 0.2951
Car -1 -1 2.1988 0.0000 187.0900 180.1073 270.3852 1.6655 1.6004 4.1259 -12.3503 2.0463 17.2062 1.5834 0.9568
Car -1 -1 1.8966 422.1422 180.4634 467.8050 206.2614 1.5587 1.6503 4.1714 -10.7244 2.0779 47.0264 1.6732 0.8687
Car -1 -1 1.4462 595.4669 177.9581 628.5319 203.6534 1.5394 1.6387 3.8043 0.0548 1.8793 46.0045 1.4469 0.7392
Car -1 -1 -1.2181 254.0785 189.4473 385.9193 261.0299 1.4427 1.6367 4.0604 -6.9098 1.8933 17.5318 -1.5889 0.2973
Car -1 -1 -3.0883 1145.3417 165.6954 1242.0000 198.9297 1.4756 1.5082 3.4714 27.2413 1.1581 33.7511 -2.4137 0.1614
