Car -1 -1 1.9221 201.9692 189.3293 449.7126 364.0627 1.5425 1.5288 3.3595 -3.0657 1.7726 8.3718 1.5801 0.9454
Car -1 -1 -1.8847 761.7364 174.9205 950.5413 298.2909 1.5503 1.5998 3.5148 3.4362 1.5870 10.8947 -1.5880 0.9348
Car -1 -1 -1.6761 694.2150 181.4627 760.6187 234.1898 1.5241 1.6822 4.2132 3.7128 1.8328 23.6979 -1.5234 0.9059
Car -1 -1 1.7006 465.3174 169.0376 549.9920 237.2924 1.6650 1.7340 4.3223 -2.7246 1.5723 19.7650 1.5648 0.8993
Car -1 -1 -2.1422 913.3210 197.6841 1242.0000 375.0000 1.4347 1.5420 3.7183 3.7734 1.6866 5.4433 -1.5623 0.8360
Car -1 -1 1.3132 720.8089 181.6165 827.2385 253.5226 1.5200 1.5635 3.8589 3.8345 1.7591 17.6937 1.5222 0.8212
Car -1 -1 1.5508 553.6298 176.7436 582.2563 204.2953 1.4843 1.5535 3.4467 -2.4664 1.7161 41.1515 1.4909 0.7072
Car -1 -1 2.4596 0.0000 203.4864 205.8672 375.0000 1.5018 1.6245 3.7831 -3.1099 1.6747 2.1536 1.5523 0.6862
Car -1 -1 -1.6245 668.5428 176.6338 701.3827 206.5635 1.5756 1.6177 3.6619 4.1114 1.7969 40.3184 -1.5241 0.4930
Car -1 -1 -1.7393 650.9700 176.7699 685.9610 201.9808 1.5223 1.6009 3.8263 3.6643 1.7839 46.1580 -1.6610 0.4493
Car -1 -1 -1.6841 686.9761 178.7842 736.4538 219.8276 1.5049 1.5500 3.4312 3.9426 1.7553 28.6861 -1.5496 0.4481
