Pedestrian -1 -1 1.5895 711.5206 125.4590 738.2132 203.2658 1.8351 0.6237 0.7186 2.7285 0.7176 17.4224 1.7420 0.5960
Pedestrian -1 -1 1.5320 412.1866 178.4291 430.2792 225.2076 1.7322 0.6343 0.6976 -7.1742 1.9464 27.2431 1.2764 0.4793
Car -1 -1 -1.4309 409.1443 191.3885 482.3503 251.1180 1.4778 1.5668 3.5849 -4.6995 2.0613 20.8467 -1.6507 0.9681
Car -1 -1 -1.7964 685.5797 183.9060 803.6842 267.8115 1.4568 1.5942 3.4334 2.5651 1.7101 14.7485 -1.6287 0.9445
Car -1 -1 -1.7086 642.3881 182.7113 698.3959 229.7170 1.4712 1.4837 3.1834 1.9796 1.8340 24.8982 -1.6310 0.9388
Car -1 -1 -1.4076 457.2578 183.8088 510.7921 224.1476 1.4953 1.5551 3.9275 -5.1690 1.9778 29.7833 -1.5786 0.9313
Car -1 -1 2.2799 0.0000 209.4812 213.3884 375.0000 1.5599 1.6192 3.9428 -4.6367 1.9119 4.9384 1.5525 0.9020
Car -1 -1 1.5939 497.5301 181.6441 524.9095 210.5121 1.6318 1.5664 3.7979 -6.0144 2.1919 43.9617 1.4582 0.8057
Car -1 -1 -1.6447 626.5476 180.8120 660.4722 210.6098 1.5637 1.6301 3.7534 1.8155 2.0348 40.7782 -1.6011 0.7729
Car -1 -1 -1.5435 520.0098 184.1523 540.2098 204.3693 1.5567 1.5603 3.8357 -6.6106 2.5235 59.7409 -1.6537 0.5625
Car -1 -1 -2.1985 978.4017 141.7717 1242.0000 375.0000 1.5078 1.5509 3.4917 2.6674 1.4809 2.4663 -1.4320 0.5422
