Pedestrian -1 -1 -1.7505 669.8334 168.0580 687.4749 205.9927 1.8116 0.6951 0.9183 3.2814 1.5829 34.9431 -1.6582 0.5352
Car -1 -1 -1.9465 778.6932 176.8559 1047.9163 335.5917 1.4066 1.5180 3.5180 3.0955 1.4627 8.2618 -1.6007 0.9640
Car -1 -1 1.9941 131.0533 186.7610 350.5111 302.5346 1.4784 1.6168 3.9362 -5.7264 1.7421 11.6755 1.5465 0.9618
Car -1 -1 2.1852 0.0000 196.7724 208.0476 375.0000 1.4279 1.4964 3.5973 -5.5944 1.7185 6.9202 1.5238 0.9193
Car -1 -1 1.1104 468.5115 176.4613 524.9170 204.4916 1.4475 1.5303 3.8163 -6.3237 1.6567 39.7707 0.9533 0.8817
Car -1 -1 -2.3646 941.7199 195.5840 1242.0000 375.0000 1.5100 1.5862 3.7603 3.0598 1.6657 3.0129 -1.6202 0.7759
Car -1 -1 1.9340 197.7039 175.9785 285.6828 216.0143 1.4646 1.6989 4.3409 -14.7042 1.6002 28.9894 1.4681 0.5368
Car -1 -1 -0.4324 672.6880 169.2721 731.0408 189.2402 1.5651 1.6859 4.3482 7.3560 1.2847 58.0122 -0.3073 0.4943
Car -1 -1 2.5224 555.6886 172.8857 616.9618 193.9263 1.5349 1.6963 4.4913 -1.7913 1.5378 54.6771 2.4895 0.4577
Car -1 -1 1.6616 382.3189 176.6937 415.2935 202.1580 1.5143 1.6459 3.9636 -13.3443 1.7688 45.6427 1.3784 0.4329
