Pedestrian -1 -1 0.9335 67.2012 168.9694 122.6810 254.4725 1.6719 0.5643 0.7657 -10.3937 1.5963 14.4942 0.3199 0.3595
Pedestrian -1 -1 -1.4115 226.4775 167.1940 247.0539 210.0090 1.8008 0.6788 0.6844 -15.9563 1.5631 30.7765 -1.8865 0.1568
Pedestrian -1 -1 3.0638 339.7473 153.9837 374.9030 216.5573 1.8313 0.5686 0.9511 -7.6012 1.2794 21.5651 2.7284 0.1481
Pedestrian -1 -1 -1.0312 507.1112 170.5621 520.2000 196.2238 1.8269 0.6749 0.6869 -6.9453 1.6641 51.8131 -1.1642 0.1068
Pedestrian -1 -1 0.3887 299.2610 163.3346 323.7735 207.7664 1.8580 0.6121 0.7831 -12.6448 1.4603 30.4770 -0.0018 0.1031
Pedestrian -1 -1 -1.5041 787.3953 146.7785 807.8154 203.1700 1.8658 0.6129 0.9247 6.3063 1.0034 24.4058 -1.2545 0.1006
Cyclist -1 -1 -1.4724 1014.7975 132.3203 1048.7264 220.9592 1.6911 0.4456 1.7011 8.4898 0.9181 14.5858 -0.9542 0.1577
Cyclist -1 -1 -1.5808 730.2829 157.6631 738.9327 190.5444 1.8161 0.4593 1.6536 6.9895 0.9774 40.7021 -1.4122 0.1165
Cyclist -1 -1 -1.1561 232.6800 154.2780 265.6845 202.7991 1.7795 0.5575 1.4913 -13.6376 1.0986 27.2169 -1.6169 0.1048
Car -1 -1 1.7362 471.3741 180.3926 539.3043 227.9024 1.4434 1.6345 4.1056 -3.5248 1.7230 24.6482 1.5951 0.9304
Car -1 -1 -0.7653 456.9253 172.0629 509.5644 194.9001 1.6984 1.6796 3.9412 -9.7793 1.6400 55.7447 -0.9385 0.3956
Car -1 -1 1.2056 682.5894 175.6274 713.2474 192.5227 1.5406 1.6167 3.8455 8.2970 1.8123 68.5289 1.3252 0.2021
