Pedestrian -1 -1 1.1664 0.0000 116.7715 83.0447 304.4873 1.8994 0.6760 0.8914 -6.3737 1.3323 7.8080 0.4984 0.3561
Pedestrian -1 -1 -2.3888 1112.6089 175.9498 1242.0000 375.0000 1.6048 0.6348 0.7722 3.3709 1.6244 4.0498 -1.7307 0.3269
Pedestrian -1 -1 -0.8307 658.4803 166.4620 672.0188 193.5198 1.8374 0.5952 0.7207 3.7579 1.4037 49.4580 -0.7557 0.2803
Pedestrian -1 -1 -1.6106 517.8578 177.7977 530.2359 209.9562 1.7860 0.6571 0.9065 -4.8898 2.0688 40.7232 -1.7298 0.1691
Pedestrian -1 -1 -3.3940 850.9294 166.0472 951.7454 320.6319 1.8204 0.7252 0.9956 3.5152 1.7406 8.9097 -3.0307 0.1614
Pedestrian -1 -1 1.7902 508.2036 175.5523 526.4029 213.4006 1.8658 0.5087 1.9449 -4.7407 2.0071 36.6998 1.6621 0.1211
Cyclist -1 -1 -1.9293 1139.8237 71.9544 1242.0000 238.9961 1.7962 0.5908 1.6552 6.9667 0.7116 8.6343 -1.2665 0.3469
Cyclist -1 -1 1.7902 508.2036 175.5523 526.4029 213.4006 1.8658 0.5087 1.9449 -4.7407 2.0071 36.6998 1.6621 0.3426
Cyclist -1 -1 -2.2048 1098.8617 173.7355 1184.7820 266.2397 1.7396 0.5016 1.6214 10.5134 1.7585 14.3956 -1.5844 0.1736
Car -1 -1 1.7664 384.5536 175.2288 487.8144 251.1051 1.5322 1.6028 3.6240 -3.8985 1.5929 16.5198 1.5376 0.9610
Car -1 -1 1.4695 624.1293 186.2418 647.0919 205.9041 1.5372 1.5511 3.8730 2.1161 2.7080 61.0932 1.5034 0.5369
Car -1 -1 1.5945 539.7005 169.1758 566.7816 196.3660 1.6788 1.6508 3.9421 -3.6565 1.4521 46.5610 1.5162 0.2124
Car -1 -1 -1.9167 641.4204 168.1557 684.2982 194.8583 1.8167 1.6749 4.3037 3.6814 1.4974 51.3845 -1.8460 0.1769
Car -1 -1 -1.6984 667.9788 150.6006 708.5859 185.5068 1.7785 1.6666 3.9314 4.1130 0.6450 38.7452 -1.5937 0.1500
