Car -1 -1 1.9810 113.9963 194.6701 429.6537 375.0000 1.5111 1.4979 3.4058 -3.0569 1.7809 7.1888 1.5910 0.9677
Car -1 -1 -1.6757 704.3690 192.9856 774.7615 253.2342 1.5740 1.6810 4.2371 3.8822 2.2616 22.4627 -1.5078 0.9457
Car -1 -1 -1.8927 788.7985 190.0512 1002.5639 333.4352 1.5051 1.5746 3.3821 3.5289 1.7769 9.6838 -1.5543 0.9356
Car -1 -1 1.3424 733.9644 197.5057 850.3666 280.0764 1.4969 1.6153 4.0254 3.9022 2.1229 16.2943 1.5722 0.9092
Car -1 -1 1.7071 462.8961 177.0197 552.5542 254.0986 1.7339 1.7041 4.2755 -2.5523 1.8540 18.5980 1.5718 0.8689
Car -1 -1 -2.1507 980.6758 217.5492 1242.0000 375.0000 1.4634 1.5671 3.8314 3.7935 1.8572 4.3646 -1.4696 0.8218
Car -1 -1 1.5921 552.4412 186.6245 585.1005 218.4001 1.5978 1.7249 4.2050 -2.2918 2.4073 40.2599 1.5349 0.7979
Car -1 -1 -1.6839 694.9653 188.8943 744.6611 230.9323 1.4316 1.4930 3.2577 4.0829 2.0796 27.4809 -1.5388 0.7522
Car -1 -1 -1.7137 670.5048 191.0058 709.9090 222.8121 1.5421 1.5985 3.6203 4.2416 2.5678 38.9165 -1.6067 0.6721
Car -1 -1 -0.3630 687.2968 185.0074 786.5813 220.9827 1.5473 1.6851 4.1556 5.7519 2.1256 33.0848 -0.1931 0.4096
