Car -1 -1 1.9056 335.9491 189.9620 434.4655 252.5965 1.5117 1.5421 3.5297 -6.2186 2.0332 20.1849 1.6097 0.9398
Car -1 -1 1.8324 399.2782 188.3822 472.3908 235.8571 1.4793 1.5610 3.9502 -6.1693 2.0776 25.7828 1.5993 0.9327
Car -1 -1 -1.7257 663.8931 175.5066 733.5372 226.9619 1.5487 1.6518 4.1282 2.8113 1.6451 24.0262 -1.6114 0.9143
Car -1 -1 -0.9952 0.0000 200.4912 107.6464 249.5040 1.5380 1.6263 3.9226 -20.8588 2.6474 26.9345 -1.6495 0.8681
Car -1 -1 -2.2210 1100.8752 138.9702 1204.4283 182.3900 1.8634 1.6815 4.0070 24.6203 0.4096 32.9765 -1.5839 0.8172
Car -1 -1 1.6706 456.4788 179.8542 498.8770 214.8518 1.5155 1.5947 3.7401 -6.2073 1.8639 33.9408 1.4906 0.7511
Car -1 -1 -2.4703 1147.6652 139.7022 1242.0000 177.4909 1.6678 1.6160 3.6775 27.5553 0.2050 33.8125 -1.7907 0.5630
Car -1 -1 1.5791 509.4043 181.1115 533.2529 204.3910 1.5200 1.6022 4.4483 -6.2829 2.1308 51.0417 1.4568 0.4614
Car -1 -1 2.0991 56.1401 188.5228 163.2006 235.2269 1.5173 1.5755 3.7130 -18.3667 2.1373 26.6256 1.4997 0.4175
Car -1 -1 1.6651 531.5638 180.4557 552.5699 198.0351 1.5276 1.5459 4.1757 -6.2586 2.2515 66.5909 1.5713 0.4050
