Car -1 -1 1.6721 469.5771 185.4273 529.9216 234.4530 1.5817 1.7628 4.3457 -4.0195 2.0846 26.6229 1.5231 0.9628
Car -1 -1 2.0394 78.8325 193.6620 316.8139 323.4126 1.6688 1.6755 4.1642 -6.5924 2.0774 12.0522 1.5475 0.9402
Car -1 -1 1.8976 341.6394 195.0394 438.8454 250.4576 1.4566 1.6234 4.3556 -6.8875 2.2301 22.9352 1.6084 0.8264
Car -1 -1 2.8956 709.0626 172.9937 800.3602 203.1682 1.5356 1.6931 4.3924 7.4757 1.5434 37.6854 3.0894 0.7611
Car -1 -1 -1.6248 626.6733 178.7846 657.7300 205.3887 1.5289 1.6751 4.2631 1.9105 1.9132 44.5602 -1.5828 0.7276
Car -1 -1 1.7103 508.3057 182.6881 547.2462 214.2994 1.5199 1.5408 3.5239 -4.2728 2.0568 37.5806 1.5973 0.6464
Car -1 -1 2.3073 0.0000 206.4657 95.4969 375.0000 1.5956 1.5897 3.8299 -6.2265 1.9554 5.7523 1.5055 0.6285
Car -1 -1 -3.2729 704.0659 167.3013 785.7618 198.1830 1.7008 1.6899 4.3394 7.5193 1.3953 40.6870 -3.0918 0.6220
Car -1 -1 1.6754 452.8338 187.5185 491.8488 220.4968 1.5430 1.5895 3.9819 -7.1612 2.3499 37.6300 1.4881 0.4789
Car -1 -1 -2.2728 1161.7874 154.3786 1242.0000 214.8021 1.5581 1.5744 3.6777 17.7780 1.0821 20.4471 -1.5644 0.4760
