Pedestrian -1 -1 0.0485 752.0704 173.9517 777.7222 224.9489 1.7337 0.6158 0.8413 5.3150 1.7726 24.9475 0.2553 0.2939
Cyclist -1 -1 1.0510 616.0073 149.8951 646.1103 192.8895 1.7757 0.5486 1.6072 0.8410 0.8278 30.6351 1.0779 0.1211
Cyclist -1 -1 0.0165 750.7997 174.0150 779.1758 225.4376 1.7488 0.6076 0.9482 5.3176 1.7899 24.9543 0.2233 0.1193
Car -1 -1 -0.8690 669.2946 188.4043 784.2106 242.3835 1.4463 1.5722 3.5281 3.5718 1.9603 22.0839 -0.7117 0.8985
Car -1 -1 -1.6768 540.6586 157.3460 605.2984 220.0577 2.1794 1.9317 5.0022 -1.5677 1.6408 27.6973 -1.7334 0.7188
Car -1 -1 0.9418 578.1682 161.4565 628.5073 186.3014 1.5836 1.6023 3.4662 -0.5043 0.8575 47.8572 0.9310 0.2932
Car -1 -1 1.5320 449.3156 156.9280 479.8036 185.4301 1.7592 1.7673 4.4142 -9.5231 0.7766 46.8841 1.3325 0.2236
Car -1 -1 1.7934 517.8037 164.3412 545.2675 182.7185 1.6919 1.7010 4.2530 -7.4436 0.9085 68.6348 1.6855 0.1653
Car -1 -1 2.2234 468.2100 162.6419 513.0967 182.5203 1.7406 1.7297 4.3574 -10.8081 0.8467 65.5054 2.0603 0.1495
Car -1 -1 1.8252 526.2212 173.2324 558.8368 195.4261 1.6711 1.6295 3.8279 -5.2612 1.7021 56.4141 1.7322 0.1442
Car -1 -1 1.2850 614.9688 154.1015 664.5918 188.3355 1.7359 1.6675 3.6903 1.5015 0.7854 38.5770 1.3234 0.1418
