Pedestrian -1 -1 -0.8303 761.6018 166.1208 791.4156 220.2335 1.7146 0.7098 0.6153 5.3357 1.5016 23.3265 -0.6088 0.7652
Pedestrian -1 -1 -3.1664 699.0557 169.0706 713.4886 196.2915 1.7406 0.5672 0.9060 6.1652 1.4990 46.4646 -3.0358 0.3034
Pedestrian -1 -1 -1.5908 928.1757 163.1870 960.2042 235.3352 1.7896 0.7168 0.8784 8.4809 1.5501 18.4390 -1.1663 0.2623
Pedestrian -1 -1 2.0909 243.6502 180.2784 255.0458 203.5800 1.8754 0.4262 0.9283 -29.4360 2.4862 58.8476 1.6286 0.1849
Pedestrian -1 -1 -1.7027 782.2401 151.2443 795.8104 185.3849 1.9850 0.6940 0.6259 10.4582 0.7289 42.2980 -1.4622 0.1703
Cyclist -1 -1 2.1909 169.8859 172.6897 219.9576 225.4338 1.8343 0.5208 1.9653 -15.0235 1.8289 26.0939 1.6726 0.3215
Car -1 -1 1.9177 346.6204 185.2448 413.4513 220.2559 1.5069 1.7283 4.2024 -11.0031 2.1399 34.6994 1.6124 0.8992
Car -1 -1 -1.5100 599.0779 177.1611 628.6348 203.5041 1.5802 1.6444 4.1128 0.2555 1.8682 46.0740 -1.5050 0.7481
Car -1 -1 1.7498 433.6752 174.3134 484.7196 210.8375 1.5066 1.5367 3.8777 -6.6335 1.5754 31.8745 1.5458 0.2997
Car -1 -1 -1.1486 233.7702 193.0203 382.0409 267.2877 1.3957 1.6254 4.0244 -6.8429 1.9202 16.7084 -1.5323 0.2423
Car -1 -1 1.6763 210.7152 181.2700 236.0629 199.1495 1.5357 1.6209 4.1472 -35.5029 2.3353 66.2937 1.1861 0.1688
