Pedestrian -1 -1 -1.4164 818.9271 140.9281 842.2563 197.2284 1.8283 0.6399 0.7144 7.2620 0.7919 23.8891 -1.1249 0.3896
Car -1 -1 -1.8501 683.7691 182.8513 810.9622 270.2074 1.5130 1.6087 3.4447 2.6060 1.7421 14.7054 -1.6792 0.9662
Car -1 -1 1.7247 413.2657 182.7285 496.6491 246.7053 1.5482 1.6630 4.0122 -4.2568 1.8522 20.1369 1.5183 0.9378
Car -1 -1 -1.9801 773.2953 184.8406 1043.6172 366.8763 1.5454 1.5065 3.1767 2.9570 1.7054 7.9737 -1.6384 0.9364
Car -1 -1 -1.7477 650.5867 182.0539 737.5961 247.3962 1.5251 1.6349 3.7990 2.0957 1.7970 19.3409 -1.6424 0.8911
Car -1 -1 -2.3065 932.9669 194.9075 1242.0000 375.0000 1.5388 1.5810 3.7764 3.0042 1.6928 3.1238 -1.5878 0.8705
Car -1 -1 2.1785 0.0000 200.3471 277.2710 375.0000 1.5067 1.5994 3.7331 -3.4243 1.7309 3.9501 1.4968 0.8590
Car -1 -1 -1.7117 634.1035 182.8795 698.9374 230.5087 1.4641 1.6535 4.2438 1.8425 1.8458 25.2664 -1.6406 0.8182
Car -1 -1 1.7140 449.8367 184.7920 510.3251 231.0805 1.4691 1.5891 3.9015 -4.6236 1.9305 25.8911 1.5384 0.6212
Car -1 -1 1.6675 484.6700 179.1643 524.7233 214.8188 1.6465 1.5999 4.0260 -5.2486 1.9805 36.0913 1.5236 0.4118
