Pedestrian -1 -1 -1.8746 837.0134 157.3324 884.9276 237.2206 1.8283 0.5658 1.7927 5.9782 1.4734 17.4120 -1.5497 0.3531
Pedestrian -1 -1 -0.4200 1187.9027 174.5163 1242.0000 236.2809 1.8066 0.7127 1.1190 18.1113 1.8579 21.6207 0.2700 0.2075
Pedestrian -1 -1 -1.8980 933.0781 146.8222 976.8699 223.6856 1.7913 0.6888 0.8969 8.2066 1.1850 17.2957 -1.4619 0.1362
Cyclist -1 -1 -1.8988 836.6158 158.8308 885.4074 238.1407 1.8219 0.5361 1.8419 6.0067 1.5001 17.4944 -1.5739 0.7045
Cyclist -1 -1 -0.4506 1185.2930 173.7844 1242.0000 236.6289 1.8402 0.7105 1.2393 18.1131 1.8691 21.6316 0.2392 0.2189
Cyclist -1 -1 -1.5431 1038.4163 176.4381 1049.8145 216.0612 1.6457 0.3847 1.5090 18.5200 1.8030 30.8403 -1.0070 0.1134
Car -1 -1 1.5576 432.4771 178.8983 451.5203 196.2448 1.5456 1.6919 4.0898 -15.8751 2.1339 67.9986 1.3288 0.3530
Car -1 -1 2.6711 883.0069 167.7591 968.4738 198.9154 1.5452 1.5917 3.6583 15.9791 1.2928 36.6906 3.0786 0.2000
Car -1 -1 1.7397 379.2371 162.1270 431.7941 201.1940 1.7376 1.7061 4.2412 -9.6769 1.2609 34.2879 1.4663 0.1842
Car -1 -1 -1.4994 890.3008 162.6575 922.2510 187.1232 1.4846 1.6212 3.8042 18.8242 0.8662 45.8459 -1.1122 0.1839
Car -1 -1 1.9316 342.2555 169.7129 416.0025 207.8379 1.4614 1.5901 3.9384 -9.4364 1.3414 29.6652 1.6258 0.1187
