Pedestrian -1 -1 1.1380 892.3781 150.7327 984.0527 296.0016 1.8032 0.7535 0.9244 4.3249 1.4226 9.3826 1.5538 0.7270
Pedestrian -1 -1 -1.8334 761.7042 152.8544 796.5402 227.4205 1.7978 0.6675 0.6985 4.3307 1.1083 17.6758 -1.6017 0.4624
Pedestrian -1 -1 2.1728 381.2034 147.2488 420.1093 216.2737 1.8242 0.6122 0.9099 -5.4765 0.9202 19.5109 1.8976 0.4545
Pedestrian -1 -1 -1.3315 1041.0776 144.5333 1105.8462 284.1442 1.7096 0.5579 0.7018 6.0279 1.2582 9.2381 -0.7716 0.3711
Pedestrian -1 -1 1.5809 719.8816 156.7382 731.7772 195.5776 1.9265 0.5821 0.7720 6.2380 0.6992 36.0589 1.7460 0.3353
Pedestrian -1 -1 1.5392 481.2631 134.0027 509.2243 214.2862 1.8609 0.6286 0.7985 -2.5693 0.7612 17.0977 1.3873 0.2779
Pedestrian -1 -1 0.9933 0.0000 173.9438 79.3902 341.5866 1.6899 0.5912 0.6888 -6.1388 1.6151 7.6289 0.3265 0.2006
Pedestrian -1 -1 -1.5149 515.0082 171.9098 531.1508 214.6560 1.7083 0.6150 0.7135 -3.1853 1.3260 29.0782 -1.6282 0.1966
Cyclist -1 -1 1.9301 187.4045 165.8762 383.9485 374.0000 1.7044 0.5969 1.7963 -2.0747 1.6194 4.8797 1.5399 0.9060
Car -1 -1 1.6966 604.3595 163.2200 645.9442 195.0441 1.5231 1.6234 4.1943 1.2575 0.6491 36.5738 1.7258 0.7426
Car -1 -1 2.1865 873.9585 174.2182 1056.1741 258.5107 1.4872 1.5266 3.4415 7.1532 1.3600 14.1665 2.6414 0.4069
Car -1 -1 -1.6043 665.1431 142.4392 716.3770 198.6265 2.1168 1.8779 4.8669 3.5704 0.6463 29.5617 -1.4901 0.3564
Car -1 -1 1.2726 1066.0576 145.2169 1238.0000 257.0014 1.4432 1.5929 3.5326 8.6158 0.9761 11.2027 1.9118 0.2106
