Pedestrian -1 -1 -1.8792 938.0955 176.5165 960.2955 220.7012 1.7917 0.5393 1.0320 14.0033 1.9465 29.8914 -1.4455 0.1225
Pedestrian -1 -1 -1.0776 472.6992 170.3355 483.6122 194.6275 1.8985 0.6246 0.6229 -10.3996 1.7021 56.7809 -1.2582 0.1144
Pedestrian -1 -1 -2.2773 15.0437 149.0946 51.0236 198.1115 1.7834 0.6078 0.8878 -21.3373 0.9193 26.6332 -2.9480 0.1020
Pedestrian -1 -1 2.3232 515.7847 163.0896 528.4844 188.8246 1.9189 0.5430 0.8082 -6.6361 1.1912 54.2850 2.2018 0.1009
Cyclist -1 -1 -1.9122 934.2288 175.5408 957.9673 218.5267 1.7519 0.4999 1.2581 13.9852 1.8668 30.1328 -1.4819 0.1033
Car -1 -1 -1.4781 531.9762 175.8596 562.2915 200.0552 1.4632 1.5872 3.7247 -3.9975 1.6628 45.9616 -1.5647 0.8936
Car -1 -1 -1.5344 585.8091 176.0195 618.0151 203.2339 1.3696 1.5948 3.5182 -0.4291 1.5467 38.5011 -1.5459 0.8892
Car -1 -1 2.2354 0.0000 180.2505 83.8095 241.3252 1.4015 1.5626 3.7741 -15.9692 1.6155 18.9264 1.5414 0.7422
Car -1 -1 2.1201 27.4866 182.4299 134.9295 224.3048 1.3754 1.5094 3.5770 -19.2406 1.7503 26.3785 1.4945 0.1456
Car -1 -1 -1.3577 454.8304 160.5016 500.4568 192.8955 1.6125 1.6095 3.6566 -6.9083 0.9980 37.7676 -1.5376 0.1278
