Pedestrian -1 -1 1.9377 576.3824 162.5795 602.9658 219.0387 1.8094 0.6238 0.8043 -0.7053 1.4805 23.6033 1.9075 0.4281
Pedestrian -1 -1 2.5883 600.5142 170.2522 633.2994 229.6970 1.7963 0.5768 0.8327 0.1662 1.7181 22.2640 2.5948 0.3011
Pedestrian -1 -1 -1.4271 628.9820 176.2303 649.3311 218.8928 1.6498 0.6996 0.7701 1.1102 1.7852 28.4123 -1.3891 0.3003
Pedestrian -1 -1 1.5863 759.8494 158.5870 778.8601 205.4490 1.9412 0.7712 0.9943 6.6908 1.3506 30.4583 1.8000 0.2629
Pedestrian -1 -1 -3.0694 927.1718 142.1591 949.7747 184.1182 1.8379 0.5829 0.8769 14.5595 0.4937 32.0661 -2.6467 0.1915
Pedestrian -1 -1 3.0281 598.1415 171.5329 632.3334 232.0598 1.7642 0.5818 0.9511 0.1027 1.7261 21.3693 3.0320 0.1899
Cyclist -1 -1 -3.4625 1029.3308 161.3599 1115.7429 223.5142 1.5689 0.5933 1.7906 11.9177 1.2791 18.7106 -2.9028 0.1922
Cyclist -1 -1 -3.0694 927.1718 142.1591 949.7747 184.1182 1.8379 0.5829 0.8769 14.5595 0.4937 32.0661 -2.6467 0.1255
Cyclist -1 -1 -3.0484 627.1022 174.7244 653.1327 217.7654 1.6713 0.6949 0.9672 1.1506 1.7465 28.4590 -3.0090 0.1142
Car -1 -1 -2.2542 0.0000 167.5701 206.6387 281.1814 1.8704 1.7589 4.4546 -10.0206 1.7838 13.2801 -2.8912 0.9475
Car -1 -1 1.3225 266.8371 182.0294 358.2672 233.9131 1.4224 1.6559 4.3142 -9.5204 1.7409 22.7903 0.9306 0.8325
Car -1 -1 1.6135 194.0004 183.2353 254.4166 235.5061 1.4427 1.5012 3.5921 -12.0653 1.7967 22.6289 1.1282 0.5022
Car -1 -1 -2.1612 9.4906 156.4049 111.7331 192.5248 1.6623 1.6665 4.5632 -26.4859 0.9056 34.7356 -2.8091 0.3980
Car -1 -1 0.4497 342.6243 153.3347 442.2473 188.2311 1.5035 1.5802 3.9622 -9.7115 0.6629 32.1783 0.1587 0.2334
