Pedestrian -1 -1 -1.7798 939.4510 133.4252 967.7596 193.7145 1.7956 0.5544 1.1033 10.6349 0.3951 21.6549 -1.3271 0.5645
Pedestrian -1 -1 -2.6332 445.7804 172.0312 464.5745 202.5413 1.8173 0.5996 0.9324 -9.0172 1.3142 42.5340 -2.8389 0.4786
Pedestrian -1 -1 -2.7600 357.3118 183.3799 372.5421 209.2532 1.7310 0.6827 0.7749 -16.2072 1.9283 47.7421 -3.0837 0.3948
Pedestrian -1 -1 2.9278 560.0266 168.5809 576.8250 199.1918 1.8851 0.4622 0.9655 -2.2750 1.1524 43.8855 2.8781 0.3844
Pedestrian -1 -1 -0.2784 498.6919 171.5671 515.3400 200.5241 1.7877 0.6265 0.8917 -6.1181 1.2376 44.1112 -0.4135 0.3016
Pedestrian -1 -1 -1.2805 172.9203 156.1251 189.4607 188.5257 1.9587 0.6894 0.7132 -25.8775 0.4865 43.1681 -1.8153 0.2912
Pedestrian -1 -1 -3.3648 1056.6873 128.9835 1107.9686 208.2931 1.7890 0.5474 0.8802 10.9908 0.6285 16.3555 -2.7802 0.2535
Pedestrian -1 -1 -3.1512 648.0349 164.1265 678.4956 194.4978 1.8308 0.5168 1.8327 3.5303 0.8451 42.9405 -3.0680 0.1042
Cyclist -1 -1 -1.1499 380.6657 179.9782 402.5834 213.8582 1.6244 0.3725 1.6840 -10.4927 1.6009 34.7551 -1.4390 0.8242
Cyclist -1 -1 -3.1468 648.6066 164.9512 678.6116 194.8709 1.8032 0.5330 1.8050 3.5525 0.8675 42.9440 -3.0632 0.7989
Cyclist -1 -1 -0.2355 592.1996 166.3583 620.7667 195.2683 1.8537 0.5221 1.7775 0.0941 0.9483 45.7902 -0.2318 0.5233
Cyclist -1 -1 -1.8660 937.8743 132.4433 968.0125 192.9271 1.8069 0.5348 1.0724 10.6311 0.3728 21.6886 -1.4141 0.2152
Car -1 -1 -1.5299 514.4786 175.6396 547.9464 203.8170 1.4347 1.6294 3.5607 -3.9156 1.1886 37.8209 -1.6305 0.8944
Car -1 -1 2.5780 939.7834 138.1476 1079.6006 183.8938 1.4846 1.5720 3.8483 13.5409 0.1117 23.8232 3.0911 0.8271
Car -1 -1 -0.3811 879.7475 153.1217 948.7373 175.9158 1.7020 1.7298 4.5150 23.6269 -0.3556 54.0970 0.0303 0.4310
Car -1 -1 -0.2531 818.8658 159.2179 874.3348 180.3359 1.5848 1.6169 3.7215 18.4320 -0.0115 54.0169 0.0757 0.2720
