Car -1 -1 2.1010 37.8623 198.4532 339.7078 341.9460 1.4920 1.6962 4.4261 -5.7565 1.9463 10.5465 1.6113 0.9696
Car -1 -1 -1.9013 755.7187 178.2238 977.1450 310.5581 1.4565 1.5895 3.9695 3.2394 1.5471 10.1093 -1.6007 0.9555
Car -1 -1 1.9362 285.4977 190.2594 416.5893 269.4289 1.4976 1.5538 3.6735 -5.7450 1.9367 16.3243 1.6022 0.9502
Car -1 -1 1.3614 694.2954 178.2245 778.5309 238.2253 1.4765 1.5274 3.6797 3.3448 1.6394 19.9612 1.5243 0.9455
Car -1 -1 1.8795 407.1715 186.9070 491.0599 234.4391 1.4429 1.6381 4.3254 -5.5986 1.9824 25.4489 1.6645 0.9171
Car -1 -1 -1.7250 655.7537 178.1847 699.6273 213.2456 1.5505 1.5308 3.5692 3.1259 1.8178 34.2931 -1.6355 0.8748
Car -1 -1 -2.1392 888.3478 204.2587 1242.0000 375.0000 1.5245 1.5926 3.9687 3.2029 1.8071 4.4829 -1.5510 0.8452
Car -1 -1 -1.7472 672.3467 180.5852 739.4165 225.8691 1.4473 1.6590 4.1051 3.3001 1.7472 25.8650 -1.6224 0.7311
Car -1 -1 -2.1809 963.9836 118.7842 1242.0000 247.4616 1.9084 1.8456 4.7254 8.5388 1.1069 13.0986 -1.6136 0.5847
Car -1 -1 1.7781 490.0827 179.2752 530.8094 208.6719 1.5342 1.5346 3.6667 -5.5540 1.9105 40.3588 1.6418 0.5568
Car -1 -1 -1.2617 308.8477 175.8404 356.9379 203.0437 1.5379 1.6423 3.6500 -16.5118 1.7242 43.0657 -1.6260 0.4731
