Pedestrian -1 -1 1.6199 692.8819 124.5092 725.8851 210.7810 1.8325 0.6826 0.7366 2.1260 0.8060 15.7471 1.7512 0.1234
Pedestrian -1 -1 -0.9924 265.1779 167.0997 284.9156 201.3798 1.7983 0.6040 0.8128 -17.8103 1.4968 38.2952 -1.4253 0.1073
Pedestrian -1 -1 1.6203 175.6849 169.2594 210.4455 245.6474 1.6928 0.6532 0.5967 -9.5185 1.6135 16.4008 1.1012 0.1008
Cyclist -1 -1 -2.2202 0.0000 178.4907 29.6593 226.8151 1.7842 0.6725 1.6714 -22.9839 2.0017 27.2727 -2.9157 0.1569
Car -1 -1 1.7900 436.9818 178.1380 487.1543 209.7001 1.4673 1.6119 4.1191 -7.4116 1.7488 36.3101 1.5897 0.8671
Car -1 -1 -1.5954 667.4402 189.9628 718.1678 240.0996 1.4852 1.5878 3.6394 2.7107 2.1120 24.5339 -1.4876 0.2134
Car -1 -1 -1.5574 579.4299 175.2428 596.7523 191.8027 1.5048 1.5839 3.5362 -2.0575 1.7357 67.8569 -1.5879 0.2008
Car -1 -1 1.7861 236.1693 183.2824 276.1412 209.1216 1.5848 1.5807 3.9283 -23.5315 2.3097 48.0374 1.3325 0.1916
Car -1 -1 3.4255 8.3816 194.1872 152.2805 241.8754 1.4839 1.5585 3.7351 -18.2825 2.2645 25.0266 2.7994 0.1438
Car -1 -1 0.0662 20.1909 185.2397 116.3743 214.6182 1.5462 1.5930 4.3097 -30.9669 2.2882 41.3606 -0.5735 0.1057
Car -1 -1 -1.4481 861.6941 157.8916 901.4232 187.8396 1.6562 1.7115 3.9031 15.8210 0.8291 42.0270 -1.0906 0.1046
