Pedestrian -1 -1 -1.4545 85.0645 155.8738 121.5050 228.5480 1.8014 0.6829 0.6645 -12.9158 1.3808 18.3358 -2.0615 0.3479
Pedestrian -1 -1 1.0676 1030.9739 151.2464 1100.8867 254.7742 1.7559 0.6466 0.9713 7.9723 1.3898 12.7346 1.6161 0.2768
Pedestrian -1 -1 -0.8910 64.6609 212.2012 109.0635 274.9714 1.7022 0.6205 0.8617 -14.9524 2.8490 20.5727 -1.5137 0.2192
Pedestrian -1 -1 1.4478 771.1371 142.3135 808.1252 218.2503 1.8325 0.7628 1.0556 4.4128 1.0959 17.9774 1.6842 0.1586
Pedestrian -1 -1 0.2101 164.6541 182.5989 201.5030 250.7881 1.7477 0.5993 0.7249 -11.2836 2.0102 19.0032 -0.3199 0.1218
Cyclist -1 -1 -1.2181 432.8842 183.5710 459.1299 229.0341 1.6400 0.4523 1.5665 -6.2148 2.0565 27.2106 -1.4411 0.1078
Cyclist -1 -1 -2.1057 1030.4037 158.9425 1105.4192 263.5672 1.7605 0.6514 1.0654 7.9665 1.5268 12.6763 -1.5556 0.1063
Car -1 -1 1.8852 170.5535 195.7803 471.9827 375.0000 1.4777 1.7096 4.5690 -2.9128 1.8160 8.3376 1.5578 0.9324
Car -1 -1 -1.0819 684.4278 191.9600 729.7629 214.7718 1.5380 1.7144 3.9899 7.3186 3.0330 54.3195 -0.9494 0.1951
Car -1 -1 -1.2861 25.8438 214.6977 127.9570 276.9389 1.4782 1.5103 3.5206 -15.8842 2.8432 21.6162 -1.9142 0.1418
Car -1 -1 -0.4603 1170.1449 115.1906 1242.0000 253.3683 1.6551 1.6812 4.1652 10.6440 0.9648 10.1201 0.3359 0.1192
