Car -1 -1 -1.9610 304.7004 197.1246 435.2513 273.3188 1.4712 1.6128 3.7902 -5.8331 2.1141 17.1380 -2.2851 0.9310
Car -1 -1 1.4125 186.3405 189.7164 249.4097 231.3046 1.4533 1.6261 3.9274 -15.8116 2.1778 28.9287 0.9158 0.8945
Car -1 -1 1.5012 703.9085 176.1019 770.2495 235.5508 1.4599 1.5132 3.4686 3.3415 1.5571 19.7106 1.6659 0.8714
Car -1 -1 -2.1838 443.2733 164.8395 706.3845 307.8654 1.7750 1.8006 4.4569 -0.8122 1.6759 11.2471 -2.2556 0.8600
Car -1 -1 1.4222 788.5543 180.9854 884.0466 244.6106 1.3924 1.6759 4.2404 5.6301 1.6270 18.5706 1.7114 0.8255
Car -1 -1 0.4825 860.7007 170.7185 1031.2699 226.2764 1.4572 1.6367 4.2381 9.6398 1.4016 21.0948 0.9054 0.8183
Car -1 -1 3.3662 376.1490 179.2968 465.1433 214.0302 1.5393 1.6428 3.6844 -8.6927 1.8438 33.1759 3.1115 0.6433
Car -1 -1 3.3689 310.3986 184.2359 405.3086 215.9472 1.5883 1.7133 4.4474 -13.2470 2.2053 38.0046 3.0352 0.4843
Car -1 -1 -1.5809 135.3418 183.6564 161.2410 205.3399 1.5708 1.6575 3.9059 -36.1531 2.4474 56.4359 -2.1487 0.4764
Car -1 -1 1.4460 166.1473 180.6542 216.9431 217.8706 1.5664 1.5596 3.8510 -19.3393 1.9475 33.2111 0.9219 0.4026
