Pedestrian -1 -1 3.3332 121.2536 187.8369 148.6015 237.9749 1.7564 0.7160 0.6985 -17.1649 2.3066 26.0138 2.7544 0.6806
Car -1 -1 2.0009 166.4029 199.6786 353.1215 303.9060 1.4386 1.5312 3.6512 -5.9934 1.9800 12.7245 1.5681 0.9512
Car -1 -1 1.8534 318.4084 191.0577 428.9257 259.9333 1.4784 1.5915 4.1829 -6.0164 2.0042 18.7113 1.5458 0.9511
Car -1 -1 2.1838 0.0000 211.3450 234.5582 375.0000 1.4519 1.5930 3.9168 -5.9832 1.9818 7.9525 1.5544 0.9496
Car -1 -1 1.8181 409.3618 187.5816 482.6637 234.2189 1.4715 1.6111 4.1816 -5.8963 2.0501 26.2102 1.5983 0.9434
Car -1 -1 2.5833 937.8150 145.7274 1193.0266 223.0013 1.4851 1.5800 4.2108 9.0835 0.9641 14.6826 3.1283 0.9386
Car -1 -1 -1.7687 681.8915 174.0763 769.6252 232.3692 1.4907 1.6389 4.2425 3.1478 1.5298 20.6993 -1.6206 0.9086
Car -1 -1 2.6189 857.5896 156.3262 1020.8412 217.0056 1.5739 1.5849 3.7729 8.8744 1.1455 19.6983 3.0363 0.8774
Car -1 -1 2.5742 916.0309 141.8283 1106.7305 213.4114 1.6135 1.5898 3.7051 9.4271 0.9145 17.1886 3.0685 0.8440
Car -1 -1 -1.6617 671.3066 173.0801 728.1143 219.2130 1.5391 1.6533 4.0511 3.1255 1.5483 26.1363 -1.5446 0.8094
Car -1 -1 1.6809 487.1611 182.3778 522.9885 211.0788 1.5059 1.5918 4.0517 -5.9852 2.0781 41.2675 1.5373 0.7632
Car -1 -1 2.7197 803.2993 154.5349 966.3159 211.3304 1.6830 1.6239 4.4442 8.3879 1.1405 22.3378 3.0742 0.7596
