Car -1 -1 -0.2111 741.6602 170.6451 876.4887 222.1722 1.6183 1.7119 3.9745 6.3806 1.5493 23.6105 0.0491 0.9536
Car -1 -1 -1.6814 689.7241 181.7040 768.0469 244.4019 1.4109 1.5670 3.5340 2.9091 1.6608 18.5401 -1.5290 0.9528
Car -1 -1 -2.1197 843.5181 176.2338 1242.0000 375.0000 1.4479 1.5689 3.4895 2.8089 1.4779 4.5618 -1.5970 0.9409
Car -1 -1 0.3740 246.8443 175.2204 460.8351 250.3353 1.5835 1.6324 4.2151 -5.6820 1.6399 16.1662 0.0405 0.9113
Car -1 -1 0.6584 0.0000 142.1622 241.5743 305.6674 1.7503 1.6586 3.9583 -6.8243 1.4221 8.5507 -0.0002 0.8975
Car -1 -1 0.8020 0.0000 204.3645 209.1101 375.0000 1.4371 1.6613 4.3189 -6.0744 1.7464 6.1465 0.0441 0.8849
Car -1 -1 0.4420 162.4514 187.3400 412.5518 274.0377 1.5346 1.6022 4.1235 -6.1502 1.8321 13.9269 0.0326 0.8772
Car -1 -1 0.3879 324.7789 172.7024 487.1250 230.9925 1.6055 1.6096 4.2357 -5.9000 1.6017 20.9146 0.1157 0.8608
Car -1 -1 3.6856 0.0000 187.4102 309.1753 298.1378 1.5565 1.6337 3.8674 -6.9900 1.7992 11.1823 3.1372 0.8190
Car -1 -1 0.5605 304.5016 177.0985 461.7243 243.2195 1.5805 1.5432 3.6004 -5.8685 1.6974 18.6049 0.2585 0.6954
Car -1 -1 -0.2490 684.4718 177.4216 760.4641 208.4808 1.5315 1.5385 3.5566 5.6667 1.7707 36.7918 -0.0979 0.5880
Car -1 -1 -1.6285 636.6012 175.6813 662.6923 198.3015 1.5594 1.6566 3.7808 2.8011 1.7714 52.1064 -1.5756 0.5343
