Car -1 -1 -1.9858 768.5495 175.4579 1122.2355 375.0000 1.5868 1.6299 3.9546 2.9232 1.6213 7.4225 -1.6254 0.9841
Car -1 -1 -2.2860 714.1323 177.8772 787.6682 212.9837 1.4645 1.4230 3.2883 6.2304 1.7027 32.3850 -2.0981 0.9295
Car -1 -1 -1.7580 625.2884 177.7067 660.0686 202.5089 1.4586 1.5495 3.3950 1.9645 1.7732 44.9239 -1.7151 0.9176
Car -1 -1 0.3795 194.9765 180.7730 439.4166 261.2616 1.4784 1.5660 4.1774 -5.6834 1.6434 14.1993 0.0046 0.8938
Car -1 -1 3.4189 328.6037 175.6207 455.8489 221.5706 1.4538 1.6288 3.7072 -7.1446 1.5485 23.7634 3.1294 0.8562
Car -1 -1 0.4900 50.5726 175.7930 337.0302 280.6839 1.5687 1.6161 3.6966 -6.6216 1.6200 11.6738 -0.0166 0.8147
Car -1 -1 0.2456 359.8618 181.3106 479.6855 225.0296 1.4961 1.6650 3.8645 -6.7940 1.8096 25.8679 -0.0092 0.5748
Car -1 -1 3.3395 380.0268 167.9099 505.9980 218.3953 1.9063 1.8195 4.5282 -6.4878 1.7200 28.2120 3.1150 0.5709
Car -1 -1 0.3781 220.1907 175.4807 415.7943 242.3888 1.4511 1.5619 3.8403 -6.6195 1.5143 16.4913 0.0015 0.5675
Car -1 -1 -1.0876 0.0000 169.7782 312.2724 366.0277 1.4232 1.4600 2.8522 -4.0796 1.4013 6.6890 -1.6183 0.5445
Car -1 -1 3.7196 0.0000 175.1663 272.2517 298.6191 1.4194 1.5538 3.7381 -6.5771 1.4518 9.1593 3.1103 0.5385
Car -1 -1 -1.5535 494.6295 175.6125 521.0983 202.7402 1.4768 1.4435 3.4493 -5.8699 1.6425 41.4427 -1.6937 0.4178
