Pedestrian -1 -1 1.6029 547.0751 160.3795 562.0615 200.4685 1.9309 0.7022 0.8946 -2.7390 1.3304 35.2133 1.5254 0.3329
Pedestrian -1 -1 -1.4309 727.5229 153.6557 751.8909 205.7667 1.8294 0.7469 0.8865 4.6112 1.1558 25.8649 -1.2569 0.3111
Pedestrian -1 -1 1.7468 698.5702 176.2956 721.5708 222.6134 1.6966 0.7024 0.9512 3.7170 1.8288 27.0703 1.8811 0.2252
Cyclist -1 -1 1.7456 698.0747 175.7855 721.8360 222.8134 1.7173 0.7175 1.0262 3.7060 1.8298 27.0173 1.8797 0.1290
Car -1 -1 -1.8164 745.5626 168.5685 878.9070 251.5525 1.4086 1.5366 3.9849 3.7568 1.3362 14.2420 -1.5642 0.9461
Car -1 -1 -1.3944 559.1887 178.3351 617.2781 216.5449 1.3914 1.5991 4.4302 -0.8407 1.6314 29.2424 -1.4235 0.8985
Car -1 -1 -1.4739 590.7681 178.2957 628.1830 207.8693 1.4446 1.5898 4.1277 -0.0130 1.7488 38.1569 -1.4748 0.8481
Car -1 -1 -2.2176 947.1080 170.1353 1242.0000 375.0000 1.4832 1.6009 3.9456 3.1429 1.4784 3.3721 -1.5105 0.7476
Car -1 -1 -1.4624 723.2623 166.6244 776.3281 210.6582 1.5432 1.5917 3.6561 5.2955 1.3252 27.2650 -1.2731 0.3214
Car -1 -1 -1.3678 701.5109 169.8603 743.4731 196.4621 1.4722 1.6433 4.0504 6.5790 1.3069 42.1141 -1.2143 0.2982
