Car -1 -1 -1.8904 790.2928 182.4593 1003.5362 316.5166 1.5379 1.6239 3.9013 3.8416 1.7046 10.5235 -1.5505 0.9802
Car -1 -1 1.8894 319.8420 185.8616 459.0456 272.0817 1.5271 1.6516 3.9326 -4.5632 1.8406 15.3716 1.6048 0.9598
Car -1 -1 -1.7985 737.5225 180.4608 852.5632 258.6458 1.4912 1.6069 3.7676 3.9072 1.6803 16.0150 -1.5644 0.9585
Car -1 -1 1.8343 410.2813 185.6455 501.1120 248.5498 1.5920 1.6130 3.9284 -4.4355 2.0017 21.0820 1.6288 0.9069
Car -1 -1 -1.7764 704.3493 179.5902 788.9510 235.6238 1.4484 1.6024 4.0829 3.8520 1.6661 21.2084 -1.5999 0.8988
Car -1 -1 -2.2565 911.8723 194.4497 1242.0000 375.0000 1.5664 1.5759 3.6226 3.8296 1.7814 5.2950 -1.6578 0.8811
Car -1 -1 1.7822 455.4916 182.1196 526.4691 226.4566 1.4278 1.6489 4.5198 -4.3054 1.7980 26.4939 1.6221 0.8685
Car -1 -1 1.6508 532.3317 178.3583 564.2252 206.2276 1.5370 1.5799 3.6488 -3.6158 1.8744 42.3415 1.5656 0.7468
Car -1 -1 -1.6963 693.1373 181.3896 751.1804 227.3438 1.5106 1.6178 3.6381 3.9606 1.8430 26.2336 -1.5488 0.7132
Car -1 -1 -1.6728 691.2012 174.6694 733.6351 211.0866 1.5039 1.4946 3.3393 4.4037 1.5882 31.6580 -1.5364 0.6599
Car -1 -1 1.5041 684.0328 173.5294 721.2643 208.2978 1.6861 1.6161 4.0617 4.6788 1.7231 37.1417 1.6279 0.6453
