Pedestrian -1 -1 0.5903 1091.6362 127.7452 1197.3522 286.3369 1.7502 0.5977 0.7845 6.2437 1.1697 8.2691 1.2205 0.7755
Pedestrian -1 -1 0.9745 505.2694 164.5981 564.0422 272.8118 1.6857 0.6140 0.7911 -1.1956 1.4397 11.5097 0.8756 0.7445
Pedestrian -1 -1 0.0131 1157.0903 115.7047 1224.0000 300.8878 1.7762 0.7273 0.8367 6.2184 1.1564 7.3242 0.6977 0.5373
Pedestrian -1 -1 2.9699 120.9207 118.2213 200.9074 258.6108 1.8471 0.6007 0.8560 -6.2065 1.0294 9.8057 2.4225 0.4489
Pedestrian -1 -1 -1.4263 788.6956 162.8973 804.4360 196.4148 1.7749 0.7216 0.7032 10.2612 0.8442 37.9019 -1.1623 0.4398
Pedestrian -1 -1 -1.8891 276.5881 180.4797 319.7491 261.1058 1.5911 0.6009 0.7721 -6.3115 1.5923 14.4365 -2.2915 0.3395
Pedestrian -1 -1 -0.2607 991.4634 110.9970 1065.1797 241.0983 1.7501 0.4128 0.7945 5.8119 0.8168 9.8084 0.2623 0.3226
Pedestrian -1 -1 -3.3635 773.7979 158.3436 794.5818 190.2169 1.8155 0.5812 1.0533 10.2714 0.5549 40.5724 -3.1157 0.3046
Pedestrian -1 -1 -0.2119 510.5164 166.7875 521.6403 188.0272 1.8271 0.5284 0.8644 -7.6805 0.6487 61.2103 -0.3343 0.3013
Cyclist -1 -1 1.0955 874.0397 156.5237 905.5810 194.9173 1.7732 0.5243 2.0136 13.5293 0.6673 33.6776 1.4760 0.7112
Cyclist -1 -1 -1.9987 973.5648 137.6346 1022.9643 206.2032 1.7248 0.4242 1.7875 10.3286 0.6481 18.6868 -1.4991 0.6267
Car -1 -1 -0.9030 0.0000 207.8278 289.8539 370.0000 1.4754 1.5833 3.8672 -3.1327 1.6820 3.3340 -1.6097 0.8134
Car -1 -1 -1.6763 641.7564 169.0572 668.0281 189.7905 1.5657 1.6473 3.9195 3.8834 0.7028 55.3738 -1.6050 0.7266
Car -1 -1 1.8679 444.5078 170.1017 489.6871 196.8325 1.5824 1.6660 3.9319 -8.5064 0.9682 43.8964 1.6796 0.6425
