Pedestrian -1 -1 -2.5319 625.4998 154.6538 718.7809 303.1179 1.7656 0.7057 0.9457 0.7323 1.5495 9.1504 -2.4561 0.7440
Pedestrian -1 -1 -0.0510 646.6638 167.1582 663.3237 198.5355 1.8115 0.5399 0.9388 2.5774 1.4830 41.9286 0.0095 0.2335
Pedestrian -1 -1 -1.8825 771.4357 178.7250 806.5163 248.7158 1.6404 0.6213 0.7292 4.2495 1.7852 17.3609 -1.6473 0.1780
Cyclist -1 -1 -2.7267 623.5593 154.7083 716.2154 303.5890 1.7785 0.7092 0.9714 0.7115 1.5621 9.1578 -2.6532 0.1007
Car -1 -1 -1.7637 648.3170 173.5753 707.1624 213.7678 1.3868 1.5019 3.5612 2.4047 1.4158 26.8092 -1.6758 0.5647
Car -1 -1 -0.1872 695.1662 168.4388 764.7961 199.1285 1.6560 1.5935 3.5479 6.5423 1.4181 39.7728 -0.0258 0.3321
Car -1 -1 -1.6325 686.1987 173.2806 829.7046 323.0977 1.5319 1.4609 2.9030 1.6304 1.5385 8.9080 -1.4587 0.3276
Car -1 -1 -1.6373 645.8491 165.2318 679.5266 198.1227 1.8992 1.7442 4.2839 3.1158 1.4594 43.8049 -1.5672 0.3247
Car -1 -1 1.8338 289.5009 186.3108 393.9085 258.7862 1.4869 1.4939 3.3228 -6.3058 1.8394 17.1573 1.4860 0.3198
Car -1 -1 -0.9766 0.0000 0.0000 298.9796 375.0000 2.1902 1.8699 4.7994 -3.3515 1.6306 3.6351 -1.6858 0.2224
Car -1 -1 1.4229 715.4633 166.9313 767.4033 202.3592 1.4633 1.6208 4.3220 5.7072 1.2190 31.9809 1.5975 0.2016
Car -1 -1 -2.0630 860.2316 103.6091 1242.0000 330.2586 1.8653 1.6827 4.0896 4.2955 1.2958 7.9927 -1.5857 0.1776
Car -1 -1 1.4777 758.7706 181.8846 831.2805 242.9328 1.5156 1.6118 3.7033 5.0962 1.7962 20.4373 1.7179 0.1713
