Pedestrian -1 -1 0.7249 963.7200 157.8504 1116.7269 347.9876 1.7714 0.8203 1.0473 4.3836 1.5525 7.3175 1.2433 0.6371
Pedestrian -1 -1 1.8267 445.7433 135.8002 489.2041 235.4947 1.8471 0.6247 0.8599 -2.5933 1.0016 13.7564 1.6386 0.4700
Pedestrian -1 -1 1.3599 788.9222 158.4054 830.3374 247.6368 1.8599 0.6710 0.8991 4.4245 1.3798 15.4384 1.6291 0.4287
Pedestrian -1 -1 2.3143 567.1119 163.6817 586.6185 200.3576 1.8651 0.5264 0.9161 -1.2706 0.9598 37.0465 2.2753 0.3266
Pedestrian -1 -1 2.0080 578.5072 161.1664 594.7795 199.7477 1.8635 0.4942 0.8324 -0.7297 0.8823 35.1738 1.9824 0.3136
Pedestrian -1 -1 2.4825 334.8148 152.6122 382.9911 237.2545 1.8492 0.5906 0.8462 -5.5026 1.2193 16.2069 2.1549 0.3014
Pedestrian -1 -1 -1.7293 490.1742 171.0575 509.2845 213.7390 1.6744 0.6313 0.8077 -4.0797 1.2657 28.6574 -1.8745 0.2898
Pedestrian -1 -1 3.1835 496.8571 152.8786 534.2021 216.6582 1.8658 0.6139 1.0817 -2.5745 1.0297 21.3617 3.0599 0.2518
Pedestrian -1 -1 -1.5873 526.1364 173.3869 540.7230 208.6967 1.7688 0.7207 0.6215 -3.4493 1.3632 36.3308 -1.6864 0.2389
Pedestrian -1 -1 -1.5471 361.3420 181.4580 388.2376 250.6847 1.6329 0.6060 0.8726 -5.5300 1.6331 17.4452 -1.8552 0.2316
Pedestrian -1 -1 2.7793 653.5034 162.9787 667.0206 188.7847 1.8808 0.5240 0.8575 4.3338 0.5315 52.7244 2.8560 0.2118
Pedestrian -1 -1 -1.9062 974.3353 138.6449 994.1892 178.1828 1.9323 0.6452 0.7717 18.9627 -0.1655 35.6049 -1.4246 0.2106
Car -1 -1 1.7032 588.3790 170.6696 642.6231 211.8996 1.4304 1.5574 3.8490 0.5745 1.0557 26.9378 1.7193 0.8294
Car -1 -1 -1.5999 672.4631 140.0492 731.6401 204.9163 2.1527 1.9490 5.1218 3.5793 0.7782 26.4804 -1.4718 0.8036
Car -1 -1 -1.8141 851.3585 162.7731 929.0629 208.8232 1.4791 1.5811 3.8793 9.9558 0.8787 25.0927 -1.4450 0.3236
Car -1 -1 1.6907 388.5695 186.3245 451.1830 234.8569 1.4316 1.5607 3.7156 -5.8847 1.6036 23.5139 1.4428 0.2426
Car -1 -1 -0.9683 903.2333 141.2538 1238.0000 374.0000 1.5182 1.5299 3.6511 3.4457 1.3961 3.3315 -0.2102 0.2153
