Pedestrian -1 -1 -1.7577 132.3549 164.4411 152.5689 203.9723 1.8306 0.6879 0.6634 -21.5693 1.0415 33.7386 -2.3280 0.3338
Pedestrian -1 -1 -0.3714 824.7250 93.4791 920.3895 273.6873 1.8030 0.5860 0.7662 2.7607 0.9237 7.4906 -0.0347 0.2715
Car -1 -1 -0.1392 168.1586 177.9463 342.9534 239.4273 1.6417 1.7559 4.4363 -10.1478 1.5480 21.1384 -0.5873 0.9815
Car -1 -1 -0.8194 458.6299 174.1293 559.7847 215.9618 1.4684 1.5644 3.9124 -3.4401 1.2107 27.2572 -0.9489 0.8956
Car -1 -1 2.0443 326.5906 178.7940 391.7764 208.6230 1.4941 1.6065 4.0690 -12.7706 1.3594 38.1075 1.7180 0.7833
Car -1 -1 -0.0591 0.0000 166.6582 122.3901 209.1209 1.7717 1.7476 4.2753 -24.0409 1.1535 32.0196 -0.7042 0.5602
Car -1 -1 -1.4144 568.9833 168.3828 602.5222 192.7840 1.5142 1.6020 3.9368 -0.9668 0.7010 46.6301 -1.4399 0.5591
Car -1 -1 -1.3321 553.9769 171.4678 583.7900 192.0843 1.5724 1.5787 3.5155 -2.5121 0.8078 56.6577 -1.3811 0.3754
Car -1 -1 1.7517 422.4335 179.4336 466.6871 211.0866 1.4558 1.5071 3.4692 -7.5544 1.3617 34.7962 1.5344 0.3308
Car -1 -1 -1.3640 605.4319 160.4028 634.9586 185.2074 2.0732 1.7375 4.2880 1.6975 0.3103 62.3211 -1.3417 0.3021
