Cyclist -1 -1 1.0866 925.5632 149.3999 1015.2552 264.1467 1.7916 0.5332 1.8475 5.9844 1.4258 12.1964 1.5326 0.5438
Car -1 -1 -1.7863 685.4446 178.8671 814.8802 263.2712 1.4492 1.6469 4.3985 2.6577 1.5927 14.9376 -1.6146 0.9712
Car -1 -1 -0.2373 777.1910 172.4089 926.6006 230.9872 1.5333 1.6321 3.6019 6.5035 1.5220 19.8313 0.0746 0.9357
Car -1 -1 3.7996 0.0000 174.8925 286.6540 346.7632 1.4769 1.6450 4.3562 -5.7676 1.4996 7.0592 3.1328 0.9018
Car -1 -1 0.5800 15.9944 169.0249 352.1317 265.2000 1.4132 1.6278 4.4988 -6.7182 1.3573 11.5531 0.0629 0.9013
Car -1 -1 3.5589 90.7692 164.0912 337.4179 245.1016 1.4494 1.5264 3.8535 -7.4739 1.2929 13.8046 3.0705 0.8815
Car -1 -1 3.7079 0.0000 173.3785 238.4813 289.6641 1.3660 1.4724 3.7310 -7.1233 1.3738 9.3483 3.0703 0.8812
Car -1 -1 -0.1965 671.0343 170.7018 739.1557 197.1116 1.5705 1.7083 3.8452 5.7174 1.4428 43.8871 -0.0682 0.8155
Car -1 -1 0.2752 240.0494 175.7348 454.5644 246.2040 1.4935 1.6556 4.2712 -5.8535 1.5629 16.3314 -0.0644 0.7774
Car -1 -1 3.3384 398.5671 171.4796 512.8620 209.5304 1.4800 1.6367 4.2388 -6.1565 1.4269 28.9040 3.1300 0.7113
Car -1 -1 3.2296 372.4892 170.6279 489.1064 211.9093 1.4407 1.5796 3.9933 -6.4791 1.3633 26.2607 2.9897 0.6799
Car -1 -1 3.1938 444.3361 174.6144 528.7996 207.9876 1.4962 1.5542 3.7753 -5.7059 1.5805 33.4397 3.0257 0.6144
