Pedestrian -1 -1 0.9457 72.9183 133.4765 168.5859 278.7375 1.8101 0.6588 0.8652 -6.4527 1.3198 9.4491 0.3594 0.5456
Pedestrian -1 -1 -1.6314 996.4204 191.1537 1085.4199 375.0000 1.7153 0.6054 0.6351 3.6501 1.8848 6.2459 -1.1245 0.3033
Pedestrian -1 -1 0.0332 657.5842 172.7737 669.5040 197.5363 1.8347 0.5009 0.8703 3.9637 1.8291 53.7514 0.1060 0.2930
Pedestrian -1 -1 -2.1172 753.4622 182.5514 804.2689 266.9028 1.7314 0.7333 0.8247 3.5522 1.9460 15.4319 -1.8963 0.2018
Pedestrian -1 -1 2.7152 718.2417 176.1658 754.6023 243.0933 1.7868 0.6259 0.7882 3.3999 1.8795 19.7039 2.8826 0.1888
Pedestrian -1 -1 -1.6072 530.7336 173.7962 542.1035 203.3990 1.8296 0.6765 0.8135 -4.6315 1.8894 45.0689 -1.7094 0.1728
Pedestrian -1 -1 -0.1464 880.0650 152.9342 986.7801 315.3039 1.7473 0.7672 0.9992 3.6112 1.5333 8.2578 0.2518 0.1625
Pedestrian -1 -1 -1.6477 692.1203 155.8110 711.0322 205.3032 1.8443 0.5838 1.7248 3.4692 1.2096 27.7596 -1.5252 0.1550
Cyclist -1 -1 -1.6567 692.3307 155.3650 710.5339 203.2306 1.7828 0.5404 1.7369 3.4627 1.1318 27.7494 -1.5343 0.3463
Car -1 -1 1.7486 436.0422 183.3761 515.5444 244.1352 1.5456 1.6251 3.6392 -3.8168 1.8759 20.8038 1.5686 0.9536
Car -1 -1 1.4632 664.1735 152.4906 700.5699 184.5478 1.8211 1.6962 4.3362 4.2416 0.6646 43.1621 1.5603 0.2497
Car -1 -1 1.4314 1138.4877 187.0361 1183.2969 215.8524 1.6188 1.6851 3.6706 33.9029 2.5340 44.5266 2.0784 0.1881
Car -1 -1 1.6965 516.1816 191.2435 557.2377 223.5639 1.4967 1.6343 4.2044 -3.8322 2.5183 37.9466 1.5959 0.1771
Car -1 -1 -1.2372 535.2143 176.6122 581.8975 205.8863 1.7572 1.6752 4.2681 -3.2642 2.0100 46.1723 -1.3079 0.1721
Car -1 -1 -1.5338 650.1117 167.8078 673.6889 192.2705 1.8178 1.6770 3.8077 4.0028 1.4432 55.5961 -1.4626 0.1707
Car -1 -1 -1.5844 644.2019 184.7407 674.2484 215.5928 1.5742 1.5902 3.5927 2.6665 2.2649 40.0631 -1.5191 0.1641
Car -1 -1 -1.2878 1213.2274 156.0024 1242.0000 191.9649 1.4577 1.5574 3.6493 27.4677 0.7750 30.8801 -0.5656 0.1540
