Pedestrian -1 -1 2.0286 0.0000 177.2677 72.4942 367.6821 1.6716 0.5097 0.8025 -5.6182 1.7163 6.7985 1.3569 0.5326
Pedestrian -1 -1 1.7134 799.3912 117.5640 852.7581 253.1783 1.7896 0.6160 0.7509 2.9460 1.0603 9.9875 1.9917 0.4327
Pedestrian -1 -1 -1.5601 831.0593 164.5788 859.2844 237.2611 1.8434 0.6845 0.5771 6.0390 1.6339 18.6787 -1.2528 0.3336
Pedestrian -1 -1 1.7987 566.1900 174.9597 579.1525 202.5975 1.7744 0.6315 1.0115 -2.4567 1.9134 46.9585 1.7462 0.3025
Cyclist -1 -1 1.8297 554.2883 175.6887 571.3054 203.4740 1.7458 0.6600 1.7872 -3.0619 1.9324 46.4659 1.7638 0.3573
Car -1 -1 -1.9095 775.4766 177.6960 1081.0120 375.0000 1.4204 1.4923 3.1946 2.5979 1.4771 6.7844 -1.5593 0.9668
Car -1 -1 1.7225 440.3241 179.4209 502.1967 228.6226 1.5981 1.6083 3.8772 -4.9449 1.8523 25.9235 1.5353 0.9616
Car -1 -1 -1.7170 662.6786 174.1792 732.0619 230.5232 1.6161 1.6270 3.5602 2.6048 1.6613 22.5849 -1.6044 0.9523
Car -1 -1 -1.2133 231.0481 179.5801 423.2951 300.7752 1.6498 1.6687 3.8351 -4.4848 1.7796 11.9548 -1.5657 0.9329
Car -1 -1 1.6760 501.1382 179.4889 537.3007 209.2890 1.6011 1.6347 4.3784 -5.2572 2.0075 41.9493 1.5516 0.6047
Car -1 -1 -0.1672 0.0000 192.7863 105.2770 375.0000 1.4739 1.6029 4.1547 -4.9695 1.6236 3.1801 -1.1301 0.5336
Car -1 -1 -1.5133 539.5140 180.3375 561.0461 200.2485 1.5785 1.5956 3.5506 -4.9909 2.2234 60.3437 -1.5959 0.3341
