Pedestrian -1 -1 0.0405 812.8558 165.9636 833.5070 200.7461 1.7818 0.4906 1.0079 11.0009 1.4292 37.3530 0.3244 0.3134
Cyclist -1 -1 0.0405 812.8558 165.9636 833.5070 200.7461 1.7818 0.4906 1.0079 11.0009 1.4292 37.3530 0.3244 0.1004
Car -1 -1 1.9190 202.4320 183.0886 414.3045 311.7946 1.5858 1.6783 4.0940 -4.4667 1.7755 11.2804 1.5492 0.9830
Car -1 -1 2.1990 0.0000 188.8923 282.9587 375.0000 1.4587 1.5863 3.9654 -4.5605 1.6404 6.1649 1.5821 0.9514
Car -1 -1 -1.7166 713.7755 166.5293 786.2269 226.7025 1.8963 1.7766 4.6357 4.7053 1.6973 25.0848 -1.5340 0.9406
Car -1 -1 1.8114 425.1773 182.9144 514.3759 241.1561 1.4643 1.6070 4.0325 -3.9885 1.7849 20.9051 1.6245 0.9370
Car -1 -1 1.8717 353.5572 185.9576 476.2244 262.3629 1.4475 1.5773 3.8473 -4.2972 1.7795 16.2968 1.6171 0.9300
Car -1 -1 1.7091 562.6679 176.0846 595.9672 201.6321 1.5978 1.6680 3.9913 -2.0157 1.8210 47.7121 1.6666 0.6413
Car -1 -1 0.4835 69.7467 170.4445 223.5655 218.7091 1.6209 1.7255 4.2166 -16.1569 1.5403 25.2594 -0.0810 0.5578
Car -1 -1 -1.7426 698.0439 172.4830 740.8737 204.9878 1.5902 1.5680 3.6187 5.5419 1.5724 37.1240 -1.5961 0.2992
