Pedestrian -1 -1 0.3014 345.2525 128.6325 444.6273 280.8853 1.8178 0.6030 1.0453 -2.6941 1.2901 8.9213 0.0155 0.2183
Pedestrian -1 -1 0.0911 50.4961 145.6557 74.5186 203.3553 1.8226 0.6366 0.5578 -17.6496 0.9638 23.2065 -0.5536 0.1528
Pedestrian -1 -1 -1.7864 944.7444 136.0946 964.7927 183.0337 1.9785 0.6522 0.6173 14.6647 0.4294 30.7847 -1.3455 0.1272
Pedestrian -1 -1 -0.4463 192.5046 157.3632 208.5659 194.0411 1.8596 0.7000 0.4596 -21.0187 1.0746 36.9693 -0.9603 0.1177
Car -1 -1 -0.3257 899.1683 167.4995 1218.6086 277.2771 1.6527 1.7576 4.2142 7.2179 1.5724 12.1386 0.1994 0.9910
Car -1 -1 0.7728 0.0000 181.1852 203.5501 259.7423 1.5845 1.6225 3.6012 -11.1909 1.7810 15.8827 0.1667 0.9771
Car -1 -1 1.6129 0.0000 182.6157 32.2765 208.7667 1.6034 1.5709 3.8958 -39.3702 2.2776 47.7797 0.9263 0.2240
Car -1 -1 1.5425 160.1160 179.1087 192.4941 207.1508 1.6681 1.6615 3.9046 -27.6763 2.0849 45.9447 1.0027 0.2074
Car -1 -1 1.7578 171.0421 177.4492 207.3676 200.6530 1.6156 1.6171 3.8553 -30.9729 1.9678 53.1497 1.2322 0.1589
Car -1 -1 -0.9602 165.5338 167.4095 223.1168 196.4827 2.3383 1.8210 4.6801 -34.7556 1.9008 60.4428 -1.4804 0.1372
