Pedestrian -1 -1 -0.2295 758.2186 132.9129 807.4102 226.2955 1.8557 0.6510 0.8420 3.4505 1.0623 14.6625 -0.0033 0.3508
Car -1 -1 -1.9526 747.3967 178.7808 974.2420 303.9308 1.4267 1.6139 4.0083 3.2894 1.5302 10.4850 -1.6576 0.9613
Car -1 -1 2.1351 37.1214 193.3779 342.1960 338.8366 1.5161 1.6529 4.2529 -5.6296 1.8720 10.3158 1.6458 0.9585
Car -1 -1 -1.7434 687.6361 172.3337 774.3416 233.8280 1.4722 1.5876 3.9247 3.0627 1.4601 19.2472 -1.5887 0.9546
Car -1 -1 1.8139 409.7920 178.0735 480.3614 225.8376 1.5202 1.5537 3.6954 -5.7234 1.7167 25.2342 1.5926 0.9448
Car -1 -1 0.9278 887.7913 182.7073 1242.0000 375.0000 1.4693 1.5508 3.5730 3.3320 1.5598 4.7634 1.5086 0.8915
Car -1 -1 1.7860 451.2743 177.5520 505.6121 214.0241 1.4229 1.5122 3.6355 -5.5293 1.6337 30.4665 1.6075 0.8383
Car -1 -1 -1.7554 675.0235 172.8447 737.6682 219.8314 1.4830 1.4850 3.4190 3.1574 1.4830 24.5202 -1.6295 0.5999
Car -1 -1 0.4130 154.6022 179.9185 277.2656 220.5847 1.4430 1.5499 3.6957 -14.6278 1.7153 26.8450 -0.0820 0.4557
Car -1 -1 -1.0664 247.8364 181.5085 318.3909 214.0508 1.4513 1.5653 3.6066 -15.8236 1.8941 35.0269 -1.4882 0.3163
