Pedestrian -1 -1 3.6958 103.6184 156.5060 150.0910 230.2915 1.8809 0.5682 0.8247 -12.5535 1.4645 18.6869 3.1106 0.3287
Pedestrian -1 -1 -1.9246 651.6688 171.3092 664.8391 199.0220 1.7646 0.6075 0.7913 3.0695 1.6666 46.4069 -1.8594 0.1814
Pedestrian -1 -1 1.1310 915.9263 159.5818 1019.0529 325.9994 1.6563 0.7065 0.7497 3.6627 1.5246 7.5551 1.5663 0.1768
Pedestrian -1 -1 -0.4754 1166.4310 98.6799 1242.0000 256.1679 1.8429 0.6392 0.7222 7.3415 0.9753 8.8264 0.2022 0.1535
Car -1 -1 1.9402 192.6311 191.0869 452.7258 341.0211 1.5278 1.7892 4.4441 -3.6971 1.8412 10.1412 1.5981 0.9752
Car -1 -1 1.8047 398.4679 173.9499 500.0614 253.7854 1.8024 1.6088 4.0544 -4.0039 1.8338 18.3876 1.5926 0.9650
Car -1 -1 1.6094 513.5237 175.2809 549.1169 208.3075 1.5079 1.5789 3.8908 -3.8311 1.6335 35.2303 1.5014 0.7540
Car -1 -1 -1.3767 491.9092 166.1241 523.6047 188.7390 1.6720 1.7068 3.7827 -7.8190 1.1748 55.2784 -1.5168 0.2498
Car -1 -1 1.8688 488.4449 177.5687 536.2820 206.3375 1.5457 1.6011 4.0970 -5.6042 1.8321 41.6211 1.7353 0.2080
Car -1 -1 1.7718 557.0204 166.3737 585.8668 187.6938 1.8001 1.7291 4.1371 -3.3545 1.2533 63.0909 1.7187 0.1687
Car -1 -1 1.6491 528.5798 171.5308 561.1951 200.7422 1.6063 1.5714 3.9649 -3.7496 1.5339 41.6656 1.5595 0.1520
Car -1 -1 -1.1849 376.3334 160.9571 428.3518 192.0233 1.6161 1.6179 3.2305 -11.2706 0.9975 39.2243 -1.4632 0.1517
