Pedestrian -1 -1 0.0450 673.7649 141.2122 699.7383 194.1411 1.8506 0.5364 0.8934 2.6781 0.7446 25.5556 0.1480 0.3955
Pedestrian -1 -1 1.4457 846.1882 107.7915 918.6855 277.2293 1.7775 0.6428 0.8197 2.9567 1.0953 8.0357 1.7860 0.3538
Cyclist -1 -1 1.8762 556.4727 174.1939 574.8730 204.1183 1.7661 0.5779 1.8685 -2.7041 1.8494 43.6465 1.8142 0.4744
Cyclist -1 -1 -1.8006 725.2446 153.4622 747.4525 197.3283 1.7183 0.4888 1.7597 5.0503 0.9591 29.1540 -1.6311 0.2606
Car -1 -1 -1.7394 666.8018 172.6914 743.2441 233.3072 1.5851 1.5846 3.4151 2.5787 1.5812 20.6078 -1.6174 0.9698
Car -1 -1 -1.1388 134.2416 177.6025 396.4126 330.6573 1.6917 1.7006 4.0111 -4.5283 1.7720 10.1204 -1.5506 0.9678
Car -1 -1 1.7631 424.1467 179.9015 494.9774 231.5433 1.5491 1.6020 3.8361 -4.9743 1.8036 24.0923 1.5611 0.9518
Car -1 -1 -2.0220 822.0165 176.9230 1242.0000 375.0000 1.4613 1.5172 3.3262 2.6312 1.4990 4.9545 -1.5591 0.9234
Car -1 -1 1.7086 488.4499 179.5042 529.3497 213.0751 1.7303 1.6863 4.2364 -5.6005 2.1202 40.1436 1.5704 0.6271
Car -1 -1 1.5663 535.3343 179.5081 555.3906 200.3758 1.6036 1.5703 3.6182 -5.2756 2.1609 58.5144 1.4763 0.3998
