Pedestrian -1 -1 -0.1305 592.5067 178.4057 612.6645 215.6795 1.7308 0.6694 0.8691 -0.3924 1.9958 34.0109 -0.1426 0.5828
Pedestrian -1 -1 -0.0683 713.2188 109.6206 783.9875 243.1474 1.8087 0.5885 0.9296 1.8729 0.9525 10.1142 0.1091 0.3682
Cyclist -1 -1 -0.0280 712.0080 108.6164 787.5626 245.4664 1.8533 0.5611 1.0131 1.8922 0.9837 10.1224 0.1510 0.1237
Cyclist -1 -1 -0.1575 591.5248 177.9850 613.6216 215.7443 1.7524 0.6769 0.9458 -0.3930 1.9975 34.0090 -0.1696 0.1057
Car -1 -1 1.8652 284.4062 204.5493 445.6801 316.5697 1.3927 1.4724 3.5758 -3.8536 1.9899 11.7855 1.5549 0.9611
Car -1 -1 1.7847 394.8551 184.9993 498.6508 261.6337 1.6378 1.6825 4.1266 -4.0042 1.9782 18.1360 1.5696 0.9425
Car -1 -1 2.2264 0.0000 223.1225 234.5498 375.0000 1.4467 1.6469 3.9415 -3.8670 1.8681 4.0118 1.4921 0.8563
Car -1 -1 -1.4462 609.0550 178.4506 652.8410 212.8283 1.4943 1.5813 4.1014 1.0120 1.7766 34.2061 -1.4175 0.8447
Car -1 -1 0.7092 1026.6360 0.0000 1242.0000 375.0000 1.6531 1.6241 3.9534 3.3878 1.2705 2.5894 1.5743 0.4596
Car -1 -1 1.8170 522.0844 176.9518 565.6317 205.4226 1.5567 1.6187 3.9481 -3.8405 1.8081 42.1215 1.7261 0.3850
Car -1 -1 -1.5801 654.7119 169.6702 685.6815 199.5144 1.6093 1.6668 3.9229 3.3536 1.4380 40.9202 -1.4993 0.3007
