Pedestrian -1 -1 1.1449 1022.7247 120.5610 1088.1819 228.2809 1.8559 0.7069 0.8323 7.8821 0.9553 12.8821 1.6838 0.5074
Car -1 -1 3.6891 0.0000 162.6516 225.0853 278.3966 1.4994 1.6300 3.9461 -7.9946 1.3676 10.3487 3.0436 0.9465
Car -1 -1 -0.6997 916.2217 194.7225 1242.0000 375.0000 1.4384 1.5613 3.8348 4.7132 1.6459 5.9477 -0.0544 0.9169
Car -1 -1 -1.7557 465.7577 172.4709 508.1787 204.5555 1.8176 1.7626 4.1326 -7.4337 1.7962 43.1152 -1.9258 0.8608
Car -1 -1 3.8518 0.0000 166.1382 118.1548 319.7291 1.4639 1.6150 3.9092 -7.9118 1.4003 7.8069 3.0768 0.8494
Car -1 -1 3.3928 165.5700 155.9732 341.9651 227.8109 1.7726 1.6886 3.8642 -9.2867 1.3564 19.0086 2.9436 0.8475
Car -1 -1 0.4697 13.6115 157.7381 294.4404 261.5732 1.7017 1.5832 3.9150 -7.9364 1.4544 12.7632 -0.0775 0.8293
Car -1 -1 0.7854 1120.6664 181.0636 1215.8639 210.4968 1.4221 1.6733 3.9267 29.2955 1.8790 38.0644 1.4372 0.7023
Car -1 -1 -0.9788 1123.2438 183.9617 1242.0000 375.0000 1.4547 1.5432 3.7035 4.8492 1.5247 3.5976 -0.0852 0.5719
Car -1 -1 -1.2074 0.0000 144.1382 81.3108 197.2363 1.9905 1.7946 3.9862 -23.2970 0.9144 29.2159 -1.8762 0.4481
