Car -1 -1 1.9853 134.0927 186.9184 334.4814 298.5882 1.6202 1.6392 4.1180 -6.5767 1.9165 13.0860 1.5272 0.9532
Car -1 -1 1.6957 476.5600 184.3141 535.2980 227.2117 1.4793 1.7360 4.4104 -4.0320 1.9641 28.2827 1.5548 0.9310
Car -1 -1 -1.6515 627.5570 177.6139 658.1404 201.8417 1.4404 1.6213 3.7469 2.0025 1.7537 45.5436 -1.6083 0.8744
Car -1 -1 -2.2070 1132.2250 151.1931 1242.0000 204.6080 1.4558 1.4763 4.0899 17.8392 0.8658 21.7382 -1.5265 0.8316
Car -1 -1 1.8486 365.1042 190.3182 444.6012 241.1646 1.4810 1.5624 3.8561 -6.8413 2.1157 24.2735 1.5762 0.7798
Car -1 -1 2.3099 0.0000 192.7810 166.8134 375.0000 1.5970 1.5995 3.9181 -6.2729 1.8403 6.8244 1.5859 0.7790
Car -1 -1 -0.0829 708.1367 169.2598 795.1920 200.0345 1.6007 1.7539 4.4370 7.4828 1.4141 38.6346 0.1066 0.6629
Car -1 -1 -0.1835 700.9354 164.6905 784.8452 194.5112 1.6964 1.6858 4.5570 7.6342 1.2323 41.8961 -0.0049 0.5737
Car -1 -1 1.6569 458.9226 185.9448 494.6671 218.0435 1.5576 1.5572 3.8006 -7.1103 2.2936 38.5788 1.4753 0.4764
Car -1 -1 1.5580 521.5622 183.8527 550.7993 213.5133 1.4889 1.5181 3.4782 -4.0888 2.1172 39.3784 1.4547 0.4177
