Pedestrian -1 -1 0.0362 724.7780 189.7636 744.4523 234.9980 1.6897 0.6583 0.7223 4.7346 2.3471 27.6401 0.2032 0.4193
Pedestrian -1 -1 0.3726 41.3572 168.9513 68.3021 208.3452 1.8064 0.5377 0.8529 -25.7789 1.6278 33.4592 -0.2802 0.2236
Pedestrian -1 -1 0.5370 757.6152 143.3533 789.3668 196.8947 1.8058 0.6268 0.8690 5.5871 0.8112 24.8587 0.7553 0.1782
Pedestrian -1 -1 0.4641 203.6772 171.8313 219.5299 200.5616 1.8294 0.5760 0.7064 -25.5630 1.7647 46.2432 -0.0387 0.1570
Cyclist -1 -1 1.7498 484.8211 177.5827 500.0904 206.8956 1.6373 0.5798 1.6589 -6.7713 1.9145 41.4040 1.5883 0.5169
Cyclist -1 -1 1.4103 585.5352 155.9356 611.2657 208.9915 1.7346 0.6118 1.6451 -0.4515 1.1818 24.4513 1.3915 0.1696
Car -1 -1 -1.0013 0.0000 190.6487 251.7623 341.6050 1.4230 1.5773 3.7810 -6.2965 1.6962 9.1539 -1.5906 0.9592
Car -1 -1 -1.4621 498.3283 181.4131 553.8359 227.1467 1.5051 1.6170 3.6572 -3.0281 1.8388 26.2630 -1.5764 0.9402
Car -1 -1 -1.4670 495.9587 175.2336 526.5177 200.7680 1.5930 1.6082 3.6952 -6.4569 1.7553 47.2332 -1.6025 0.4745
Car -1 -1 -1.5659 555.8433 179.0797 577.8162 200.8678 1.5583 1.5996 3.3030 -3.2667 2.0415 54.2640 -1.6262 0.2778
Car -1 -1 0.7651 1169.1938 157.4610 1242.0000 316.7267 1.4913 1.5874 4.0862 9.1768 1.3475 8.8093 1.5541 0.1641
