Pedestrian -1 -1 1.2419 711.4501 167.1942 733.2194 215.0516 1.8340 0.5884 0.8633 4.3309 1.6175 28.1255 1.3925 0.5916
Pedestrian -1 -1 2.4408 902.0657 121.0897 984.7418 276.7033 1.8340 0.5299 0.7615 4.0337 1.2243 8.8627 2.8550 0.3573
Pedestrian -1 -1 1.1340 178.1888 113.4115 270.1985 290.3086 1.8339 0.5966 0.8518 -4.3207 1.2180 7.9727 0.6508 0.1776
Pedestrian -1 -1 1.8587 781.5822 149.7262 825.5128 238.1447 1.8308 0.7897 0.5247 4.0727 1.3523 15.3660 2.1123 0.1613
Pedestrian -1 -1 -1.6910 942.2522 108.6906 997.7897 243.8497 1.7899 0.5681 0.9660 4.9666 0.9406 10.1010 -1.2456 0.1377
Cyclist -1 -1 -2.7381 538.7064 187.2338 575.8450 223.8351 1.7742 0.7145 1.7085 -2.6722 2.5058 36.0708 -2.8123 0.1982
Cyclist -1 -1 -2.1278 938.3961 169.3197 998.1286 244.9706 1.6114 0.3965 1.6069 7.9564 1.5365 16.1868 -1.6788 0.1934
Cyclist -1 -1 1.2419 711.4501 167.1942 733.2194 215.0516 1.8340 0.5884 0.8633 4.3309 1.6175 28.1255 1.3925 0.1062
Car -1 -1 -1.8070 718.6392 187.4909 885.1639 301.1670 1.4499 1.5917 4.1954 2.8568 1.7332 11.8443 -1.5772 0.9317
Car -1 -1 1.4458 676.3547 173.6841 708.8552 203.7595 1.8652 1.5951 4.0297 5.2914 1.9218 46.8829 1.5570 0.6987
Car -1 -1 1.9188 580.3157 162.8943 620.2661 186.6385 1.6807 1.6761 4.0300 -0.6988 0.9761 53.2499 1.9054 0.3275
