Pedestrian -1 -1 -1.0959 473.1564 177.3236 492.1629 213.8397 1.7621 0.6634 0.7168 -6.2765 1.9842 35.3628 -1.2708 0.2605
Pedestrian -1 -1 -0.7440 238.5384 169.3686 262.5223 201.2453 1.8052 0.7434 0.9923 -20.6826 1.6081 41.4537 -1.2044 0.1490
Pedestrian -1 -1 -1.4342 603.5977 166.7774 633.1466 243.0769 1.7754 0.6265 0.6122 0.1547 1.6344 17.1347 -1.4263 0.1456
Cyclist -1 -1 0.0016 216.6033 184.3168 248.6154 215.4300 1.8267 0.5901 1.7002 -22.7740 2.5284 43.4940 -0.4785 0.2725
Cyclist -1 -1 0.0046 442.5117 197.7760 470.3405 228.0769 1.8007 0.7031 1.6559 -9.4431 3.3466 44.2315 -0.2052 0.1421
Car -1 -1 1.7702 7.0662 197.8576 219.0710 347.0085 1.4916 1.5828 3.9355 -6.6622 1.9136 10.0451 1.1963 0.9458
Car -1 -1 1.6835 195.5101 198.4832 288.7582 276.4096 1.4481 1.4900 3.5935 -8.4026 2.1082 16.6270 1.2215 0.9435
Car -1 -1 1.6556 283.6455 195.8199 326.3322 232.0809 1.5316 1.5910 3.7765 -14.8173 2.7143 35.1012 1.2584 0.7951
Car -1 -1 -1.3906 1191.8392 136.9711 1242.0000 186.0408 1.6686 1.6605 3.7522 22.7575 0.4488 26.3611 -0.6838 0.4249
Car -1 -1 -2.2765 1102.7059 155.1612 1214.3032 196.7873 1.6213 1.6935 3.6820 22.6229 0.9326 29.9929 -1.6351 0.1810
Car -1 -1 1.3697 437.9974 180.2458 471.5446 204.5998 1.6649 1.6713 3.7623 -11.3837 2.2256 52.6327 1.1573 0.1800
