Pedestrian -1 -1 -1.4895 254.4314 166.7787 315.5842 310.0258 1.6828 0.6227 0.9883 -3.9901 1.5112 9.0044 -1.9019 0.8095
Pedestrian -1 -1 -2.0772 602.9744 166.1983 680.4579 298.9635 1.6444 0.6429 0.9250 0.4696 1.4563 9.4522 -2.0347 0.7542
Pedestrian -1 -1 1.1198 658.8721 155.0114 738.4884 291.4073 1.7287 0.6869 0.9992 1.2459 1.3943 9.6858 1.2386 0.7467
Pedestrian -1 -1 3.0686 437.5978 172.1923 464.5962 225.0920 1.7335 0.6602 0.8329 -5.0457 1.4295 23.9697 2.8581 0.7227
Pedestrian -1 -1 -0.2590 700.1663 158.7857 739.2917 219.7325 1.7787 0.5685 1.0305 3.4729 1.1170 21.2986 -0.1045 0.6517
Pedestrian -1 -1 -1.9444 652.9984 164.4783 679.9543 220.7818 1.6151 0.5243 0.8053 1.8726 1.1280 21.0643 -1.8620 0.5984
Pedestrian -1 -1 1.3246 756.8135 140.1418 793.5723 219.5905 1.7345 0.6432 0.6848 3.8327 0.8328 16.0283 1.5506 0.5944
Pedestrian -1 -1 -1.9106 722.6950 162.1021 751.0863 230.0344 1.7641 0.5087 0.7648 3.5579 1.2615 19.0701 -1.7338 0.5816
Pedestrian -1 -1 -2.5101 767.2496 134.8852 812.2324 212.3265 1.8834 0.6053 0.9080 4.6835 0.7509 18.0101 -2.2642 0.5320
Pedestrian -1 -1 1.9195 117.1175 154.9907 150.9597 210.9548 1.9162 0.7317 0.8945 -16.3519 1.0096 25.1115 1.3421 0.4582
Pedestrian -1 -1 1.1452 22.0410 152.7347 78.7619 241.4737 1.7661 0.6893 0.7233 -11.3641 1.1949 14.7688 0.4927 0.4136
Pedestrian -1 -1 2.7496 46.0128 167.4005 102.7817 273.0078 1.6405 0.5563 0.5674 -8.5104 1.4228 11.5434 2.1197 0.3568
Pedestrian -1 -1 -1.6343 388.6949 176.1110 402.4240 210.6507 1.6833 0.6037 0.7222 -10.1707 1.4216 35.4483 -1.9169 0.3293
Pedestrian -1 -1 -1.9935 21.2516 192.9727 104.6594 324.8619 1.5935 0.6560 0.6285 -6.9314 1.7487 9.1923 -2.6319 0.3100
Cyclist -1 -1 1.8130 342.2908 160.7016 420.2736 312.2518 1.6744 0.5361 1.6175 -2.6866 1.4459 8.7556 1.5177 0.9270
Cyclist -1 -1 1.6005 462.9461 162.2201 488.2692 232.9202 1.6956 0.5865 1.8280 -3.2003 1.2344 18.1727 1.4234 0.8279
Cyclist -1 -1 1.7510 467.2373 166.3842 513.0781 258.6367 1.7247 0.6208 1.6554 -2.2225 1.4434 14.2615 1.5937 0.7927
Cyclist -1 -1 1.4328 652.4104 172.7560 688.7468 252.2903 1.6841 0.5640 1.6810 1.4890 1.5002 16.0616 1.5183 0.4359
Cyclist -1 -1 -2.4596 65.3875 172.3514 177.2701 253.7010 1.6385 0.7474 1.8859 -9.9946 1.4555 14.9273 -3.0468 0.4164
Cyclist -1 -1 -0.2838 698.7540 158.3462 739.0693 220.3885 1.8107 0.5451 1.0676 3.4497 1.1361 21.3018 -0.1304 0.2925
Cyclist -1 -1 3.0816 439.7108 170.4216 466.8727 224.2173 1.7677 0.6295 0.8503 -4.9821 1.4048 24.0175 2.8740 0.1138
Car -1 -1 1.6327 493.9085 170.3837 525.8255 197.8311 1.5784 1.6758 4.2483 -5.4911 0.9399 43.4816 1.5029 0.5707
