Pedestrian -1 -1 2.7167 667.5223 153.4670 688.1696 193.3444 1.9560 0.6389 0.8305 3.3287 1.0054 35.8268 2.8082 0.5914
Car -1 -1 -3.5411 859.9088 154.4335 1041.3068 212.3427 1.4835 1.5689 4.1086 8.9695 1.0119 19.3246 -3.1126 0.9571
Car -1 -1 2.0004 149.6999 196.9596 354.7326 309.4795 1.4978 1.5865 4.0083 -5.9534 1.9822 12.4741 1.5627 0.9570
Car -1 -1 1.8388 374.1407 188.8699 461.2117 242.9791 1.4905 1.6390 4.1976 -6.1125 2.0534 23.2309 1.5837 0.9330
Car -1 -1 1.8778 294.9691 194.2700 414.8401 269.9002 1.4855 1.5584 3.9442 -5.9961 2.0580 17.2852 1.5479 0.9078
Car -1 -1 1.8036 441.1539 186.0374 499.9635 225.7070 1.5019 1.5699 4.0068 -5.8954 2.1006 30.7051 1.6149 0.9018
Car -1 -1 -1.7066 671.0219 175.1827 734.5809 222.1877 1.5025 1.6419 4.1081 3.1241 1.5913 25.3318 -1.5860 0.8920
Car -1 -1 2.2299 0.0000 208.6951 204.2088 375.0000 1.4518 1.5484 3.7178 -5.8552 1.8981 7.1068 1.5588 0.8895
Car -1 -1 -0.4697 810.6940 162.6053 944.9805 211.0868 1.5591 1.6175 3.9254 8.9025 1.2299 24.2427 -0.1221 0.7482
Car -1 -1 2.6956 851.1865 151.7736 996.1597 204.4454 1.5272 1.5287 3.7168 9.3484 0.9163 21.7654 3.0962 0.7258
Car -1 -1 -1.6679 659.5035 177.1148 707.7883 215.1342 1.4893 1.6394 4.0580 3.0295 1.6833 30.7463 -1.5712 0.7013
Car -1 -1 1.7457 470.9244 186.3398 513.5598 218.0109 1.4645 1.5265 3.6857 -5.9887 2.1873 36.7947 1.5850 0.5937
