Pedestrian -1 -1 0.0286 289.0476 182.7157 306.8832 219.5677 1.7509 0.6956 0.7739 -15.1676 2.2360 34.9945 -0.3780 0.4065
Pedestrian -1 -1 -1.2843 994.7725 146.4896 1011.4509 183.0502 1.9667 0.6496 0.6208 21.3551 0.5488 39.2595 -0.7893 0.2242
Pedestrian -1 -1 -1.6465 1199.6187 161.2700 1242.0000 259.6851 1.7425 0.6384 0.6199 11.1843 1.5377 13.2095 -0.9554 0.2073
Pedestrian -1 -1 1.1638 1000.6267 131.4920 1034.6115 190.5036 1.8167 0.5823 0.9906 12.7856 0.5437 22.7325 1.6707 0.1625
Cyclist -1 -1 3.1199 309.8047 180.1002 345.6843 214.5290 1.8046 0.5998 1.7800 -15.1729 2.1998 38.6960 2.7482 0.8270
Cyclist -1 -1 0.1634 285.6684 181.5279 317.4954 219.4021 1.8041 0.6715 1.3309 -15.0200 2.2319 35.0714 -0.2388 0.1721
Car -1 -1 -1.6000 587.3893 172.2551 619.6844 203.7209 1.6702 1.6702 4.6493 -0.4504 1.6388 40.6530 -1.6115 0.9022
Car -1 -1 -2.5894 1020.3829 156.3972 1100.8212 185.6580 1.8073 1.8078 4.0782 29.1119 0.7912 46.7899 -2.0358 0.5207
Car -1 -1 -1.7487 191.4727 179.5857 228.0978 204.9818 1.8090 1.7178 4.1858 -30.3994 2.3400 54.7065 -2.2540 0.3343
Car -1 -1 1.9729 112.5669 186.1623 161.5290 210.4044 1.6600 1.6508 3.8966 -35.1783 2.6894 53.7309 1.3953 0.2824
Car -1 -1 1.0307 1208.8109 149.2568 1242.0000 190.8464 1.7933 1.7062 3.5527 29.4534 0.7762 33.0119 1.7547 0.2351
