Pedestrian -1 -1 1.9490 432.4017 157.4172 475.2988 242.4358 1.7786 0.6500 0.8261 -3.2093 1.2760 15.4877 1.7426 0.7759
Pedestrian -1 -1 -1.5951 682.3260 154.6444 715.9140 234.0013 1.7353 0.7199 0.7722 2.1471 1.1493 16.1254 -1.4701 0.6430
Pedestrian -1 -1 0.9458 153.4440 156.8460 257.5337 318.8420 1.7565 0.5845 0.9852 -4.5994 1.4905 8.2620 0.4453 0.5575
Pedestrian -1 -1 1.6717 530.2689 163.6002 545.9635 204.9096 1.7967 0.6181 0.7727 -2.7978 1.0191 31.6299 1.5792 0.4776
Pedestrian -1 -1 1.8685 734.3376 157.7460 752.5657 202.0051 1.7958 0.5876 0.6037 5.8270 0.8330 29.5471 2.0566 0.4148
Pedestrian -1 -1 -3.1321 719.3802 155.7914 742.8067 201.9214 1.7899 0.6056 0.8969 5.0795 0.7934 28.2482 -2.9608 0.4022
Pedestrian -1 -1 -2.3042 0.0000 108.9694 116.8065 342.0728 1.8212 0.6675 0.7919 -4.7305 1.2560 6.0109 -2.9558 0.3654
Pedestrian -1 -1 -1.8565 704.9163 166.0335 723.3591 205.2023 1.7516 0.6513 0.6941 5.0845 1.0609 32.5083 -1.7076 0.3075
Pedestrian -1 -1 -1.4524 229.5571 179.6362 244.3848 211.7305 1.6978 0.6322 0.6976 -19.5017 1.6001 38.4354 -1.9243 0.2842
Pedestrian -1 -1 1.8914 372.4651 163.2666 396.2255 217.4270 1.7224 0.4974 0.8500 -7.0529 1.1436 23.2723 1.5951 0.2680
Pedestrian -1 -1 1.9596 752.5803 142.9085 777.9572 193.2353 1.9467 0.6610 0.9791 6.4573 0.4550 28.3742 2.1765 0.2582
Pedestrian -1 -1 0.9845 579.2790 163.6826 606.6397 199.8255 1.7814 0.5323 1.6803 -0.4450 0.9041 36.2453 0.9673 0.1084
Cyclist -1 -1 1.8055 592.2252 162.4053 616.7912 209.7698 1.8124 0.5872 1.7682 0.1167 1.0827 28.4120 1.8045 0.6009
Cyclist -1 -1 0.9841 577.3548 163.8080 604.6999 199.3306 1.7549 0.5266 1.6922 -0.5436 0.8817 36.3294 0.9643 0.4540
Cyclist -1 -1 0.9790 554.3065 158.8872 583.9249 197.5051 1.8454 0.5683 1.7400 -1.6028 0.7657 35.1904 0.9289 0.3819
Cyclist -1 -1 -0.8145 702.2379 169.0166 760.0333 226.4218 1.6707 0.5761 1.9071 3.9052 1.3085 21.7060 -0.6438 0.2924
Cyclist -1 -1 -0.4402 659.5215 153.2192 715.3448 235.9491 1.7972 0.5307 1.1177 1.8809 1.1841 16.0350 -0.3306 0.2406
Cyclist -1 -1 -3.2844 716.6783 155.4569 744.8914 202.2734 1.8215 0.5999 1.0132 5.0645 0.8093 28.2604 -3.1137 0.1074
Car -1 -1 1.5546 575.3079 168.0555 597.9645 191.3049 1.7051 1.6352 3.9737 -1.1378 0.7197 54.6985 1.5290 0.2656
Car -1 -1 -2.7141 312.5204 169.6438 371.4585 190.3301 1.5877 1.6162 4.0219 -20.2115 0.6783 56.0920 -3.0633 0.2314
