Pedestrian -1 -1 0.9004 1005.1632 83.7232 1224.0000 370.0000 1.7890 0.6466 0.8995 2.4231 1.4007 3.3189 1.4895 0.3677
Pedestrian -1 -1 -2.3633 166.1677 156.8573 189.0499 194.5689 1.8759 0.6782 0.7164 -21.5205 0.7013 35.5802 -2.9014 0.2132
Pedestrian -1 -1 2.7547 742.3281 162.8919 787.3843 239.6116 1.7653 0.5754 0.8799 3.7136 1.3618 16.6218 2.9722 0.2001
Cyclist -1 -1 -1.6624 1087.9788 142.8904 1124.8274 231.0649 1.7709 0.4580 1.8026 10.6423 1.0172 15.0927 -1.0564 0.6424
Cyclist -1 -1 -2.0267 836.1736 157.7307 864.5771 198.6188 1.6876 0.4469 1.6658 10.3863 0.7493 30.0311 -1.6952 0.5827
Cyclist -1 -1 1.2324 711.1514 170.3537 738.9828 218.0323 1.6694 0.4837 1.6030 4.3032 1.3157 25.5825 1.3987 0.4087
Car -1 -1 2.3528 0.0000 144.3641 90.3589 222.3273 1.7612 1.7095 4.1366 -15.6770 0.9465 18.0969 1.6497 0.5718
Car -1 -1 1.5249 555.9777 166.2571 575.6316 183.5690 1.5018 1.5917 3.6579 -3.5080 0.2674 63.2305 1.4716 0.4556
Car -1 -1 -1.0627 0.0000 181.8457 75.1956 226.8547 1.4531 1.5351 3.4992 -20.4478 1.5053 24.7875 -1.7444 0.2738
Car -1 -1 -1.9781 820.3414 159.9656 855.5373 179.3050 1.6239 1.5983 3.6212 20.2304 -0.1059 61.4731 -1.6600 0.2451
Car -1 -1 -2.1459 828.6024 158.0873 898.6082 191.9255 1.6889 1.6282 3.8519 13.5647 0.5717 37.3438 -1.7984 0.2145
