Pedestrian -1 -1 1.0488 838.3290 156.1301 887.1447 238.0303 1.7882 0.6538 0.9376 5.6383 1.4234 16.2749 1.3761 0.7904
Pedestrian -1 -1 1.3676 966.7164 105.3935 1038.7917 257.4147 1.7548 0.6091 0.7989 4.7100 0.9764 8.7930 1.8454 0.2028
Pedestrian -1 -1 -3.0657 751.5319 159.4229 768.2742 190.6547 1.8577 0.4923 0.9499 8.9605 1.0592 43.2823 -2.8632 0.1945
Pedestrian -1 -1 -2.0941 1216.9290 185.6194 1241.3601 216.6834 1.7749 0.6988 0.9533 36.1645 2.5312 42.1928 -1.3894 0.1319
Pedestrian -1 -1 -1.6530 678.8059 170.0262 690.5359 198.6884 1.7638 0.6019 1.5457 4.6369 1.5901 45.1760 -1.5518 0.1300
Pedestrian -1 -1 1.0267 734.9131 169.1981 747.3281 192.7542 1.8014 0.5187 0.9623 10.0970 1.5222 55.7186 1.2047 0.1168
Pedestrian -1 -1 -3.3666 783.1772 161.4648 813.1518 202.1609 1.7583 0.6335 1.1524 8.1689 1.2666 31.5038 -3.1155 0.1161
Cyclist -1 -1 -1.8486 694.2430 164.2487 719.6740 208.3613 1.7961 0.5552 1.8940 4.0221 1.4461 30.3533 -1.7186 0.8425
Cyclist -1 -1 -1.6530 678.8059 170.0262 690.5359 198.6884 1.7638 0.6019 1.5457 4.6369 1.5901 45.1760 -1.5518 0.2333
Cyclist -1 -1 -3.5165 1006.2839 192.3262 1036.2938 220.4153 1.7746 0.6601 1.5499 26.5342 3.0448 46.6179 -3.0025 0.1499
Cyclist -1 -1 1.0488 838.3290 156.1301 887.1447 238.0303 1.7882 0.6538 0.9376 5.6383 1.4234 16.2749 1.3761 0.1145
Car -1 -1 0.7737 70.0176 163.1278 148.7356 189.6246 1.6885 1.7337 4.2261 -32.7455 1.0690 47.1870 0.1695 0.2477
Car -1 -1 -0.3782 1217.1550 184.6556 1242.0000 212.8089 1.5290 1.7255 3.9843 38.0958 2.2400 41.9447 0.3552 0.1685
Car -1 -1 -1.9849 991.8695 196.1288 1043.8859 221.0015 1.4684 1.7577 3.4085 26.8751 3.0652 47.7072 -1.4752 0.1160
