Pedestrian -1 -1 1.2014 701.0093 137.9611 725.1199 189.0379 1.8231 0.6151 0.8068 3.6956 0.5780 26.2142 1.3397 0.3043
Pedestrian -1 -1 1.5597 818.6595 162.1264 837.9686 218.0250 1.7381 0.5722 0.8184 6.8787 1.4049 22.9041 1.8474 0.2065
Car -1 -1 1.8199 412.7590 178.3170 523.3509 255.7681 1.5701 1.6348 3.7491 -3.2190 1.7124 16.8171 1.6328 0.9612
Car -1 -1 -1.8092 720.7399 179.4417 832.9114 255.3323 1.4891 1.5839 3.7671 3.5956 1.6565 16.3900 -1.5979 0.9390
Car -1 -1 1.9456 56.3048 170.4781 415.7042 375.0000 1.7460 1.6832 4.3760 -3.4667 1.7285 7.6452 1.5319 0.9349
Car -1 -1 -1.7937 685.1748 167.5961 768.9175 233.2895 1.8568 1.6723 4.1159 3.4893 1.7086 22.5041 -1.6426 0.9275
Car -1 -1 1.7004 466.8892 174.0792 535.0728 231.2379 1.5633 1.5715 3.4780 -3.2216 1.6032 21.5585 1.5532 0.7219
Car -1 -1 2.3791 0.0000 200.8760 195.6619 375.0000 1.4670 1.5963 3.6814 -3.6967 1.6615 3.1445 1.5547 0.6993
Car -1 -1 1.6717 493.1677 180.6244 539.2440 219.1574 1.4168 1.4901 3.5120 -3.7579 1.7488 29.0184 1.5435 0.2189
Car -1 -1 1.4715 527.0422 174.6631 556.5453 200.5042 1.6615 1.5896 4.0185 -4.6816 1.7896 48.8123 1.3760 0.2156
