Pedestrian -1 -1 -3.2686 1070.2172 140.8771 1210.8334 328.6900 1.7365 0.6874 1.0280 5.2899 1.3623 7.1828 -2.6565 0.8374
Pedestrian -1 -1 -1.9803 703.4127 169.3439 793.2996 322.2663 1.5941 0.6716 0.8845 1.5649 1.4688 7.9923 -1.7990 0.8221
Pedestrian -1 -1 1.3936 232.1274 166.0954 290.9691 279.1584 1.7278 0.7070 0.8987 -5.5137 1.4937 11.5457 0.9512 0.8115
Pedestrian -1 -1 -2.1824 614.4082 166.1688 657.1563 240.0409 1.7043 0.6360 0.8581 0.7774 1.3518 17.1031 -2.1431 0.7645
Pedestrian -1 -1 0.9180 782.6885 157.8311 893.0723 316.5424 1.7204 0.7543 1.0168 2.6892 1.4652 8.3922 1.2134 0.6810
Pedestrian -1 -1 -1.3366 389.6369 163.6483 412.9655 212.7849 1.7733 0.6749 0.7287 -7.3434 1.1301 26.2998 -1.6114 0.5312
Pedestrian -1 -1 1.0836 761.7731 146.2519 828.8271 268.9637 1.8416 0.6341 0.9617 2.9943 1.3139 11.3203 1.3310 0.5064
Pedestrian -1 -1 -0.1521 584.7408 166.6937 604.5257 202.3241 1.7738 0.6183 0.9091 -0.3525 1.0376 36.1391 -0.1668 0.3633
Pedestrian -1 -1 2.0179 326.8098 168.5743 412.5396 281.2444 1.7648 0.6890 1.7627 -3.9197 1.5636 12.1689 1.7069 0.2238
Pedestrian -1 -1 -1.7446 667.6366 170.7514 694.0264 224.3578 1.6100 0.5115 1.7364 2.4396 1.2883 22.4557 -1.6429 0.1766
Cyclist -1 -1 1.9000 329.2649 169.1572 402.2683 284.3405 1.7640 0.5828 1.8622 -3.9111 1.5763 11.9332 1.5840 0.6211
Cyclist -1 -1 -1.7227 668.2661 167.5476 693.2283 222.6405 1.6508 0.4817 1.8670 2.4377 1.2339 22.4660 -1.6211 0.3750
Cyclist -1 -1 1.0655 760.1436 147.0052 828.1870 268.4417 1.8265 0.6524 0.9459 2.9829 1.3090 11.3423 1.3116 0.1260
Cyclist -1 -1 1.0334 223.5346 164.3820 298.4433 281.8068 1.7969 0.6808 0.9837 -5.5159 1.5362 11.5461 0.5909 0.1230
Car -1 -1 1.7689 395.5068 154.2776 487.4867 228.5114 2.0755 1.9090 4.7415 -4.8775 1.3155 22.4691 1.5523 0.9293
Car -1 -1 1.5733 527.2973 167.5459 565.4374 204.3385 1.5700 1.6263 3.8236 -2.5189 0.9755 32.6198 1.4918 0.8787
Car -1 -1 1.6834 450.3719 158.7182 504.7459 205.7012 1.7543 1.6867 4.5272 -4.9536 0.9047 29.1285 1.5114 0.7054
Car -1 -1 1.0065 25.8728 170.4040 182.4021 233.9907 1.4868 1.5794 3.6132 -12.6509 1.2286 18.2266 0.4014 0.4602
