Car -1 -1 -1.9142 804.2399 183.9326 1051.6104 328.7544 1.4417 1.5954 3.9202 3.7771 1.6178 9.4620 -1.5462 0.9778
Car -1 -1 -1.8098 741.4276 182.9531 868.5362 267.7705 1.4781 1.6072 3.8781 3.8262 1.7153 14.9774 -1.5654 0.9700
Car -1 -1 1.9092 290.4111 189.3061 443.3101 283.5637 1.5140 1.6113 3.9199 -4.6521 1.8848 14.2602 1.5985 0.9614
Car -1 -1 1.7531 451.4107 183.9294 517.7966 231.3730 1.4584 1.5512 4.1574 -4.3363 1.8782 25.2404 1.5841 0.9569
Car -1 -1 1.8358 395.1708 184.1024 492.2225 247.3254 1.5026 1.5999 3.9918 -4.5028 1.8449 19.8978 1.6154 0.9196
Car -1 -1 1.6966 527.1473 178.6447 561.6390 206.9946 1.5229 1.5480 3.3997 -3.7402 1.8677 41.1891 1.6062 0.8848
Car -1 -1 -1.8016 706.1183 180.3138 799.2348 241.6400 1.4868 1.5960 4.1336 3.7977 1.7168 20.1045 -1.6184 0.8535
Car -1 -1 -2.3144 960.3090 195.6795 1242.0000 375.0000 1.5084 1.5847 3.6981 3.7702 1.7028 4.2444 -1.6231 0.7763
Car -1 -1 -1.7100 695.1489 178.3351 758.3402 226.2049 1.5131 1.6446 3.6968 3.9339 1.7182 25.0889 -1.5570 0.5979
Car -1 -1 -1.6859 691.1176 176.6033 736.2402 214.7538 1.5135 1.4976 3.4338 4.3158 1.6823 30.6953 -1.5481 0.5035
