Car -1 -1 -0.2026 739.2886 173.4416 861.8557 219.1884 1.4976 1.6446 3.7712 6.3633 1.5187 24.5524 0.0475 0.9557
Car -1 -1 -1.7041 682.9440 181.0332 758.1998 239.1458 1.3948 1.5366 3.4393 2.8550 1.6361 19.5277 -1.5619 0.9538
Car -1 -1 0.3927 270.3775 175.8768 469.3747 251.2010 1.6773 1.6384 4.1731 -5.6578 1.7535 17.1212 0.0775 0.9484
Car -1 -1 3.7062 0.0000 144.2632 270.5955 292.1191 1.7615 1.6063 3.7947 -6.7906 1.4212 9.4792 3.0976 0.9372
Car -1 -1 -2.0158 806.6536 178.2099 1242.0000 375.0000 1.4786 1.5565 3.4784 2.7478 1.5337 5.6208 -1.5827 0.9352
Car -1 -1 0.4113 197.2780 184.0549 423.1742 267.1266 1.5930 1.5993 4.0108 -6.1325 1.8382 14.9165 0.0268 0.9275
Car -1 -1 -2.4499 0.0000 175.1468 267.8057 369.6917 1.7066 1.7713 4.5309 -6.1753 1.7328 7.2415 -3.1381 0.8291
Car -1 -1 0.3747 345.1292 177.2141 489.2249 231.8035 1.5695 1.5615 3.9286 -5.8466 1.7083 21.9057 0.1163 0.8212
Car -1 -1 -2.6130 45.9072 187.1593 330.0664 285.5389 1.5030 1.6101 3.8337 -6.9757 1.7598 12.0959 -3.1270 0.7785
Car -1 -1 -1.8152 628.1414 176.0273 663.2479 200.3801 1.7062 1.6786 3.9105 2.5607 1.9496 53.1742 -1.7678 0.6233
Car -1 -1 3.3470 346.4751 176.5960 467.7291 220.4850 1.4239 1.5038 3.7223 -6.8415 1.5555 24.4274 3.0763 0.5763
