Pedestrian -1 -1 1.3296 734.5367 156.7296 750.6462 193.6029 1.9095 0.6585 0.7871 6.9014 1.0749 37.7762 1.5086 0.3463
Cyclist -1 -1 -1.7795 934.1583 145.7574 993.4423 259.0939 1.7628 0.5202 1.7353 5.8566 1.3417 12.1239 -1.3395 0.4459
Car -1 -1 -1.9063 749.6774 187.9122 994.5276 342.7590 1.4138 1.5400 3.7094 2.8446 1.6378 8.8312 -1.6057 0.9714
Car -1 -1 1.7432 381.3112 182.9799 494.4118 263.6667 1.4080 1.5820 4.3208 -3.5380 1.6544 15.3376 1.5195 0.9443
Car -1 -1 1.7360 465.7292 174.0670 534.6044 230.4019 1.6693 1.6073 3.7009 -3.5084 1.7120 23.3219 1.5877 0.9053
Car -1 -1 1.3923 655.2320 181.6783 727.0457 230.3562 1.4210 1.6249 4.1627 2.5504 1.7407 23.9711 1.4962 0.8968
Car -1 -1 1.6436 513.5936 172.7944 555.0986 211.2250 1.6297 1.5805 3.9572 -3.4004 1.6275 32.5966 1.5400 0.7574
Car -1 -1 -0.9401 0.0000 172.9557 194.0683 375.0000 1.4800 1.5980 3.6736 -3.0603 1.4810 2.5217 -1.7705 0.6712
Car -1 -1 1.5689 536.8885 174.3876 564.7171 202.7642 1.6517 1.6254 3.8992 -3.6664 1.7503 44.2237 1.4863 0.6081
Car -1 -1 -1.7384 644.3463 180.3154 694.1452 216.1168 1.4888 1.6295 3.7787 2.5889 1.8483 32.7725 -1.6609 0.5409
