Pedestrian -1 -1 -2.3326 196.2058 169.0039 257.3285 257.3961 1.7262 0.6528 0.8937 -7.6633 1.5033 14.2554 -2.8148 0.5745
Pedestrian -1 -1 0.8639 527.2253 101.8030 608.2488 258.5282 1.8923 0.6281 0.8610 -0.5319 0.9438 9.0603 0.8098 0.4517
Pedestrian -1 -1 1.9752 388.8355 172.2341 441.1236 266.5393 1.7854 0.6753 0.9398 -3.7628 1.6306 13.8955 1.7180 0.2763
Pedestrian -1 -1 2.0688 298.7921 163.7348 351.6206 261.5120 1.7536 0.6436 0.7146 -5.2065 1.4546 13.0717 1.6999 0.2725
Pedestrian -1 -1 0.4264 176.7133 178.2528 200.2040 209.3236 1.7032 0.7275 0.9003 -23.0765 1.5814 39.1610 -0.1009 0.2684
Pedestrian -1 -1 -1.2249 185.3972 175.6671 202.1202 204.0190 1.7243 0.6155 0.9095 -25.3004 1.4317 43.4975 -1.7469 0.2469
Pedestrian -1 -1 1.8823 64.9775 155.4043 90.2501 199.8131 1.9586 0.6164 1.0433 -23.7105 0.8533 31.7714 1.2479 0.1814
Cyclist -1 -1 -0.7997 719.5024 176.9239 836.7491 301.7433 1.6152 0.5938 1.6760 2.3810 1.5706 9.8458 -0.5681 0.5901
Cyclist -1 -1 0.7673 0.0000 167.1251 58.6136 217.0046 1.7275 0.7391 1.6699 -20.3848 1.2658 24.9259 0.0899 0.3278
Car -1 -1 -0.1324 589.2354 136.4067 699.4009 177.7924 1.7549 1.7285 4.6577 1.6597 -0.1219 31.1550 -0.0775 0.4118
