Car -1 -1 -1.9800 821.6838 184.6700 1124.8201 359.6618 1.5052 1.5867 3.8288 3.7624 1.6742 8.3778 -1.5722 0.9827
Car -1 -1 -1.8084 750.1160 181.2188 889.7516 275.6729 1.5164 1.6376 3.8688 3.7988 1.7003 13.8795 -1.5477 0.9725
Car -1 -1 1.9190 259.8776 186.3395 432.1797 287.9071 1.5031 1.6291 4.0664 -4.6640 1.7896 13.2638 1.5864 0.9547
Car -1 -1 1.8491 384.6828 183.7502 487.1076 251.6143 1.5391 1.6062 3.8198 -4.4846 1.8548 18.9324 1.6189 0.9142
Car -1 -1 1.8063 436.5666 182.0400 514.8679 232.9848 1.5003 1.6296 4.2086 -4.4316 1.8357 24.1663 1.6262 0.8987
Car -1 -1 -1.7694 711.2213 180.0045 804.3944 243.0194 1.4493 1.5927 4.0913 3.7357 1.6594 19.1109 -1.5801 0.8891
Car -1 -1 1.7319 523.7407 178.5027 560.8735 208.2336 1.5556 1.5408 3.3447 -3.7585 1.8836 40.1252 1.6386 0.8885
Car -1 -1 -1.7370 696.0090 177.9588 763.1996 228.0027 1.5159 1.5933 3.7098 3.8637 1.7000 24.0967 -1.5806 0.6756
Car -1 -1 -2.3918 1031.3473 185.6445 1242.0000 375.0000 1.5534 1.5763 3.8121 3.7377 1.6448 3.2224 -1.5776 0.6747
Car -1 -1 -1.6650 692.4005 177.0377 737.3736 216.0805 1.4918 1.5039 3.3145 4.2115 1.6737 29.6183 -1.5257 0.6139
