Pedestrian -1 -1 0.2469 1048.1946 183.8846 1082.3269 238.4550 1.7131 0.7047 0.7915 14.7145 2.0792 23.3918 0.8020 0.4363
Pedestrian -1 -1 1.9775 237.2581 159.2128 270.9274 217.0667 1.8934 0.7234 0.8635 -11.9039 1.4473 24.0599 1.5222 0.4237
Pedestrian -1 -1 -0.9217 101.4718 115.7530 163.8484 208.1907 1.8219 0.6204 0.9335 -9.7626 0.6968 14.7064 -1.4995 0.3865
Car -1 -1 -1.9394 743.3775 187.1222 1001.7229 337.3127 1.3929 1.5599 4.0861 2.9317 1.6162 9.1792 -1.6407 0.9677
Car -1 -1 -1.7234 652.1299 174.3304 713.0909 222.1692 1.7360 1.7190 4.4459 2.7434 1.7995 28.5900 -1.6294 0.9450
Car -1 -1 0.2556 355.2585 174.5859 477.6320 221.8082 1.4727 1.5486 3.5460 -6.2404 1.5310 23.3370 -0.0033 0.8668
Car -1 -1 3.8690 0.0000 127.4826 175.3749 340.3972 1.7663 1.6899 4.2474 -6.8613 1.3902 6.9031 3.1059 0.7644
Car -1 -1 3.2700 423.6580 175.3844 506.7420 211.8697 1.6163 1.6022 3.5505 -6.6118 1.7357 33.0099 3.0734 0.7123
Car -1 -1 -2.6869 178.4763 184.1835 415.7910 269.9474 1.5830 1.6338 4.0733 -6.2189 1.8255 14.4885 -3.0863 0.6488
Car -1 -1 1.5690 531.9116 170.1302 553.2863 192.7351 1.6846 1.5883 3.8660 -5.2398 1.4820 55.7683 1.4755 0.4779
Car -1 -1 3.3330 355.6357 178.1940 491.8775 223.2842 1.5236 1.6442 4.4384 -6.5505 1.7200 25.5503 3.0841 0.4477
Car -1 -1 -2.9032 431.7413 169.3987 527.9963 205.3285 1.7128 1.7452 4.3587 -6.3734 1.5484 35.3969 -3.0804 0.4277
Car -1 -1 -0.3275 717.2191 195.4371 929.0927 276.0355 1.4297 1.5002 3.6886 4.0283 1.8990 14.1272 -0.0564 0.4272
Car -1 -1 1.4591 631.5076 174.2029 661.0042 199.3898 1.7242 1.6550 4.0941 2.5296 1.8252 51.7120 1.5072 0.4207
Car -1 -1 -1.6637 505.5308 168.5266 538.8846 194.8773 1.5084 1.6414 3.7357 -5.3405 1.2611 43.3015 -1.7860 0.4038
