Car -1 -1 -1.7190 710.0928 193.7846 789.5129 255.2577 1.4951 1.6293 4.2710 3.9380 2.1725 21.1775 -1.5387 0.9581
Car -1 -1 -1.9644 811.8851 181.5531 1079.1818 348.7193 1.5172 1.5526 3.2800 3.5330 1.6383 8.3632 -1.5784 0.9499
Car -1 -1 2.0371 0.0000 207.8112 411.3586 375.0000 1.4794 1.5653 3.3480 -2.9667 1.8500 5.9499 1.5910 0.9167
Car -1 -1 1.6290 555.5280 185.6603 590.8871 218.2208 1.5963 1.6785 4.0365 -1.9750 2.3247 38.9887 1.5781 0.9052
Car -1 -1 1.7106 455.3064 177.4364 552.8712 257.2950 1.6550 1.7121 4.3332 -2.4523 1.7794 17.3661 1.5716 0.8775
Car -1 -1 1.3527 752.1788 196.5524 878.8192 289.7667 1.5293 1.6062 4.0578 4.0244 2.0880 14.9399 1.6096 0.8688
Car -1 -1 -1.7092 700.6451 188.3407 756.6351 232.9826 1.4500 1.5349 3.4528 4.2269 2.0540 26.3806 -1.5529 0.8336
Car -1 -1 -1.6593 690.4144 193.1058 732.9969 230.7926 1.5240 1.5997 3.5135 4.5444 2.4980 32.8944 -1.5241 0.7154
Car -1 -1 -1.7065 675.7278 188.7722 715.6563 220.7533 1.5129 1.5903 3.5645 4.3946 2.3852 37.7210 -1.5922 0.6838
Car -1 -1 -2.3092 1103.0363 217.5752 1242.0000 375.0000 1.5638 1.5904 3.9743 3.9437 1.8794 3.0089 -1.4378 0.5946
