Pedestrian -1 -1 -0.6242 164.8863 167.9838 220.5696 262.1436 1.7801 0.6146 0.7177 -8.0934 1.5451 13.8158 -1.1423 0.6619
Pedestrian -1 -1 1.5450 539.8835 104.0299 595.2924 257.1194 1.8633 0.6759 0.8938 -0.5410 0.9342 9.0735 1.4901 0.5715
Pedestrian -1 -1 -0.6786 225.4542 180.8095 275.0991 259.6230 1.6701 0.5848 0.7753 -7.7891 1.6787 15.4561 -1.1356 0.3553
Pedestrian -1 -1 1.4331 389.1412 185.2549 426.2000 275.7032 1.7069 0.6189 0.6202 -3.8962 1.8040 13.7877 1.1652 0.3395
Pedestrian -1 -1 0.3145 174.6089 178.7729 194.6427 210.6031 1.7338 0.5906 0.8031 -23.1254 1.6411 38.8831 -0.2168 0.2946
Pedestrian -1 -1 2.0505 303.5221 162.5196 358.0187 261.9112 1.7709 0.6465 0.7801 -5.0810 1.4522 13.0179 1.6884 0.2496
Pedestrian -1 -1 3.7843 0.0000 167.2029 59.0867 220.8013 1.8621 0.6777 1.5920 -20.3423 1.4017 24.9249 3.1078 0.1773
Pedestrian -1 -1 -0.5677 642.8575 172.0107 785.7350 312.9908 1.6801 0.6028 1.7665 1.3610 1.5806 9.0579 -0.4220 0.1492
Pedestrian -1 -1 1.0421 57.1024 156.9824 94.1603 200.5758 1.9183 0.5443 1.7199 -23.7576 0.8849 31.6979 0.4057 0.1467
Cyclist -1 -1 -0.6883 646.4648 176.3578 780.0090 315.0230 1.6402 0.6652 1.6522 1.3541 1.5929 9.0703 -0.5435 0.5904
Cyclist -1 -1 3.7843 0.0000 167.2029 59.0867 220.8013 1.8621 0.6777 1.5920 -20.3423 1.4017 24.9249 3.1078 0.3858
Cyclist -1 -1 1.1415 59.7204 157.4626 92.3056 200.8640 1.9076 0.5261 1.6810 -23.7496 0.8965 31.7078 0.5054 0.2388
Car -1 -1 -0.1399 588.3307 134.6165 697.5162 175.9110 1.7439 1.7110 4.6069 1.6001 -0.2075 31.1400 -0.0868 0.4016
Car -1 -1 1.9518 60.0582 187.4186 118.3957 215.2196 1.5628 1.5683 3.7065 -31.0868 2.0016 42.7160 1.3278 0.3494
