Pedestrian -1 -1 2.1207 658.0097 153.8380 677.8242 193.3886 1.8912 0.6194 0.8254 2.7744 0.9822 35.0145 2.1988 0.6372
Pedestrian -1 -1 2.2433 900.7164 99.2884 1002.2682 295.3615 1.7023 0.5144 0.7239 3.0918 1.0639 6.6568 2.6611 0.5123
Pedestrian -1 -1 1.5848 715.7317 134.8197 743.3789 213.1994 1.8494 0.6456 0.8327 2.8512 0.9523 17.4882 1.7434 0.4763
Pedestrian -1 -1 1.9616 313.0564 178.7328 358.2448 262.2804 1.7393 0.7178 0.6211 -5.8918 1.8676 15.3846 1.6009 0.4539
Cyclist -1 -1 -2.0762 700.2452 157.1522 722.8074 190.3102 1.7247 0.4588 1.6168 5.3517 0.9083 38.3649 -1.9389 0.4554
Cyclist -1 -1 -1.1085 658.3641 154.0580 677.0568 193.1888 1.8724 0.6219 0.7821 2.7649 0.9734 35.0182 -1.0307 0.1056
Car -1 -1 -1.2429 207.2106 206.2038 405.6013 337.9043 1.4171 1.5506 3.4422 -4.1916 1.9797 10.4057 -1.6180 0.9760
Car -1 -1 -1.3357 389.8850 183.4282 488.7671 253.6051 1.6380 1.6836 4.0317 -4.5171 1.9535 19.4728 -1.5614 0.9701
Car -1 -1 -1.7029 701.3278 182.2516 806.7189 270.1866 1.5033 1.5906 3.2482 2.6922 1.7122 14.3482 -1.5223 0.9695
Car -1 -1 1.7129 482.3015 184.6734 528.8307 222.7461 1.6006 1.6009 3.8845 -4.8230 2.1813 33.4799 1.5704 0.9358
Car -1 -1 -1.7136 652.2581 178.5054 700.3738 216.7243 1.4696 1.5159 3.3147 2.6568 1.7178 29.9416 -1.6266 0.9207
Car -1 -1 -2.1678 861.3370 182.3518 1242.0000 375.0000 1.4734 1.5508 3.7071 2.7888 1.5509 3.9880 -1.5925 0.8998
Car -1 -1 1.6827 521.6154 183.5881 551.5108 208.5439 1.5786 1.6096 3.8737 -5.0035 2.3408 49.2583 1.5815 0.4325
Car -1 -1 1.3205 558.6987 177.3860 588.7905 198.1723 1.6502 1.6035 3.8382 -3.0840 2.0421 60.2540 1.2692 0.3509
