Car -1 -1 -2.0182 68.8074 225.7302 306.8272 357.3533 1.4433 1.5883 4.0221 -6.6435 2.3902 11.1283 -2.5465 0.9482
Car -1 -1 -1.5676 970.3335 173.7398 1095.1805 278.0010 1.5957 1.7174 4.2505 7.7005 1.6153 13.3512 -1.0547 0.9388
Car -1 -1 -2.2234 213.5436 213.2252 520.3385 375.0000 1.4505 1.5496 3.4659 -2.9184 2.0052 8.2975 -2.5530 0.9289
Car -1 -1 -1.8629 0.0000 228.2424 145.3922 333.9203 1.5087 1.5510 3.5267 -10.4957 2.6905 13.7185 -2.5069 0.8002
Car -1 -1 -1.6879 1214.7405 156.0557 1242.0000 216.6689 1.7568 1.6732 4.2050 20.6694 1.2703 23.1152 -0.9648 0.7018
Car -1 -1 -1.6829 1183.2384 160.0837 1242.0000 199.1128 1.6224 1.6113 3.7483 26.6364 1.0919 32.0016 -0.9934 0.4967
Car -1 -1 -1.6320 1018.9752 175.9703 1084.0663 222.4787 1.4587 1.6497 3.9404 15.1847 1.5764 25.0419 -1.0926 0.3855
Car -1 -1 1.5981 758.3613 180.6482 781.2872 202.2008 1.5635 1.6375 4.1648 12.4442 2.1945 56.1621 1.8146 0.3715
Car -1 -1 -2.8404 800.0852 169.1522 866.1087 197.0396 1.7307 1.6339 3.7511 14.3322 1.5014 46.5082 -2.5436 0.3219
Car -1 -1 1.6431 1063.2063 166.8950 1097.3273 192.7399 1.6281 1.6149 3.9406 30.9606 1.2530 47.5085 2.2176 0.2863
Car -1 -1 -1.5189 980.5665 165.7156 1065.3657 237.1792 1.5520 1.6393 3.5762 10.0982 1.3974 17.6167 -1.0060 0.2765
