Pedestrian -1 -1 -1.4569 324.8807 165.8388 371.0898 270.5407 1.7557 0.6812 0.6498 -4.5764 1.6384 12.4908 -1.8019 0.6418
Pedestrian -1 -1 1.8709 363.6825 166.8120 407.7284 258.2491 1.8496 0.6809 0.7499 -4.6929 1.7277 14.9677 1.5714 0.4908
Pedestrian -1 -1 1.0319 1109.3385 139.5232 1242.0000 375.0000 1.7335 0.6726 0.7965 4.2302 1.5071 5.3366 1.6749 0.3743
Car -1 -1 -1.2719 266.5961 186.0239 498.7458 338.7928 1.4716 1.6157 4.2068 -2.6940 1.6831 9.4387 -1.5437 0.9618
Car -1 -1 -1.9211 750.5941 179.4956 1067.6099 375.0000 1.4212 1.5576 3.5632 2.4928 1.5033 7.0780 -1.5966 0.9574
Car -1 -1 -1.6979 660.3588 178.7081 728.0708 228.0180 1.3974 1.6093 4.0287 2.5401 1.6005 22.9561 -1.5898 0.9551
Car -1 -1 -1.6232 534.7639 176.7809 571.5554 210.9178 1.6051 1.6221 4.5740 -2.9951 1.8189 36.8445 -1.7043 0.9015
Car -1 -1 -1.7558 640.8914 177.8802 690.0218 213.8940 1.6347 1.6521 4.1850 2.6250 1.8977 35.5276 -1.6833 0.8914
Car -1 -1 -1.1486 0.0000 179.4812 397.5321 375.0000 1.4964 1.6619 4.3687 -2.6585 1.5584 4.4516 -1.6622 0.8824
Car -1 -1 -1.3984 377.7144 183.3105 491.1941 271.9373 1.4378 1.5289 3.4209 -3.2882 1.6645 13.8673 -1.6278 0.7077
Car -1 -1 -1.6242 630.7215 174.0450 657.3517 199.5954 1.7691 1.6971 4.1259 2.3975 1.8590 52.2183 -1.5790 0.5935
Car -1 -1 -2.4016 926.0074 0.0000 1242.0000 375.0000 1.5065 1.5914 3.6679 2.3567 1.4655 1.8554 -1.5719 0.3963
