Pedestrian -1 -1 -1.0810 511.8899 162.9509 536.1098 204.8690 1.8883 0.7183 0.9990 -3.7299 1.0992 32.4433 -1.1926 0.6160
Pedestrian -1 -1 0.5531 424.7216 165.5987 453.2343 209.8127 1.8327 0.6537 0.9703 -7.0095 1.2165 29.7672 0.3260 0.5638
Pedestrian -1 -1 -1.2637 1.6591 151.3215 27.8220 196.7826 1.9372 0.7083 0.6318 -25.5196 0.6953 30.5485 -1.9526 0.5079
Pedestrian -1 -1 0.3134 296.2116 181.8176 316.5770 218.4332 1.7437 0.6721 0.7312 -14.3958 1.8093 34.0560 -0.0816 0.4773
Pedestrian -1 -1 -1.2818 149.3287 154.6325 167.4444 189.2165 1.9636 0.7080 0.6973 -25.6316 0.4963 40.5698 -1.8397 0.3838
Pedestrian -1 -1 0.6713 353.8832 171.6155 402.4527 240.7512 1.6403 0.8286 0.7869 -5.5808 1.4311 17.2985 0.3664 0.3270
Pedestrian -1 -1 -1.4031 463.6568 172.2378 478.7352 206.0802 1.7225 0.6422 0.7676 -6.8932 1.3034 36.3721 -1.5871 0.3075
Cyclist -1 -1 2.8338 599.6946 164.3876 632.2371 194.3517 1.7137 0.6259 1.7805 0.6275 0.7936 40.9873 2.8508 0.8820
Cyclist -1 -1 0.0719 758.5147 160.9628 807.1098 202.3829 1.6929 0.6980 1.9239 7.4050 0.8959 29.5237 0.3169 0.7416
Cyclist -1 -1 -0.9252 327.8311 173.7927 370.0374 223.7841 1.8110 0.4798 1.8336 -9.6211 1.5695 26.5554 -1.2673 0.7024
Cyclist -1 -1 -0.1800 697.7409 159.9323 738.6200 197.4906 1.7673 0.7012 1.8234 5.3587 0.8009 33.6354 -0.0217 0.6957
Cyclist -1 -1 0.6713 353.8832 171.6155 402.4527 240.7512 1.6403 0.8286 0.7869 -5.5808 1.4311 17.2985 0.3664 0.1779
Cyclist -1 -1 -0.9844 512.2313 162.8194 536.2980 203.8376 1.8490 0.6915 0.9417 -3.7192 1.0535 32.4446 -1.0956 0.1347
Cyclist -1 -1 0.6400 423.2639 167.6518 452.0941 211.4524 1.8135 0.6218 1.0101 -7.0629 1.2830 29.7560 0.4111 0.1318
Car -1 -1 -1.4361 475.3776 174.5384 535.5703 216.0625 1.3763 1.6408 3.6441 -3.5053 1.1802 25.2518 -1.5705 0.9620
Car -1 -1 -0.5164 968.4780 149.6068 1059.6106 179.0512 1.6821 1.7457 4.3153 23.8667 -0.0852 41.3597 0.0055 0.9096
Car -1 -1 -3.5518 895.5664 155.4458 971.5921 184.9392 1.6774 1.6298 3.6558 19.0319 0.2539 41.0629 -3.1190 0.7828
Car -1 -1 1.6551 669.2451 176.1102 698.8473 200.7117 1.5532 1.6239 3.8260 5.2543 1.2774 46.6700 1.7681 0.3076
