Car -1 -1 -1.9770 620.8063 198.0945 886.8364 373.0530 1.5135 1.6220 4.1845 1.4277 1.9107 9.1122 -1.8283 0.9829
Car -1 -1 -1.8142 561.7159 198.6060 692.5934 302.3278 1.5232 1.5479 3.7788 0.1220 2.0815 13.6134 -1.8069 0.9484
Car -1 -1 1.8656 0.0000 218.4017 238.1924 375.0000 1.4843 1.6128 4.0705 -5.3330 2.1093 7.7106 1.2760 0.9451
Car -1 -1 -1.7501 502.7512 191.3704 593.0599 265.4215 1.5968 1.6560 3.6899 -1.7429 2.1248 18.5564 -1.8435 0.9383
Car -1 -1 1.7426 172.4620 209.4745 294.6269 309.0844 1.5114 1.5294 3.3909 -7.2773 2.3235 14.1465 1.2745 0.9371
Car -1 -1 -1.5399 283.0008 196.5670 342.8770 257.3552 1.7531 1.7647 4.4393 -10.2644 2.6555 25.0569 -1.9256 0.9068
Car -1 -1 -2.3296 771.5690 203.0553 1242.0000 375.0000 1.4859 1.5333 3.5901 2.4917 1.7514 4.3954 -1.8438 0.8335
Car -1 -1 -1.5246 470.7516 196.1886 512.9245 237.2032 1.4958 1.5862 3.7977 -4.9850 2.5478 30.5385 -1.6858 0.6718
Car -1 -1 2.3096 0.0000 183.1918 68.7363 375.0000 1.5082 1.6565 3.8606 -3.9326 1.5747 2.5546 1.3630 0.5494
Car -1 -1 1.4278 334.0409 200.6532 370.7281 230.4953 1.6526 1.6674 3.8446 -16.4673 3.5034 45.9369 1.0849 0.5361
