Pedestrian -1 -1 1.8069 398.0726 175.7968 441.3022 253.6394 1.7832 0.7091 1.3203 -4.5784 1.8567 17.2441 1.5505 0.4549
Pedestrian -1 -1 -3.5744 1017.3017 145.4379 1114.5321 290.4258 1.7848 0.5591 0.8942 5.7428 1.4477 9.2065 -3.0316 0.2995
Cyclist -1 -1 1.8502 396.4002 174.7787 441.9283 253.4163 1.7967 0.6754 1.4597 -4.5913 1.8451 17.2563 1.5932 0.3354
Cyclist -1 -1 -1.7613 719.1855 155.9401 735.5482 192.4663 1.8074 0.5203 1.5909 5.8918 0.9708 36.5038 -1.6028 0.2219
Car -1 -1 -1.8583 731.9140 178.3446 943.3702 317.0031 1.3826 1.5153 3.3890 2.5523 1.4648 9.0383 -1.5927 0.9761
Car -1 -1 1.9111 185.2952 185.9745 440.7407 331.1223 1.5133 1.7998 4.5440 -3.8556 1.7410 10.2164 1.5579 0.9720
Car -1 -1 3.2922 371.0414 170.3040 486.1788 220.6308 1.7899 1.7136 3.9162 -6.6721 1.6995 26.6927 3.0491 0.9596
Car -1 -1 -1.6358 662.2648 175.3047 737.8568 240.1758 1.5735 1.7389 4.4165 2.3208 1.6491 19.9163 -1.5223 0.8848
Car -1 -1 1.6114 539.1826 173.8736 559.2757 193.4423 1.6806 1.6293 3.7472 -5.3906 1.7742 64.0694 1.5274 0.6654
Car -1 -1 -2.6703 0.0000 0.0000 1242.0000 375.0000 1.5845 1.6370 3.8520 2.7431 1.6812 1.1795 -1.5941 0.3138
