Pedestrian -1 -1 -1.3323 509.4244 173.8130 538.2873 228.9670 1.7884 0.7355 1.0300 -2.5914 1.5402 23.8467 -1.4447 0.7288
Pedestrian -1 -1 0.7001 911.5567 143.9030 991.5421 293.7929 1.8225 0.6789 0.6303 4.4119 1.3667 9.1608 1.1323 0.6254
Pedestrian -1 -1 2.5236 884.8087 139.7225 951.5610 252.5213 1.7901 0.5636 0.8267 5.1366 1.1284 11.7625 2.9220 0.5565
Pedestrian -1 -1 1.8729 697.0359 172.3713 741.2007 262.9324 1.8043 0.6727 0.8977 2.4046 1.6236 14.8598 2.0249 0.4871
Pedestrian -1 -1 -1.5592 639.5100 174.8346 658.7487 224.1164 1.6818 0.6557 0.7457 1.6313 1.4554 24.9065 -1.4997 0.4772
Pedestrian -1 -1 -1.1920 656.7853 174.1443 685.1505 223.6213 1.6846 0.7432 0.7983 2.3985 1.4352 24.9792 -1.1025 0.4731
Pedestrian -1 -1 -2.1437 22.6611 190.0597 133.9176 366.0395 1.5971 0.5977 0.6858 -5.1084 1.6862 6.9598 -2.7652 0.4710
Pedestrian -1 -1 1.9072 777.2260 141.1340 860.1998 305.0212 1.7336 0.6866 0.7865 2.4146 1.3080 8.1149 2.1820 0.4366
Pedestrian -1 -1 0.2867 51.7474 198.9231 78.5212 237.6342 1.7595 0.7545 0.8257 -25.0829 2.5873 33.5920 -0.3563 0.4183
Pedestrian -1 -1 -2.8686 587.3681 175.3936 605.7578 205.4756 1.7125 0.6295 0.9245 -0.2775 1.3656 41.3133 -2.8803 0.4092
Pedestrian -1 -1 1.7368 278.9986 142.8983 321.1312 232.3524 1.8561 0.6872 0.9677 -6.5051 1.0564 15.4523 1.3392 0.3950
Pedestrian -1 -1 -1.9846 804.7919 194.1315 965.6909 374.0000 1.6511 0.7871 0.7570 1.8811 1.7475 4.9898 -1.6476 0.3447
Pedestrian -1 -1 0.5831 865.7967 178.0678 916.7642 267.5772 1.6933 0.6915 0.6555 5.6301 1.6296 14.0539 0.9522 0.3293
Pedestrian -1 -1 1.0729 26.3930 192.6107 78.2696 273.2127 1.6937 0.5952 0.7862 -11.9929 1.9436 15.6432 0.4214 0.3096
Pedestrian -1 -1 0.6054 710.1692 186.3895 770.0176 277.3772 1.6556 0.6509 0.9107 2.5974 1.7538 13.6795 0.7838 0.3057
Pedestrian -1 -1 -1.5300 417.2047 168.8568 442.1795 236.0501 1.6747 0.5726 1.7770 -4.5183 1.3607 18.8277 -1.7677 0.1396
Cyclist -1 -1 -1.5241 416.4115 168.9086 442.2126 236.7171 1.6845 0.5792 1.8547 -4.5222 1.3729 18.8076 -1.7622 0.4993
Cyclist -1 -1 1.7577 510.5495 176.7546 535.3231 230.8721 1.7506 0.6530 0.9553 -2.6114 1.5982 23.7346 1.6439 0.1630
Cyclist -1 -1 -0.2398 650.9662 173.1208 683.7666 222.5054 1.6863 0.6953 0.9937 2.2603 1.4012 24.9456 -0.1556 0.1273
Cyclist -1 -1 -1.8753 588.3223 175.6857 604.7120 205.3368 1.6841 0.7005 0.9027 -0.2862 1.3546 41.3338 -1.8873 0.1189
Cyclist -1 -1 0.6054 710.1692 186.3895 770.0176 277.3772 1.6556 0.6509 0.9107 2.5974 1.7538 13.6795 0.7838 0.1115
Car -1 -1 2.1596 0.0000 195.8600 420.6460 374.0000 1.4943 1.6472 3.9821 -2.9039 1.6442 5.3592 1.6763 0.9148
Car -1 -1 -2.0730 540.5603 174.6724 578.7556 193.3791 1.5836 1.6491 3.9002 -3.6583 1.0061 62.8963 -2.1358 0.4316
Car -1 -1 -1.8646 791.4644 197.1057 1118.5592 374.0000 1.4960 1.4593 2.8982 2.5141 1.6585 5.9061 -1.4841 0.3885
