Pedestrian -1 -1 -0.0883 431.9640 170.1074 453.6009 212.2938 1.7902 0.6141 0.8581 -7.0045 1.3507 30.4231 -0.3106 0.5089
Pedestrian -1 -1 -1.3257 426.1797 173.9137 441.5651 207.7784 1.7366 0.6124 0.7403 -8.8746 1.4002 36.6258 -1.5598 0.2113
Pedestrian -1 -1 2.1157 477.3828 165.9105 519.4870 234.6016 1.7759 0.6665 1.0451 -2.8726 1.4003 18.8857 1.9690 0.2050
Pedestrian -1 -1 1.6686 766.7458 147.2834 806.7751 252.9153 1.7634 0.6139 0.6485 3.1005 1.2106 12.2071 1.9131 0.1610
Pedestrian -1 -1 1.5269 752.3295 135.5089 787.8255 237.2266 1.8210 0.5974 0.8741 3.0125 1.0172 13.1358 1.7491 0.1475
Pedestrian -1 -1 -0.7836 226.0367 193.6537 279.7394 266.0125 1.6518 0.5852 1.0409 -8.4604 1.9795 16.9366 -1.2380 0.1413
Pedestrian -1 -1 -0.5299 418.8989 178.6008 439.6175 213.9511 1.7251 0.6971 0.7465 -8.7180 1.6339 35.0099 -0.7702 0.1102
Pedestrian -1 -1 -1.8161 420.9896 151.5318 433.8117 181.1657 1.9525 0.6416 0.8570 -11.8358 0.0452 47.1098 -2.0587 0.1099
Cyclist -1 -1 2.2901 341.5181 136.5997 375.5204 182.0680 1.8322 0.5389 1.3964 -10.2025 0.0647 29.2348 1.9600 0.1494
Cyclist -1 -1 2.2356 465.6409 166.8505 515.3652 238.6454 1.8381 0.7101 1.2089 -3.0683 1.4902 18.7973 2.0781 0.1340
Cyclist -1 -1 1.2172 1021.8297 83.0121 1207.5330 342.6492 1.6339 0.4989 1.7479 3.6889 1.0221 5.3520 1.7959 0.1143
Car -1 -1 -1.5906 568.5521 164.0169 605.3140 205.0926 1.9295 1.7287 4.4038 -0.9650 1.1567 35.4466 -1.6158 0.6534
Car -1 -1 1.4898 557.3607 172.0845 593.0305 202.7304 1.6589 1.6920 4.3767 -1.7692 1.2048 40.5436 1.4482 0.1508
