Pedestrian -1 -1 1.2871 363.9388 157.9126 422.2949 257.4341 1.8497 0.8570 0.9622 -4.1785 1.4315 13.7726 1.0007 0.5265
Pedestrian -1 -1 2.3771 785.2780 123.6973 873.1213 277.4837 1.7583 0.6028 0.8256 2.6536 1.1105 8.5351 2.6703 0.3094
Pedestrian -1 -1 3.2292 475.0153 168.2495 484.2494 191.5698 1.7705 0.6483 0.6397 -9.5681 0.8417 54.0248 3.0567 0.2630
Pedestrian -1 -1 2.4209 0.0000 209.5490 73.8814 370.0000 1.6099 0.4796 0.6189 -3.9600 1.8128 4.5459 1.7394 0.1957
Pedestrian -1 -1 1.6011 720.8810 126.1922 762.1982 248.2177 1.8720 0.6262 0.8742 2.1526 1.0405 11.3359 1.7858 0.1952
Pedestrian -1 -1 1.0947 884.0987 146.3214 953.0833 270.3852 1.6684 0.6337 0.6802 4.3148 1.2104 9.8656 1.4972 0.1677
Pedestrian -1 -1 1.6530 704.1110 132.5485 742.8256 238.5830 1.8080 0.6178 0.7775 2.0598 0.9920 12.5026 1.8144 0.1361
Car -1 -1 -1.6382 527.8243 160.8031 571.2894 208.4599 1.9777 1.6421 4.3697 -2.5618 1.1618 31.6172 -1.7164 0.8889
Car -1 -1 -1.4887 382.7549 172.5449 417.3134 200.5809 1.5015 1.5706 3.5293 -11.4857 1.0768 39.7443 -1.7661 0.2596
Car -1 -1 -1.4436 396.4041 174.7623 443.8074 209.7145 1.5124 1.6097 3.9991 -8.4935 1.2656 32.6730 -1.6938 0.2440
Car -1 -1 1.4228 505.8790 169.3161 548.9519 203.1277 1.6337 1.6246 4.0046 -4.0499 1.0948 36.3009 1.3144 0.1362
Car -1 -1 -1.5479 368.6807 177.4809 414.3893 219.4958 1.4631 1.5374 3.1835 -7.9320 1.3595 26.3545 -1.8352 0.1285
