Car -1 -1 -1.8848 736.7847 184.2932 978.7349 330.8991 1.4865 1.6807 4.4238 2.9800 1.6793 9.8990 -1.6019 0.9715
Car -1 -1 1.8082 361.2658 192.8316 484.6070 282.9078 1.5069 1.5696 3.8090 -3.7316 1.9707 14.8242 1.5649 0.9432
Car -1 -1 -1.7717 706.8512 180.6563 820.9848 267.8067 1.5919 1.6129 3.7068 3.0827 1.7786 15.3696 -1.5785 0.9395
Car -1 -1 1.9229 209.9790 195.9287 418.7491 332.1674 1.4541 1.5063 3.5234 -3.9240 1.8331 10.0683 1.5592 0.9377
Car -1 -1 -2.1205 860.3980 193.9308 1242.0000 375.0000 1.4500 1.5896 3.6638 2.7072 1.6190 3.9231 -1.5520 0.9226
Car -1 -1 2.1372 0.0000 213.2757 314.6078 375.0000 1.4500 1.5375 3.8559 -3.4936 1.8266 4.7558 1.5293 0.9183
Car -1 -1 -1.9200 636.9083 182.7064 689.5441 214.5525 1.4878 1.5724 3.4632 2.6211 2.0158 36.7524 -1.8500 0.9060
Car -1 -1 -3.4952 962.0826 151.3505 1116.2009 209.7207 1.7195 1.6400 3.7714 13.1471 1.0864 22.3826 -2.9701 0.7209
Car -1 -1 1.4828 595.2136 180.4862 622.4897 204.4365 1.6097 1.6059 4.0144 -0.1471 2.1808 51.8834 1.4795 0.6672
Car -1 -1 -1.7007 781.3195 178.3746 831.7451 216.6178 1.4444 1.5364 3.4714 7.9566 1.6852 29.5957 -1.4411 0.5041
