Pedestrian -1 -1 1.3879 812.7910 124.3938 902.8594 318.0551 1.7677 0.6694 0.8550 2.3943 1.2573 6.9185 1.7093 0.7646
Pedestrian -1 -1 -0.5783 774.9421 150.4664 790.1562 181.9985 1.9976 0.6389 0.7092 11.3493 0.0963 45.2060 -0.3322 0.2767
Pedestrian -1 -1 -0.4841 815.3649 159.2484 836.5632 197.2353 1.7775 0.6070 0.7614 10.4337 0.7845 33.4466 -0.1826 0.2646
Pedestrian -1 -1 -0.8717 8.1176 144.9546 37.9361 195.5878 1.9212 0.6090 0.6496 -22.3728 0.5740 27.1537 -1.5531 0.1894
Pedestrian -1 -1 3.3643 315.6057 177.1940 327.8598 201.2748 1.7046 0.6171 0.6909 -20.1868 1.4719 50.4026 2.9871 0.1532
Pedestrian -1 -1 -1.8950 1145.4321 126.1361 1210.5542 231.1294 1.6964 0.5059 1.1557 9.6943 0.8197 12.0484 -1.2285 0.1513
Pedestrian -1 -1 2.1695 339.9314 176.2870 364.5048 207.8253 1.7165 0.6043 1.3889 -14.0248 1.4886 39.2258 1.8304 0.1358
Cyclist -1 -1 -1.7201 1180.1476 107.3075 1224.0000 214.8086 1.7659 0.4624 1.8516 10.6081 0.5652 12.5214 -1.0278 0.4976
Cyclist -1 -1 -1.8680 697.6674 143.4296 726.8584 196.5647 1.7405 0.4446 1.8933 3.6127 0.5277 24.1238 -1.7193 0.2707
Cyclist -1 -1 2.1695 339.9314 176.2870 364.5048 207.8253 1.7165 0.6043 1.3889 -14.0248 1.4886 39.2258 1.8304 0.1481
Cyclist -1 -1 -1.8950 1145.4321 126.1361 1210.5542 231.1294 1.6964 0.5059 1.1557 9.6943 0.8197 12.0484 -1.2285 0.1112
Car -1 -1 -0.9556 51.0090 140.7263 213.4445 213.4674 1.9839 1.8177 4.5031 -14.2018 0.9007 21.5657 -1.5292 0.3795
Car -1 -1 2.0766 200.3999 170.7687 262.4010 199.5681 1.4993 1.6155 3.2149 -20.2504 0.9941 38.4313 1.5968 0.3333
Car -1 -1 -1.5316 561.0109 168.3876 579.1088 185.2832 1.5610 1.5715 3.5949 -3.2674 0.4431 67.1228 -1.5782 0.3190
Car -1 -1 0.2916 232.5788 155.4422 299.8826 181.8954 2.2638 1.8218 4.9923 -29.5217 0.1206 61.7780 -0.1503 0.2045
Car -1 -1 -0.3468 769.7954 155.0999 833.1575 177.2261 1.6099 1.6843 4.2316 14.6336 -0.2476 52.7368 -0.0758 0.1837
Car -1 -1 1.4669 527.0038 167.2350 550.5225 186.5881 1.6021 1.5993 4.0728 -5.6974 0.5052 60.6809 1.3756 0.1516
