Pedestrian -1 -1 -1.4697 687.3632 175.5503 723.1223 265.2914 1.6712 0.6068 0.8896 1.9754 1.5617 13.8780 -1.3365 0.7438
Pedestrian -1 -1 -1.3082 761.0020 166.9987 803.6593 257.3589 1.7882 0.6670 0.8174 3.6780 1.5025 14.7312 -1.0732 0.7325
Pedestrian -1 -1 1.6971 862.2853 151.8109 910.8920 266.7148 1.8415 0.6553 0.9987 4.7737 1.3670 12.1045 2.0600 0.7264
Pedestrian -1 -1 2.6432 388.3908 169.2162 453.0067 272.9809 1.7722 0.6957 0.8947 -3.2663 1.5637 12.8250 2.3930 0.6892
Pedestrian -1 -1 -2.0205 777.4818 163.6077 815.2607 237.8237 1.8094 0.6200 0.7997 4.8332 1.3744 17.9635 -1.7666 0.6814
Pedestrian -1 -1 1.3210 673.5172 176.6219 693.6328 220.2483 1.7205 0.6241 0.7691 3.2653 1.5291 28.7510 1.4279 0.5455
Pedestrian -1 -1 1.7398 327.7319 167.4748 369.9247 261.9402 1.6689 0.6262 0.6433 -4.6229 1.4224 13.0584 1.4003 0.5307
Pedestrian -1 -1 2.1310 705.1133 170.7579 754.3643 271.3694 1.6836 0.5648 0.6900 2.1874 1.5051 12.4631 2.2956 0.4691
Pedestrian -1 -1 -1.4481 713.4120 164.2187 768.5819 289.1466 1.6742 0.6692 0.9447 1.9458 1.4439 10.1743 -1.2696 0.4571
Pedestrian -1 -1 -1.9010 637.0445 169.3593 680.7551 235.1003 1.6949 0.6723 1.6229 1.4984 1.3831 19.3877 -1.8302 0.3998
Pedestrian -1 -1 -0.9998 707.7444 158.3788 719.7700 186.2478 1.9894 0.6182 0.6224 8.1024 0.3395 51.7140 -0.8500 0.3135
Pedestrian -1 -1 -1.3728 239.6329 173.7203 268.2596 231.5303 1.7251 0.6177 0.9396 -10.6440 1.4941 21.9654 -1.8246 0.2979
Pedestrian -1 -1 -1.7579 675.4235 166.3340 690.4308 201.3951 1.7765 0.6416 0.6911 4.1615 1.0089 36.7642 -1.6510 0.2940
Cyclist -1 -1 -2.0026 636.9453 170.5618 684.9781 239.0477 1.7507 0.5681 1.8054 1.5434 1.4723 19.3053 -1.9292 0.4983
Cyclist -1 -1 1.9220 710.6799 163.0693 782.6636 293.9546 1.7600 0.6877 1.0993 2.0541 1.5135 10.3049 2.1082 0.1247
Cyclist -1 -1 2.9322 389.5521 168.6373 453.3114 274.6110 1.8139 0.6867 0.9803 -3.2577 1.5950 12.8176 2.6825 0.1194
Car -1 -1 1.6909 555.6089 178.7595 600.2179 212.5008 1.4815 1.6311 4.0651 -1.0514 1.3621 33.6320 1.6548 0.9275
Car -1 -1 -2.3677 1022.0389 192.4539 1238.0000 374.0000 1.5203 1.6310 3.9813 3.1763 1.5888 2.3464 -1.4911 0.2736
