Pedestrian -1 -1 1.1791 1194.9473 135.3109 1242.0000 262.4052 1.8334 0.6036 1.0061 9.4468 1.2922 10.9762 1.8763 0.1584
Pedestrian -1 -1 -3.1882 843.0464 131.2746 899.4272 241.3067 1.7917 0.5657 0.8595 4.3284 1.1150 12.1395 -2.8538 0.1553
Cyclist -1 -1 -1.4793 869.9261 164.8859 887.1553 212.5713 1.6493 0.4441 1.5669 9.5504 1.3741 25.7569 -1.1284 0.1279
Car -1 -1 1.9348 287.8079 184.8004 385.7026 240.2918 1.5644 1.6274 3.9331 -8.6849 1.9809 23.1612 1.5794 0.9500
Car -1 -1 -1.5472 598.6373 175.4281 627.2556 204.2549 1.6953 1.6877 4.5162 0.1963 1.8648 45.1192 -1.5434 0.8655
Car -1 -1 -1.0538 0.0000 185.8558 273.7727 338.3018 1.5335 1.7403 4.5474 -6.5289 1.7552 9.9655 -1.6220 0.2888
Car -1 -1 2.2597 0.0000 185.9529 118.4395 241.7993 1.3183 1.4974 3.8095 -15.6605 1.7141 19.8572 1.5983 0.2584
Car -1 -1 -1.3158 1112.2344 169.2103 1159.1709 194.1282 1.5875 1.6124 3.8251 34.8198 1.3557 47.8036 -0.6895 0.1733
Car -1 -1 -3.3022 712.7429 160.7879 771.4813 183.7057 2.0222 1.7654 4.9510 11.7689 0.9579 64.5916 -3.1230 0.1727
Car -1 -1 -2.3936 779.0147 164.8385 863.3289 197.9715 1.5315 1.5865 3.9375 10.2614 1.1613 35.4436 -2.1144 0.1614
Car -1 -1 1.8852 297.0361 183.5263 407.4241 247.1629 1.4214 1.5715 3.7835 -6.5700 1.7260 18.6605 1.5506 0.1358
Car -1 -1 1.6922 439.6582 174.0704 483.3654 207.5518 1.4494 1.5374 3.6635 -6.8270 1.5090 33.2568 1.4909 0.1283
