Pedestrian -1 -1 -1.6156 1212.2925 173.4316 1242.0000 298.5161 1.6694 0.4966 1.7294 9.0611 1.6789 10.4724 -0.9169 0.1034
Cyclist -1 -1 -1.6156 1212.2925 173.4316 1242.0000 298.5161 1.6694 0.4966 1.7294 9.0611 1.6789 10.4724 -0.9169 0.5180
Car -1 -1 -1.9905 807.1110 181.5372 1051.1226 323.1107 1.4882 1.5480 3.5637 3.9069 1.6262 9.6201 -1.6164 0.9752
Car -1 -1 -1.7967 752.3765 180.5547 880.0811 266.7455 1.4792 1.6037 3.8709 3.9754 1.6573 14.6910 -1.5384 0.9651
Car -1 -1 -1.7388 720.5480 177.7570 802.1000 237.8184 1.5055 1.6069 3.6976 4.0962 1.6563 20.2592 -1.5429 0.9518
Car -1 -1 1.8325 397.2050 182.9379 494.3859 247.1691 1.5091 1.5855 3.9538 -4.3762 1.8114 19.5907 1.6149 0.9419
Car -1 -1 -2.3014 1006.2565 216.7796 1242.0000 375.0000 1.4572 1.5753 3.8489 3.8811 1.8108 3.8596 -1.5521 0.8455
Car -1 -1 1.8270 455.7107 184.1273 527.0665 230.8100 1.4531 1.5438 3.8693 -4.1322 1.8819 25.4215 1.6668 0.7794
Car -1 -1 -1.7676 695.3522 178.9299 765.6027 227.8822 1.5478 1.6379 4.1025 4.1006 1.7797 25.4095 -1.6102 0.7567
Car -1 -1 1.7360 487.3655 181.1220 541.3612 218.9821 1.4468 1.5952 4.2353 -4.0260 1.8230 30.6512 1.6059 0.7263
Car -1 -1 1.6564 545.8840 176.7905 576.5337 202.5733 1.5834 1.6687 3.7719 -3.1558 1.8494 46.7908 1.5890 0.6668
Car -1 -1 -1.7440 719.4922 165.5757 744.5938 183.1666 1.6044 1.6821 3.8179 11.4033 0.9409 67.7202 -1.5781 0.4966
Car -1 -1 1.3869 985.4181 168.4586 1042.1093 201.9888 1.5486 1.6584 4.2858 19.8041 1.3460 35.6169 1.8905 0.4699
