Pedestrian -1 -1 -2.9565 784.3998 161.8427 803.4993 198.2734 1.7828 0.6058 0.8212 9.0790 1.2443 35.7530 -2.7101 0.2555
Pedestrian -1 -1 3.0658 345.7173 176.8223 361.0823 202.7169 1.8861 0.4413 1.0351 -18.9081 2.1807 53.0882 2.7250 0.1482
Pedestrian -1 -1 -1.8108 1158.0537 153.2129 1201.6396 227.5261 1.8082 0.6268 1.0193 14.2673 1.3306 18.1468 -1.1527 0.1444
Pedestrian -1 -1 -2.6848 1109.2444 136.9231 1171.2814 215.6052 1.8686 0.5764 1.0871 12.9812 1.0156 17.7478 -2.0613 0.1355
Cyclist -1 -1 2.1812 265.1712 180.2377 290.1022 208.3449 1.6457 0.5791 1.5521 -20.0546 2.0995 43.4888 1.7511 0.4537
Car -1 -1 2.1381 153.2393 191.6958 245.7973 233.3727 1.4403 1.5669 3.3822 -15.9993 2.2232 28.2312 1.6263 0.9015
Car -1 -1 1.9404 360.1160 177.0218 399.7955 200.8503 1.9206 1.7134 4.4504 -19.4838 2.2878 61.2250 1.6332 0.8023
Car -1 -1 1.8085 377.5619 183.4856 412.5809 205.6652 1.4901 1.5821 3.7835 -15.5463 2.2888 52.2513 1.5203 0.5674
Car -1 -1 -2.3955 734.9699 154.7761 786.3881 182.2334 2.4133 1.8475 4.5358 13.6747 0.8247 65.7967 -2.1916 0.1376
Car -1 -1 2.1410 208.8380 175.6036 274.0477 203.6996 1.6768 1.6753 4.1830 -23.2604 1.8594 45.6491 1.6719 0.1219
