Pedestrian -1 -1 -1.7319 697.5554 164.5932 716.2585 204.7430 1.8033 0.6946 0.9762 4.3736 1.4326 32.9036 -1.6014 0.5961
Pedestrian -1 -1 0.1185 735.7242 131.9544 782.3429 231.6358 1.7710 0.5105 0.7829 2.6751 1.0447 13.1803 0.3138 0.3896
Pedestrian -1 -1 -3.6771 1159.4087 149.8056 1242.0000 367.5576 1.7846 0.7036 0.7407 5.3744 1.5961 6.3128 -2.9954 0.3402
Pedestrian -1 -1 1.6927 516.0453 172.8564 539.7494 228.2347 1.7776 0.5676 1.8517 -2.7710 1.7781 24.0864 1.5788 0.1146
Cyclist -1 -1 1.7422 490.4797 173.6504 519.4323 229.5045 1.7407 0.6123 1.9404 -3.4463 1.7680 23.4896 1.5975 0.6904
Cyclist -1 -1 1.6366 535.7637 174.5483 548.9919 208.1387 1.7181 0.5735 1.8632 -3.5838 1.8098 37.9379 1.5425 0.6702
Cyclist -1 -1 1.7312 514.6773 173.2976 540.5564 228.6789 1.7679 0.5705 1.8381 -2.7668 1.7835 23.9761 1.6168 0.5588
Cyclist -1 -1 1.4944 965.8707 174.0247 1022.9584 303.3600 1.6576 0.5399 1.8184 5.3473 1.6760 10.2048 1.9643 0.3996
Cyclist -1 -1 -2.2030 904.3033 161.9114 1009.5967 269.6734 1.6418 0.5160 1.9241 5.6464 1.4754 11.9843 -1.7728 0.2546
Car -1 -1 -1.8733 742.7410 172.7361 993.6648 345.0142 1.5574 1.5959 3.5130 2.6063 1.5567 8.2835 -1.5798 0.9783
Car -1 -1 1.9534 190.3053 187.3176 391.6175 303.1785 1.4983 1.6090 3.8607 -4.9793 1.7731 11.7511 1.5600 0.9452
Car -1 -1 1.7363 435.9414 181.0482 501.2341 226.2221 1.5430 1.7286 4.5559 -5.3830 1.8849 27.7749 1.5461 0.8616
Car -1 -1 -1.5817 640.0270 176.3323 666.1778 200.3792 1.5309 1.6838 3.8179 2.8372 1.7742 48.4432 -1.5241 0.7112
