Pedestrian -1 -1 1.3769 749.1008 167.6481 763.7558 200.3864 1.8222 0.6460 0.8920 8.2015 1.5328 40.6058 1.5744 0.5566
Pedestrian -1 -1 1.5251 220.1857 175.3825 251.5504 246.0494 1.7744 0.6857 0.8521 -9.7469 1.8421 18.6931 1.0499 0.1586
Pedestrian -1 -1 2.8564 605.1284 165.4093 625.6524 198.9639 1.8879 0.5411 1.0563 0.2699 1.4694 40.9998 2.8625 0.1454
Pedestrian -1 -1 -3.2038 884.3773 140.2988 931.2587 271.4324 1.7490 0.7367 0.5474 4.0838 1.3152 10.0556 -2.8288 0.1319
Cyclist -1 -1 1.3769 749.1008 167.6481 763.7558 200.3864 1.8222 0.6460 0.8920 8.2015 1.5328 40.6058 1.5744 0.1053
Car -1 -1 1.7191 517.6743 178.6576 567.1408 215.6162 1.5175 1.6399 3.9149 -2.9962 1.7934 32.2512 1.6267 0.9367
Car -1 -1 1.6664 555.3267 177.1452 584.4036 201.0475 1.4969 1.5647 3.8824 -2.6546 1.7936 47.8625 1.6108 0.3968
Car -1 -1 1.8728 481.7119 184.7137 520.0565 208.9696 1.4271 1.4920 3.3253 -6.9363 2.2112 45.9227 1.7233 0.2378
Car -1 -1 1.5837 494.3947 181.3485 522.8022 209.8129 1.5254 1.5582 3.8339 -5.8912 2.0421 41.8581 1.4442 0.1707
Car -1 -1 -1.4806 312.2476 165.4913 352.4998 206.6392 1.8892 1.5378 3.0601 -13.3853 1.5515 34.8067 -1.8455 0.1403
