Pedestrian -1 -1 -0.2223 716.0983 178.3963 737.0378 221.8127 1.7312 0.6791 0.7025 4.6748 1.9588 29.2218 -0.0660 0.3999
Pedestrian -1 -1 2.0969 1134.5789 172.1449 1189.9081 262.5664 1.6864 0.5514 0.7404 10.5497 1.6736 13.8536 2.7369 0.2055
Pedestrian -1 -1 -1.6729 608.4596 158.4878 623.1653 196.0208 1.7472 0.5272 1.7070 0.2304 1.0788 34.4596 -1.6666 0.1125
Cyclist -1 -1 -1.6966 608.6168 156.7943 623.2922 194.4145 1.7542 0.4916 1.6762 0.2378 1.0057 34.5031 -1.6901 0.4071
Cyclist -1 -1 -0.7109 587.7312 180.2412 615.0635 209.4895 1.8190 0.6513 1.7456 -0.5751 2.2999 46.1093 -0.7239 0.1638
Car -1 -1 -0.8215 646.8442 196.0308 742.2844 242.4886 1.4681 1.5338 3.4070 3.0588 2.3636 26.1750 -0.7075 0.8720
Car -1 -1 -1.6392 536.2866 169.7870 587.5797 223.4621 2.1664 1.8978 4.8370 -2.2294 2.0430 31.6461 -1.7096 0.8100
Car -1 -1 -0.8425 1109.4647 197.3034 1242.0000 307.5593 1.4565 1.5000 3.5825 9.7466 1.8605 10.9344 -0.1287 0.4064
Car -1 -1 1.4201 602.7409 158.0649 640.4456 186.6380 1.6071 1.7215 3.3509 0.6063 0.7756 42.3575 1.4341 0.3206
Car -1 -1 -1.5014 445.4930 180.5148 474.3479 204.4678 1.5479 1.6796 4.1608 -10.4260 2.1043 50.1912 -1.7055 0.2784
