Pedestrian -1 -1 1.2541 1111.3690 176.5395 1159.8969 259.4092 1.6483 0.6109 0.7010 10.7272 1.7265 14.8118 1.8708 0.1676
Pedestrian -1 -1 -0.0547 714.8074 181.3005 737.4137 225.1660 1.8068 0.6675 0.8975 4.8193 2.1656 30.2396 0.1011 0.1600
Cyclist -1 -1 -1.7857 612.7711 162.9204 629.0759 198.8136 1.7195 0.4509 1.6706 0.4894 1.2440 35.4277 -1.7724 0.3292
Cyclist -1 -1 -0.7406 596.7676 181.9565 620.9567 209.7322 1.7651 0.6126 1.5814 -0.1002 2.3694 47.1100 -0.7433 0.1153
Car -1 -1 -3.4575 1075.6655 186.6346 1242.0000 297.2018 1.4582 1.6407 4.3860 10.1194 1.7088 11.5068 -2.7495 0.9300
Car -1 -1 -0.8163 652.7545 194.6319 744.6838 240.2462 1.5089 1.5651 3.3530 3.3246 2.3791 27.1415 -0.6967 0.8081
Car -1 -1 -1.6638 543.1011 172.0890 596.4774 225.3715 2.2201 1.9373 4.9717 -1.9459 2.1885 32.6649 -1.7235 0.7793
Car -1 -1 1.3964 608.2087 154.8801 644.9137 183.1975 1.6347 1.6545 3.2872 0.9248 0.5975 43.4011 1.4174 0.2266
Car -1 -1 -1.5497 460.5452 177.2733 484.6801 200.7639 1.6296 1.6560 3.6652 -10.0356 1.9648 52.7282 -1.7373 0.1206
Car -1 -1 1.5874 0.0000 180.4609 14.9594 210.0303 1.4616 1.6255 4.1202 -33.1442 1.8939 38.8571 0.8845 0.1191
Car -1 -1 -1.6140 452.9670 164.1076 479.5880 191.3109 2.0525 1.8590 4.5460 -11.3895 1.3929 56.8663 -1.8110 0.1130
