Pedestrian -1 -1 -1.7256 354.3317 145.4346 399.9647 247.9073 1.7989 0.7063 0.5869 -4.2787 1.3179 13.0847 -2.0362 0.2182
Pedestrian -1 -1 1.8790 286.1269 166.3884 330.7126 237.1388 1.8403 0.7853 1.1695 -8.1309 1.6725 19.3813 1.4863 0.1994
Pedestrian -1 -1 -2.2670 186.3561 146.8666 240.3014 241.3802 1.8221 0.7125 0.6145 -7.9346 1.3215 14.3520 -2.7645 0.1785
Pedestrian -1 -1 -3.0314 740.2350 145.7736 807.8856 261.9748 1.8414 0.6090 1.0311 2.6561 1.4127 11.8842 -2.8177 0.1548
Pedestrian -1 -1 -0.5430 1132.2091 116.6980 1242.0000 287.6937 1.8021 0.5451 0.9808 6.3784 1.2106 7.9290 0.1163 0.1179
Pedestrian -1 -1 -0.0876 973.4929 128.4206 1026.0822 240.8574 1.7697 0.6021 0.6962 6.2898 1.0707 11.7655 0.3927 0.1158
Car -1 -1 1.7620 370.4433 186.1387 483.1777 269.8250 1.4861 1.5903 3.9280 -3.8162 1.8077 15.4453 1.5230 0.9638
Car -1 -1 1.7635 437.1040 175.4191 520.6007 240.8894 1.7519 1.6799 4.1219 -3.8444 1.8362 21.5425 1.5884 0.9412
Car -1 -1 1.7343 522.3307 177.1108 562.9854 206.8739 1.5123 1.6121 3.7138 -3.6363 1.7547 39.1153 1.6417 0.7973
Car -1 -1 -0.1562 642.8970 172.7908 712.7388 200.6313 1.5613 1.6530 3.7760 3.8238 1.5581 41.4093 -0.0652 0.3322
Car -1 -1 0.2871 388.1882 173.4748 454.6194 206.5793 1.5142 1.5000 2.6989 -8.8485 1.5444 33.8246 0.0328 0.1333
