Pedestrian -1 -1 1.9926 1074.7006 101.3145 1143.8662 238.1109 1.8404 0.5545 0.7348 6.9594 0.8783 10.1349 2.5810 0.2852
Pedestrian -1 -1 1.2322 853.3716 133.3845 886.1392 192.0438 1.8326 0.6896 0.9905 8.2366 0.5999 23.0348 1.5715 0.2743
Pedestrian -1 -1 -1.9457 1108.1151 163.4332 1153.8251 243.7500 1.7136 0.6023 0.6703 11.3392 1.5130 15.7888 -1.3322 0.2236
Pedestrian -1 -1 -0.2810 850.7864 168.3813 897.5048 241.1697 1.6917 0.6275 0.8979 6.2034 1.5881 17.1074 0.0606 0.2147
Cyclist -1 -1 0.9858 299.7333 188.9294 360.9891 257.9152 1.6737 0.5705 1.8094 -7.2750 2.1056 18.6115 0.6174 0.2955
Car -1 -1 -2.0198 812.1323 195.3280 1242.0000 375.0000 1.4436 1.5552 3.6431 2.6844 1.6628 5.1998 -1.5674 0.9726
Car -1 -1 1.3630 685.0223 188.3091 803.0646 271.5934 1.4647 1.6365 3.9864 2.6628 1.8397 15.4640 1.5292 0.9606
Car -1 -1 1.7325 408.7145 184.7072 506.7573 262.9516 1.4982 1.5718 3.6307 -3.3473 1.7953 16.2165 1.5314 0.9272
Car -1 -1 2.1082 0.0000 182.8189 361.1947 375.0000 1.4907 1.6048 3.9563 -3.3018 1.5898 5.1553 1.5609 0.9192
Car -1 -1 -1.7097 667.9279 185.3642 735.1315 239.9635 1.4455 1.5165 3.3490 2.6120 1.8491 21.5645 -1.5916 0.8868
Car -1 -1 1.4142 653.1526 183.0271 711.1263 229.5124 1.5109 1.5109 3.6982 2.5008 1.9070 26.1711 1.5076 0.7868
