Pedestrian -1 -1 2.8751 649.0128 154.8515 667.7051 192.1227 1.9127 0.5642 0.8469 2.4664 0.9892 37.3868 2.9402 0.4791
Car -1 -1 1.9469 137.1124 191.9797 435.7777 360.9003 1.5108 1.7774 4.5782 -3.7344 1.8174 9.2601 1.5725 0.9804
Car -1 -1 1.7639 387.8203 188.0201 484.0933 262.6565 1.4831 1.5209 3.5102 -3.9937 1.8750 16.8416 1.5338 0.9237
Car -1 -1 2.7909 772.8767 165.8008 928.8336 214.9017 1.5459 1.7005 4.5402 7.7669 1.3242 23.6484 3.1041 0.9183
Car -1 -1 -1.6859 641.6497 177.5537 689.0590 213.7922 1.4182 1.5650 3.7941 2.2504 1.6309 30.6642 -1.6139 0.8926
Car -1 -1 2.1356 0.0000 206.7966 232.8548 365.3965 1.3990 1.5763 4.0798 -6.7057 1.9356 9.3231 1.5252 0.8590
Car -1 -1 -3.3308 727.0004 166.7177 815.8251 200.3279 1.5018 1.5802 3.7384 7.3088 1.2280 33.0766 -3.1156 0.7828
Car -1 -1 -0.2593 754.2593 163.2816 874.8029 208.3573 1.6299 1.6476 4.0368 7.5210 1.2841 26.9311 0.0098 0.6776
Car -1 -1 1.9268 362.7574 186.5655 446.4438 234.8661 1.4037 1.4656 3.6914 -6.7594 1.8953 23.9455 1.6540 0.6007
Car -1 -1 1.6928 449.0781 179.6407 491.5004 211.1213 1.4005 1.5481 3.9445 -6.7545 1.7490 34.9887 1.5030 0.5643
Car -1 -1 1.7082 481.3603 180.9031 515.9777 207.5856 1.5894 1.6427 4.1567 -7.1303 2.1300 46.3296 1.5558 0.5323
