Pedestrian -1 -1 -2.1432 127.9167 159.5560 160.2908 216.6758 1.8662 0.6152 0.7176 -15.5412 1.4321 24.0006 -2.7129 0.5847
Car -1 -1 -1.7477 698.6857 185.9930 805.1823 264.3402 1.4246 1.5807 3.6530 2.8756 1.7416 15.5574 -1.5693 0.9728
Car -1 -1 0.4901 167.5070 181.6304 429.2692 281.0875 1.6583 1.6333 4.1231 -5.6450 1.8316 13.2097 0.0929 0.9473
Car -1 -1 0.5003 53.2765 189.3751 366.8833 298.7152 1.5094 1.5947 3.9175 -5.9975 1.7810 11.0258 0.0117 0.9423
Car -1 -1 -0.2532 764.6423 175.5439 918.9869 228.6428 1.4421 1.5954 3.9080 6.4676 1.5224 20.5709 0.0467 0.9393
Car -1 -1 3.7796 0.0000 194.9568 213.1017 342.4060 1.4458 1.5519 3.7702 -6.8823 1.7234 8.1900 3.0965 0.8718
Car -1 -1 0.4131 271.0652 177.9350 468.1755 251.8193 1.7222 1.6713 4.3647 -5.9625 1.8567 18.0023 0.0970 0.8398
Car -1 -1 -1.7433 633.6531 178.5833 668.0030 202.5923 1.5396 1.6542 4.1302 2.7215 1.9496 49.4392 -1.6892 0.8370
Car -1 -1 -0.3127 690.1453 178.6337 776.1261 211.7954 1.4892 1.5988 3.6573 5.7032 1.7690 33.8281 -0.1477 0.7411
Car -1 -1 3.4036 294.4525 178.8507 442.6129 232.9484 1.4553 1.5045 3.7187 -6.8047 1.6327 20.4515 3.0858 0.7012
Car -1 -1 3.2578 396.0844 175.0997 503.5266 212.9475 1.5074 1.6489 4.1800 -6.6007 1.6040 29.8851 3.0419 0.6789
Car -1 -1 0.4505 242.9512 181.1352 431.9348 257.3148 1.5349 1.5442 3.5223 -5.8941 1.7259 15.6756 0.0959 0.6397
Car -1 -1 -2.7716 352.8145 182.3634 482.5378 229.3052 1.4053 1.5202 3.6875 -6.1142 1.7208 22.9491 -3.0296 0.5954
Car -1 -1 2.8490 707.1304 180.5692 816.5187 217.9894 1.5273 1.6716 4.2811 6.4122 1.8690 30.8958 3.0511 0.5908
Car -1 -1 -2.4932 0.0000 0.0000 1242.0000 375.0000 1.5252 1.6151 3.9283 2.6830 1.5395 1.4780 -1.5075 0.5659
