Pedestrian -1 -1 1.5194 1117.3845 149.9061 1147.9520 209.2530 1.8676 0.7514 0.7904 16.7790 1.1458 23.2391 2.1385 0.2402
Pedestrian -1 -1 1.6893 871.7578 162.5199 910.8814 234.9148 1.8858 0.8615 1.1732 7.5691 1.6169 19.5115 2.0536 0.2172
Cyclist -1 -1 -0.0907 108.0207 182.5471 151.7569 224.2332 1.8252 0.6780 1.5977 -21.7993 2.2753 32.7093 -0.6750 0.2274
Car -1 -1 -1.9825 52.0976 201.8053 200.8849 277.4795 1.4885 1.6084 3.6785 -11.5704 2.2438 17.1409 -2.5694 0.9659
Car -1 -1 -2.2084 223.9767 170.1956 466.4530 290.2357 1.8616 1.7830 4.5658 -4.9743 1.8208 13.1816 -2.5633 0.9522
Car -1 -1 1.3964 538.4708 182.6648 618.3992 236.8871 1.4162 1.6879 4.2212 -1.1082 1.7449 21.9008 1.3457 0.8959
Car -1 -1 1.5492 470.7746 180.0882 522.1363 229.3973 1.3725 1.4592 3.3999 -3.6114 1.6157 22.4132 1.3906 0.7988
Car -1 -1 3.3106 106.8178 186.7892 226.7722 223.6459 1.4703 1.6454 4.2419 -19.2583 2.1087 31.4926 2.7653 0.4722
Car -1 -1 -2.0380 532.9260 165.0437 605.0618 200.9081 1.5317 1.6206 4.0725 -1.9817 1.1985 32.9796 -2.0980 0.2788
Car -1 -1 -2.8486 613.2440 146.8816 711.9539 183.3909 1.4728 1.5883 3.8741 2.1887 0.4254 30.5362 -2.7779 0.2139
Car -1 -1 -0.0783 100.4602 192.3926 211.5514 228.7419 1.4962 1.5916 4.2811 -21.1749 2.4601 33.6656 -0.6365 0.2113
