Pedestrian -1 -1 -1.3298 173.4569 179.5768 190.1465 209.3586 1.7384 0.6509 0.8885 -25.0139 1.6859 41.7864 -1.8642 0.1826
Pedestrian -1 -1 -2.6878 1080.3027 0.0000 1224.0000 367.3682 1.7881 0.6584 0.6552 3.0775 0.9055 3.8572 -2.0506 0.1658
Pedestrian -1 -1 -0.3148 848.2938 155.7078 932.1210 289.2474 1.7381 0.5242 0.9225 3.7625 1.4171 9.4839 0.0533 0.1601
Pedestrian -1 -1 -1.7469 772.5051 131.7397 811.2229 215.6662 1.7427 0.5238 1.6815 4.0433 0.7318 15.5350 -1.4951 0.1259
Cyclist -1 -1 2.2060 420.2718 172.4710 443.1260 199.0959 1.7166 0.6189 1.6153 -11.3753 1.2003 46.4457 1.9691 0.4406
Cyclist -1 -1 -1.7809 771.7229 132.0797 812.3519 215.5001 1.7382 0.5135 1.6839 4.0579 0.7309 15.5795 -1.5289 0.3315
Cyclist -1 -1 0.0225 578.2485 162.7480 598.0407 183.8246 1.8255 0.5589 1.7090 -1.4432 0.2891 61.5150 0.0010 0.1707
Cyclist -1 -1 0.7331 1099.2493 0.0000 1224.0000 370.0000 1.8908 0.7158 1.8558 3.2678 1.0003 3.2264 1.4795 0.1408
Car -1 -1 1.4510 543.5026 161.6181 570.7769 183.7385 1.6931 1.6866 4.1393 -3.8349 0.2491 56.3017 1.3852 0.5240
Car -1 -1 1.6589 565.8762 172.4418 592.5724 195.7854 1.6450 1.6069 3.9844 -1.8468 1.0784 51.8525 1.6252 0.3787
Car -1 -1 3.7964 0.0000 160.3157 95.7015 195.8586 1.6720 1.6291 3.5760 -26.9478 0.7239 34.0834 3.1338 0.2771
Car -1 -1 -1.0341 174.7467 181.3063 239.3091 208.1722 1.5029 1.5379 3.8708 -23.3497 1.5540 41.6225 -1.5405 0.1443
Car -1 -1 -1.7732 761.4668 154.2577 793.3909 177.2481 1.6938 1.6830 3.6643 13.2544 -0.2579 54.4752 -1.5339 0.1439
