Pedestrian -1 -1 2.0743 704.8352 166.2266 758.9691 265.8837 1.7271 0.6475 0.8300 2.1544 1.6126 13.0281 2.2334 0.7196
Pedestrian -1 -1 2.0668 740.0186 143.7057 805.9422 262.7976 1.7499 0.7472 0.7064 2.4583 1.3219 11.1104 2.2781 0.6582
Pedestrian -1 -1 1.5408 780.9352 151.6816 820.4492 259.4499 1.7330 0.6049 0.8082 3.1228 1.3929 12.0596 1.7874 0.6185
Pedestrian -1 -1 -1.3636 689.5129 167.3058 702.4232 197.7288 1.8346 0.6575 0.6728 5.2035 1.5004 43.9314 -1.2469 0.4408
Cyclist -1 -1 -2.7348 754.3811 145.4966 901.3304 287.2670 1.7113 0.6471 1.7381 2.7868 1.3814 9.5062 -2.4589 0.5259
Cyclist -1 -1 -1.3150 276.7926 191.5101 305.0370 251.3574 1.5930 0.3551 1.5264 -9.0863 2.1429 20.4714 -1.7284 0.3981
Cyclist -1 -1 1.3946 775.5905 154.9251 821.6637 264.9076 1.7606 0.5787 0.9328 3.0784 1.4740 12.0327 1.6383 0.1919
Cyclist -1 -1 -0.9015 736.1346 142.7221 810.3046 264.6189 1.7829 0.7740 0.8205 2.4589 1.3425 11.1102 -0.6901 0.1037
Car -1 -1 1.8115 416.5486 185.1942 463.4336 213.9184 1.4926 1.6819 4.0963 -9.7040 2.2348 41.3162 1.5817 0.8886
Car -1 -1 -1.5493 598.9738 175.9634 625.8810 202.6585 1.6290 1.6539 4.4932 0.1678 1.8409 46.8217 -1.5462 0.8461
Car -1 -1 -0.9868 0.0000 186.7545 373.9955 375.0000 1.5034 1.6209 4.0108 -2.6609 1.6118 3.5864 -1.5912 0.8377
Car -1 -1 2.0413 160.4978 196.2134 300.3752 259.5082 1.3762 1.6521 3.9174 -9.9038 2.0583 19.0937 1.5681 0.7260
Car -1 -1 -3.0047 979.5864 151.8043 1047.0228 176.0554 1.6219 1.6622 3.8994 27.9462 0.2145 50.0893 -2.4982 0.4048
Car -1 -1 -3.3004 776.3199 176.5371 978.7026 246.9022 1.4517 1.5515 4.0296 5.7711 1.5401 16.1221 -2.9632 0.3892
