Car -1 -1 -1.9351 366.0905 194.0563 491.3889 269.3518 1.4223 1.5783 3.7179 -4.3407 1.9717 16.7112 -2.1861 0.9325
Car -1 -1 -1.7043 253.9959 187.3780 313.0025 229.7079 1.5069 1.6732 3.9000 -13.3150 2.1377 29.2200 -2.1288 0.9257
Car -1 -1 1.3580 860.9316 172.0739 985.8663 241.5174 1.4208 1.7351 4.4677 7.1808 1.4052 17.1121 1.7487 0.9140
Car -1 -1 1.4928 772.2195 170.4642 848.2263 232.1223 1.4162 1.5441 3.8720 5.0097 1.3617 18.6130 1.7511 0.8873
Car -1 -1 -2.2043 497.9872 152.3766 793.2416 310.4411 1.7619 1.8286 4.5708 0.1886 1.5340 10.4330 -2.1882 0.8643
Car -1 -1 -1.7082 233.0746 184.9546 283.8347 221.1586 1.5239 1.6155 3.9675 -16.5838 2.1275 33.8680 -2.1608 0.8030
Car -1 -1 1.6050 29.1041 189.9944 72.9044 223.1671 1.5293 1.6534 3.7835 -28.9281 2.4654 37.3682 0.9495 0.7704
Car -1 -1 0.4675 946.9802 164.4762 1143.1727 222.4303 1.3731 1.5609 4.2353 11.4039 1.1750 19.2937 0.9943 0.7109
Car -1 -1 -2.8750 435.4248 177.5946 530.1921 212.9093 1.5449 1.6869 3.9459 -5.7897 1.7679 32.8602 -3.0485 0.6176
Car -1 -1 -2.8412 377.4419 178.3624 459.6625 207.9510 1.5113 1.5979 3.8941 -10.0949 1.8089 38.0592 -3.0992 0.4418
