Pedestrian -1 -1 -1.8899 714.8960 170.4971 813.9185 322.8960 1.4560 0.7774 0.7461 1.4875 1.4338 7.3100 -1.6984 0.8036
Pedestrian -1 -1 -2.2630 905.4225 140.6960 962.9976 222.2567 1.8448 0.6648 1.1238 7.5497 1.1178 16.9491 -1.8507 0.4293
Pedestrian -1 -1 1.5959 27.0868 140.2517 103.7613 347.2600 1.7474 0.5188 1.6423 -5.2299 1.4725 6.9109 0.9662 0.1247
Pedestrian -1 -1 -1.7737 432.1389 195.9632 466.0576 258.6703 1.6549 0.5997 1.7771 -4.6711 2.3469 20.6600 -1.9942 0.1011
Cyclist -1 -1 1.6113 23.5423 140.1033 105.0048 349.4335 1.7578 0.5256 1.7103 -5.2379 1.4831 6.9130 0.9811 0.3788
Cyclist -1 -1 1.3004 430.2549 197.4620 469.1471 261.7243 1.6845 0.6222 1.7980 -4.6353 2.4186 20.5705 1.0806 0.2871
Cyclist -1 -1 -2.2630 905.4225 140.6960 962.9976 222.2567 1.8448 0.6648 1.1238 7.5497 1.1178 16.9491 -1.8507 0.1343
Car -1 -1 -1.6558 724.7648 179.7086 783.9337 227.1424 1.4671 1.6386 4.1003 4.8809 1.7257 25.0527 -1.4663 0.8813
Car -1 -1 -2.6116 254.3890 194.5640 452.3726 270.7073 1.5413 1.6731 3.9653 -5.8551 2.0741 16.4899 -2.9484 0.7638
Car -1 -1 -0.1721 767.5253 173.1060 844.2701 206.1081 1.6628 1.6292 3.6014 10.0493 1.6766 37.3376 0.0883 0.7132
Car -1 -1 -1.6734 712.2063 172.9189 749.8392 205.1643 1.7585 1.7106 4.0232 6.8584 1.7627 41.4132 -1.5109 0.6990
Car -1 -1 0.3104 563.8251 182.7605 613.5049 202.6142 1.6223 1.6299 3.9306 -1.8357 2.4867 61.6066 0.2802 0.4437
Car -1 -1 -1.6828 785.1579 177.5887 1013.4861 368.6378 1.4047 1.5574 3.8695 2.6117 1.4675 7.4593 -1.3594 0.2974
