Car -1 -1 -1.0237 0.0000 187.3043 238.8006 299.1362 1.4326 1.5427 4.0164 -7.6050 1.4726 11.3144 -1.6047 0.9724
Car -1 -1 -1.5764 564.1400 180.9086 619.6954 231.1712 1.5140 1.6751 3.3340 -0.5699 1.3854 23.3416 -1.6010 0.9555
Car -1 -1 -1.2419 279.7096 185.5013 484.3578 311.6481 1.5392 1.6416 4.0625 -3.1757 1.5455 10.8469 -1.5204 0.9447
Car -1 -1 -1.4814 476.2637 185.6035 538.3864 231.9956 1.4262 1.7015 4.1681 -3.3380 1.4415 24.2516 -1.6171 0.9368
Car -1 -1 -1.3591 418.4830 181.7364 467.3804 215.7020 1.6154 1.6053 3.9193 -8.2551 1.4510 36.1536 -1.5824 0.8787
Car -1 -1 -1.3202 272.3183 184.2713 336.0049 222.3750 1.4876 1.6080 3.5294 -12.5934 1.4519 29.9241 -1.7157 0.8714
Car -1 -1 -0.8508 0.0000 208.5153 286.5717 376.0000 1.5076 1.6564 3.8606 -3.0935 1.6722 3.0924 -1.5939 0.7381
Car -1 -1 2.2417 69.1531 186.0299 237.9943 243.2490 1.3927 1.5469 4.3307 -12.3151 1.4188 19.8000 1.6911 0.6949
Car -1 -1 -1.5888 509.4065 181.1550 542.6035 211.6088 1.4970 1.6268 3.8766 -4.3168 1.2985 37.3607 -1.7035 0.5791
Car -1 -1 -1.2299 313.8247 180.4250 404.5415 230.0572 1.4544 1.5861 3.6549 -7.8472 1.3152 22.8998 -1.5568 0.5551
Car -1 -1 -1.5199 388.3441 180.9873 417.1195 205.3024 1.4669 1.5591 3.6374 -12.9100 1.2130 45.3122 -1.7963 0.4760
