Cyclist -1 -1 -2.2406 951.7883 165.6629 1018.5490 232.8239 1.6328 0.4632 1.8387 9.5252 1.4583 18.4860 -1.7718 0.5660
Car -1 -1 -1.8358 778.0798 193.3652 954.0180 306.4357 1.4556 1.6537 4.1494 4.0068 1.8617 12.1608 -1.5260 0.9684
Car -1 -1 -1.6927 716.7946 185.1276 785.1803 239.3809 1.5062 1.6317 3.9521 4.3466 1.9317 22.9671 -1.5089 0.9210
Car -1 -1 -1.8209 735.7966 184.7742 836.6716 256.1896 1.5350 1.5565 3.5557 4.2012 1.8608 17.9015 -1.5950 0.9151
Car -1 -1 1.7609 478.6545 186.4869 539.9586 230.1342 1.4948 1.6248 4.0162 -3.8724 2.0637 28.0369 1.6243 0.9073
Car -1 -1 -2.1309 882.9916 163.7977 1242.0000 375.0000 1.5597 1.6806 4.5328 3.8330 1.5158 5.7896 -1.5701 0.7019
Car -1 -1 -1.6909 702.5747 182.7800 753.7820 224.8926 1.4975 1.5501 3.5001 4.5250 1.9113 28.2697 -1.5345 0.6810
Car -1 -1 1.6547 531.1628 184.6979 567.3907 218.3233 1.6602 1.6169 4.1877 -3.2819 2.3383 39.1914 1.5711 0.5310
Car -1 -1 1.6856 569.2437 180.2345 596.8773 204.9862 1.7850 1.6805 3.9103 -2.0529 2.3711 55.2481 1.6481 0.4478
Car -1 -1 1.2652 917.4284 176.4435 966.7324 203.9412 1.5559 1.5695 3.9179 19.8709 1.7823 43.3961 1.6916 0.3635
