Pedestrian -1 -1 0.9281 893.4376 155.0054 953.9212 250.2694 1.7509 0.6404 0.9014 5.9678 1.1968 13.7220 1.3305 0.3015
Car -1 -1 -1.0873 93.5875 185.8317 282.0789 274.3971 1.5256 1.6568 3.7113 -8.1480 1.5406 14.2826 -1.5979 0.9377
Car -1 -1 -1.4206 445.5134 185.8411 509.4515 234.2970 1.5345 1.5941 3.9095 -4.4454 1.5589 24.7870 -1.5967 0.9073
Car -1 -1 -1.4382 487.2435 183.0350 528.0483 213.9868 1.4673 1.5716 3.4367 -4.9687 1.3651 35.7965 -1.5756 0.8581
Car -1 -1 -1.6140 573.6271 180.0140 605.7748 206.8615 1.4621 1.6527 4.3019 -1.1129 1.1800 41.3495 -1.6411 0.8421
Car -1 -1 2.2554 0.0000 200.7578 121.1482 368.5836 1.4321 1.5703 3.8793 -7.8195 1.6591 8.4692 1.5255 0.8010
Car -1 -1 -1.5030 440.3644 182.8164 471.1109 208.3352 1.5188 1.6190 3.7976 -9.4515 1.3772 44.7739 -1.7102 0.6412
Car -1 -1 -1.0679 149.2401 183.3510 263.0755 233.2524 1.4800 1.6321 3.6359 -12.8250 1.4258 23.1355 -1.5694 0.5987
Car -1 -1 -1.1777 178.7739 96.4216 457.8461 284.7771 2.3459 2.1506 5.3797 -4.2492 1.2412 11.6914 -1.5191 0.3417
Car -1 -1 -0.8425 0.0000 200.8391 106.1830 301.4968 1.5466 1.5405 3.5300 -11.4285 1.8775 13.3844 -1.5397 0.2877
