Pedestrian -1 -1 1.2309 989.9161 156.8645 1037.7579 235.0282 1.8856 0.7164 1.0712 10.0018 1.5003 17.9896 1.7309 0.7304
Pedestrian -1 -1 1.8672 185.3250 170.9945 220.1351 239.8089 1.8211 0.5999 0.8438 -11.0830 1.7723 19.5678 1.3574 0.3720
Pedestrian -1 -1 -0.3785 540.6379 182.6011 561.9968 223.0829 1.6332 0.6432 0.6886 -2.4643 2.0416 29.7602 -0.4610 0.2926
Cyclist -1 -1 1.7471 992.3595 160.0857 1030.3297 235.2527 1.8151 0.6811 0.9414 9.9693 1.5071 18.0006 2.2454 0.1091
Car -1 -1 2.0041 0.0000 206.7268 453.3353 375.0000 1.4795 1.5685 3.6682 -2.3183 1.7963 4.8950 1.5809 0.9207
Car -1 -1 1.9677 671.1215 175.0696 720.8692 201.6670 1.7042 1.7128 4.6152 5.8729 1.8627 49.0649 2.0856 0.2576
Car -1 -1 -1.3411 646.8909 182.1446 700.7591 221.1764 1.4731 1.5082 3.3473 2.6561 1.8822 29.9222 -1.2541 0.2139
Car -1 -1 -2.4325 168.7377 159.1671 241.6450 184.0240 1.6739 1.6552 4.3711 -27.9697 0.7526 49.8325 -2.9418 0.2047
Car -1 -1 2.7080 778.0709 157.4965 955.4946 219.6335 1.5032 1.5069 4.0055 6.4362 1.1320 18.4071 3.0390 0.1688
Car -1 -1 1.1349 1004.6358 169.6719 1056.8176 193.7262 1.6191 1.6035 4.0142 29.4215 1.4052 50.6325 1.6585 0.1686
