Pedestrian -1 -1 -2.0591 875.4130 161.1739 993.3095 361.5536 1.5828 0.6854 0.6004 2.7088 1.4236 5.9999 -1.6570 0.7906
Pedestrian -1 -1 1.9533 441.4936 154.8756 525.8183 321.9422 1.7341 0.6963 0.7236 -1.3246 1.4591 7.8814 1.7861 0.7810
Pedestrian -1 -1 -2.2059 942.1636 106.7260 1161.8256 374.0000 1.5963 0.7178 0.7143 2.3415 1.2339 3.8919 -1.6989 0.6438
Pedestrian -1 -1 -0.6181 692.8652 158.6532 728.0322 214.3894 1.7490 0.6489 0.9066 3.4680 1.0332 23.0350 -0.4754 0.6344
Pedestrian -1 -1 -0.3724 914.4311 163.4475 997.2792 314.1708 1.8604 0.6274 0.7689 4.4752 1.6389 9.2011 0.0634 0.4129
Pedestrian -1 -1 -2.0815 934.4657 127.3787 975.9425 199.7324 1.8597 0.6495 0.8314 9.2638 0.4698 18.8962 -1.6360 0.3938
Pedestrian -1 -1 1.6361 498.0585 166.7664 533.2070 256.7827 1.6388 0.5944 1.2439 -1.6625 1.3719 13.7136 1.5122 0.2551
Pedestrian -1 -1 2.4597 682.7551 146.0562 712.0238 194.6240 1.7891 0.6189 0.9008 3.5804 0.4845 26.9586 2.5856 0.2540
Cyclist -1 -1 -1.9024 683.6287 149.2637 709.6133 195.2844 1.6929 0.5571 1.3418 3.5650 0.5081 27.1358 -1.7779 0.3229
Cyclist -1 -1 1.6361 498.0585 166.7664 533.2070 256.7827 1.6388 0.5944 1.2439 -1.6625 1.3719 13.7136 1.5122 0.1055
Cyclist -1 -1 -0.4749 692.3800 158.6583 728.5203 214.6262 1.7599 0.6299 0.9635 3.4672 1.0427 23.0400 -0.3323 0.1014
Car -1 -1 1.9346 254.3676 123.2034 517.2993 313.0099 1.9960 1.8492 4.6197 -2.6289 1.3843 9.9462 1.6769 0.9219
Car -1 -1 1.7055 461.9728 145.8435 560.8324 235.2041 1.7639 1.6531 4.4105 -1.9399 1.0613 16.3929 1.5844 0.7556
Car -1 -1 -1.6120 670.9982 153.4767 701.0391 181.8879 1.6960 1.6776 3.8278 5.2452 0.0239 44.8456 -1.5010 0.6763
