Pedestrian -1 -1 1.1199 1121.4103 128.9861 1224.7579 296.5903 1.9079 0.7393 0.6911 6.6450 1.4089 8.6196 1.7597 0.2114
Car -1 -1 1.7111 469.5896 181.7710 557.3247 245.4582 1.5073 1.7683 4.6046 -2.5895 1.7839 20.0355 1.5834 0.9594
Car -1 -1 -1.7797 683.7230 165.2068 785.0382 244.6838 1.9444 1.8185 4.4534 3.2338 1.7577 19.9200 -1.6220 0.9551
Car -1 -1 -2.0630 791.2996 175.5387 1242.0000 375.0000 1.5578 1.6656 4.2329 2.7231 1.5859 5.3110 -1.6127 0.9526
Car -1 -1 -1.7415 664.4978 180.5906 727.8590 227.3160 1.5852 1.6537 4.2973 3.1373 1.9029 27.3963 -1.6294 0.9089
Car -1 -1 1.4481 656.9204 180.4378 702.5281 216.8120 1.5276 1.6014 3.8657 3.0963 1.8962 33.0728 1.5400 0.3238
Car -1 -1 -2.0026 860.1663 141.7394 1041.9360 263.0623 1.9478 1.5962 3.6799 6.0695 1.4486 13.4342 -1.5871 0.2657
Car -1 -1 1.8886 433.1549 153.0164 485.2498 184.4770 1.5101 1.5401 3.5599 -7.6031 0.5583 36.4872 1.6845 0.2299
Car -1 -1 0.9225 1086.5159 89.2805 1242.0000 375.0000 1.6961 1.5840 3.8611 5.7196 1.2510 5.8432 1.6722 0.2191
Car -1 -1 1.4612 668.2779 174.9417 689.7178 192.1078 1.5803 1.6111 3.9139 6.5394 1.7856 68.8705 1.5551 0.1859
