Pedestrian -1 -1 2.0243 322.9213 149.0163 357.0516 208.8213 1.8893 0.6917 0.9347 -8.7522 1.1366 23.2905 1.6683 0.4200
Pedestrian -1 -1 -1.7159 935.0690 152.0756 961.3842 208.0937 1.8326 0.7042 0.6365 11.2018 1.1532 24.0062 -1.2843 0.3153
Pedestrian -1 -1 -1.1325 799.8822 153.0281 842.8199 238.2461 1.8843 0.7304 0.6599 4.7668 1.4462 16.4397 -0.8558 0.2609
Cyclist -1 -1 2.0392 283.1137 180.0928 342.1477 256.4937 1.6356 0.5301 1.7041 -6.8090 1.8101 16.4801 1.6525 0.3486
Car -1 -1 1.8039 308.8450 184.4484 459.3351 285.2438 1.4485 1.5803 4.3501 -3.9202 1.6948 13.0897 1.5177 0.9623
Car -1 -1 2.1282 0.0000 202.0522 356.3522 375.0000 1.4083 1.6019 4.3700 -3.9378 1.7586 6.4401 1.5969 0.9563
Car -1 -1 1.6896 456.0388 182.7816 519.2988 230.9375 1.4592 1.6418 4.4106 -4.1897 1.8347 25.0254 1.5248 0.9189
Car -1 -1 -1.5165 605.5353 175.1777 649.2606 216.3454 1.4629 1.4924 3.4519 0.6734 1.5580 27.6172 -1.4930 0.9157
Car -1 -1 1.7071 509.7634 176.9147 546.6972 204.9199 1.4652 1.5519 3.7265 -4.5413 1.7023 40.1747 1.5948 0.7583
Car -1 -1 -1.2526 340.4114 159.9132 400.3569 199.4747 1.8728 1.6839 3.9728 -11.9584 1.2606 36.1414 -1.5702 0.2960
