Car -1 -1 -1.7930 674.1706 174.3100 793.9419 261.2167 1.7427 1.7461 4.4457 2.6638 1.7816 16.8201 -1.6397 0.9702
Car -1 -1 0.5058 34.3668 181.7630 340.4100 282.1409 1.4785 1.5791 3.9802 -6.6615 1.6317 11.5715 -0.0070 0.9633
Car -1 -1 -2.7354 225.5058 182.8159 422.8793 249.8009 1.4186 1.5364 3.8725 -6.4380 1.6565 16.3652 -3.1051 0.8754
Car -1 -1 -1.7176 634.6497 178.8767 672.2894 207.4231 1.4679 1.5637 3.4615 2.3101 1.8142 39.6494 -1.6604 0.8564
Car -1 -1 3.3540 310.6966 176.4801 460.9747 235.4958 1.6315 1.6658 3.9231 -6.4871 1.7427 21.0596 3.0582 0.8500
Car -1 -1 -1.7021 652.3378 179.2944 707.5430 223.7262 1.5597 1.6144 3.7751 2.5812 1.8253 27.7998 -1.6112 0.8437
Car -1 -1 0.4662 142.4421 180.4724 413.0194 278.5249 1.7376 1.7311 4.4384 -6.3118 1.8950 13.9020 0.0466 0.8350
Car -1 -1 -1.7474 664.1132 182.5957 733.4223 236.7892 1.5109 1.5546 3.3189 2.6366 1.8372 22.4312 -1.6328 0.7658
Car -1 -1 3.4366 269.0788 178.6809 433.5145 238.1649 1.4714 1.5357 3.7610 -6.7144 1.6309 18.8589 3.0985 0.7160
Car -1 -1 0.2367 321.0934 168.1581 476.6284 222.6747 1.6973 1.7188 4.5681 -6.7960 1.5515 23.4185 -0.0431 0.7150
Car -1 -1 3.1346 471.5818 175.3415 535.4623 202.4526 1.5649 1.6697 3.6907 -6.3671 1.7171 42.9558 2.9879 0.6999
Car -1 -1 -2.8967 400.4608 172.6243 502.9303 208.3099 1.4660 1.5917 3.9627 -6.6802 1.4569 30.4948 -3.1110 0.5693
