Pedestrian -1 -1 -0.0131 840.8408 101.3646 908.5967 272.6279 1.7105 0.5101 0.6417 2.7964 0.9115 7.5163 0.3266 0.2769
Car -1 -1 -0.2376 235.2330 176.0675 375.1154 227.7142 1.4889 1.6020 3.7746 -9.2481 1.3335 22.4648 -0.6292 0.9501
Car -1 -1 -1.4478 546.9419 166.7579 583.8686 194.5522 1.4595 1.5806 4.0083 -1.9468 0.6862 39.7711 -1.5013 0.8478
Car -1 -1 1.6480 584.7118 165.5141 611.9053 189.6108 1.5929 1.6114 3.6406 -0.1694 0.5369 49.3555 1.6397 0.6612
Car -1 -1 2.1290 325.3799 171.3232 393.1598 201.6025 1.5185 1.5942 3.8934 -12.7687 1.0090 38.1000 1.8027 0.6037
Car -1 -1 3.3286 129.2361 150.7547 252.1574 189.8113 1.7179 1.7149 4.6932 -18.8428 0.3665 33.1666 2.8106 0.4852
Car -1 -1 -0.1009 0.0000 155.6080 119.0253 195.9948 1.6866 1.7327 4.2414 -24.2404 0.6063 32.0744 -0.7490 0.2544
Car -1 -1 -2.5942 317.0129 182.0918 429.7682 221.2183 1.4188 1.5444 3.8387 -8.6591 1.4433 27.2840 -2.9039 0.2177
Car -1 -1 -1.6428 113.4050 165.4227 159.6279 199.8035 1.5676 1.5975 3.7871 -22.5287 0.8355 34.7407 -2.2195 0.2133
Car -1 -1 1.6001 41.6639 180.4607 86.1371 214.1155 1.5351 1.6182 4.0368 -26.0454 1.4886 34.8787 0.9572 0.2036
