Pedestrian -1 -1 -3.5248 992.4370 118.6592 1062.7518 247.1178 1.7348 0.4391 0.7235 5.8060 0.9013 9.8113 -3.0025 0.3982
Pedestrian -1 -1 -1.0857 787.2782 163.0326 804.7543 197.4070 1.8203 0.6591 0.6906 10.2334 0.8967 37.9142 -0.8225 0.3812
Pedestrian -1 -1 2.9880 122.8207 115.9483 203.1519 255.8149 1.8411 0.5985 0.8707 -6.1814 0.9931 9.8112 2.4427 0.3535
Pedestrian -1 -1 0.0153 775.9373 160.0038 793.3200 192.0230 1.8210 0.5276 0.9597 10.3063 0.6567 40.5865 0.2639 0.3308
Pedestrian -1 -1 -1.4058 118.2633 151.5311 137.4181 192.1484 1.9674 0.6788 0.6519 -23.4169 0.5657 34.6798 -1.9934 0.3217
Pedestrian -1 -1 -1.2593 275.9022 179.6467 320.0969 261.6978 1.6347 0.6451 0.6928 -6.3088 1.6193 14.4557 -1.6611 0.3115
Cyclist -1 -1 -2.0533 977.9586 142.9030 1030.9447 212.7932 1.7348 0.4126 1.7768 10.3499 0.8032 18.4386 -1.5474 0.7320
Cyclist -1 -1 1.1842 877.8633 157.0729 904.2593 194.0714 1.7084 0.5121 1.8070 13.5411 0.6281 33.5474 1.5664 0.4831
Car -1 -1 -0.4913 1064.8755 151.4194 1224.0000 204.7793 1.6487 1.7419 4.2732 17.7107 0.7517 23.0397 0.1590 0.9606
Car -1 -1 1.3341 443.3756 174.5151 493.3997 206.7835 1.4926 1.6042 3.6353 -6.7652 1.2172 34.6866 1.1450 0.8938
Car -1 -1 1.9493 170.5936 183.7236 273.9515 235.8362 1.6765 1.7061 4.4298 -13.5668 1.8039 25.3170 1.4642 0.8878
Car -1 -1 -0.9001 0.0000 205.9328 291.8290 370.0000 1.4800 1.5904 3.8749 -3.1201 1.6719 3.3176 -1.6070 0.8289
Car -1 -1 -1.2974 329.6251 174.1161 382.9703 205.0684 1.4340 1.5614 3.4896 -12.0995 1.1397 34.5407 -1.6296 0.4886
