Pedestrian -1 -1 -1.3259 664.3255 175.7702 693.1862 236.4635 1.6335 0.5982 0.9052 1.8644 1.7168 19.9933 -1.2352 0.4221
Pedestrian -1 -1 3.2126 31.7323 184.2381 62.4783 247.7565 1.7356 0.6959 0.6331 -15.9110 2.0643 20.3445 2.5551 0.4044
Pedestrian -1 -1 3.4313 256.1348 183.3521 278.5660 222.2859 1.7694 0.6914 0.7724 -15.8978 2.2616 33.4043 2.9898 0.3286
Pedestrian -1 -1 1.4368 245.1286 186.6146 266.7049 227.7287 1.7515 0.7457 0.8404 -15.5832 2.3665 31.6652 0.9824 0.3210
Pedestrian -1 -1 1.1860 984.1409 114.2588 1103.5886 329.2644 1.7628 0.6269 0.8122 3.7305 1.2828 6.3552 1.6963 0.3173
Pedestrian -1 -1 -2.2091 690.9827 162.5482 744.4855 230.5493 1.7304 0.5577 1.5997 2.7971 1.4685 19.1943 -2.0674 0.1568
Pedestrian -1 -1 -1.5187 1049.9586 148.0535 1076.9850 221.3871 1.7523 0.4999 1.7440 11.3380 1.1601 18.0982 -0.9666 0.1186
Pedestrian -1 -1 2.5168 659.3572 163.4760 730.5696 235.8016 1.7470 0.5849 1.7713 2.0935 1.5209 18.1151 2.6292 0.1173
Cyclist -1 -1 2.5217 657.9847 156.1700 729.0862 228.9571 1.7571 0.5849 1.7631 2.0557 1.3547 18.1002 2.6323 0.4664
Cyclist -1 -1 -2.6110 691.4011 162.8782 771.2734 243.8423 1.7627 0.4738 1.8008 2.6974 1.5459 16.4618 -2.4523 0.4363
Cyclist -1 -1 -2.1721 692.0486 160.6026 744.6575 227.9980 1.7119 0.5691 1.6015 2.8093 1.4011 19.1694 -2.0295 0.4049
Cyclist -1 -1 -1.5187 1049.9586 148.0535 1076.9850 221.3871 1.7523 0.4999 1.7440 11.3380 1.1601 18.0982 -0.9666 0.3765
Cyclist -1 -1 -1.3490 664.4744 175.7158 692.9790 236.2226 1.6282 0.5988 0.9386 1.8650 1.7101 20.0034 -1.2583 0.1030
Car -1 -1 -1.3405 311.0507 179.6335 496.1910 316.1880 1.5852 1.6666 4.0023 -2.8254 1.7042 10.5956 -1.5959 0.9536
Car -1 -1 2.1545 0.0000 197.0195 167.1004 280.1554 1.5720 1.5780 3.9509 -12.3089 2.2027 16.8126 1.5299 0.9534
Car -1 -1 -1.6554 587.4458 176.3912 617.2672 201.8664 1.5642 1.6198 3.6465 -0.5621 1.8028 46.7183 -1.6679 0.7971
Car -1 -1 1.6901 459.6417 185.5774 487.9473 208.4142 1.6072 1.6794 3.7649 -10.3464 2.6093 54.8681 1.5041 0.6676
Car -1 -1 2.1905 48.1156 162.0715 133.1962 196.1558 1.9285 1.7953 4.5716 -30.9282 1.3188 43.1072 1.5709 0.6023
