Car -1 -1 -1.3312 336.8103 187.3729 404.8887 226.6014 1.3236 1.6034 3.3117 -8.5777 1.4083 26.1501 -1.6455 0.9223
Car -1 -1 -1.3917 462.5022 180.0010 518.8209 221.9416 1.5562 1.5745 3.6558 -4.6117 1.3639 28.5128 -1.5510 0.9196
Car -1 -1 -1.3643 376.0520 187.2189 480.0031 259.1017 1.5141 1.5930 4.1165 -4.2308 1.5693 17.3346 -1.6005 0.9065
Car -1 -1 -1.5949 579.2657 178.0774 609.4872 206.5945 1.5250 1.6004 3.1030 -0.8054 1.1444 40.0244 -1.6153 0.7992
Car -1 -1 -1.1749 214.7247 183.8078 343.6250 246.5212 1.4658 1.6090 4.0361 -8.4728 1.4340 18.8331 -1.5926 0.7131
Car -1 -1 -1.3313 310.1240 175.7149 365.3815 208.0097 1.4263 1.5400 3.9012 -12.6417 1.0078 33.7717 -1.6871 0.7055
Car -1 -1 -1.3519 413.5476 180.8561 460.3160 210.9156 1.4771 1.5840 3.7017 -8.8065 1.2640 37.1804 -1.5832 0.6882
Car -1 -1 1.6294 489.7997 179.0259 525.5433 208.4386 1.4965 1.6654 4.1327 -5.3649 1.1827 38.6965 1.4922 0.6456
Car -1 -1 1.4177 516.8419 178.9243 548.4850 203.6862 1.5811 1.5619 3.5711 -5.0521 1.1805 47.8231 1.3126 0.5525
Car -1 -1 -1.3752 391.1418 177.7150 427.9197 201.3731 1.4757 1.5693 3.9590 -12.8961 1.0090 46.8676 -1.6426 0.4231
