Pedestrian -1 -1 -2.5040 1049.4417 147.4745 1110.1260 234.4554 1.8055 0.5583 0.9456 10.0395 1.2791 15.5163 -1.9387 0.7544
Pedestrian -1 -1 -0.2996 535.3154 182.5771 559.6204 227.0602 1.6626 0.6291 0.7742 -2.4372 2.0408 27.5947 -0.3876 0.2477
Pedestrian -1 -1 2.1913 129.9589 179.9302 184.2689 258.0575 1.8329 0.6552 1.0039 -11.0429 2.0104 17.5412 1.6359 0.1655
Cyclist -1 -1 -1.0714 657.3800 174.9243 690.7426 220.9040 1.6572 0.4993 1.6823 2.3597 1.7372 26.9174 -0.9856 0.2984
Cyclist -1 -1 0.6350 1046.7062 150.0316 1110.3215 237.5503 1.8195 0.5945 0.9901 10.0438 1.3454 15.5667 1.1990 0.1768
Car -1 -1 1.9309 673.6229 171.0493 721.8521 199.7929 1.7681 1.7084 4.2639 5.6936 1.6575 46.6669 2.0511 0.2663
Car -1 -1 0.3847 916.8351 166.0321 971.3373 185.4490 1.5310 1.6182 3.6919 27.1678 0.9935 58.7885 0.8155 0.2312
Car -1 -1 0.4193 1011.2573 168.2788 1071.6874 189.4269 1.4862 1.5629 3.4389 31.3640 1.1650 52.5593 0.9547 0.2206
Car -1 -1 -1.9470 214.9928 183.1827 265.2290 207.8227 1.5152 1.6490 3.9067 -24.5991 2.2283 47.8770 -2.4197 0.1689
Car -1 -1 1.3835 1081.9214 166.0505 1145.6763 202.3672 1.4065 1.5431 3.3108 20.6643 1.1434 29.7678 1.9855 0.1605
Car -1 -1 -1.6434 187.6297 181.9448 220.9144 206.4630 1.5333 1.6654 4.3536 -27.6621 2.1807 49.0821 -2.1546 0.1424
Car -1 -1 -2.5437 1019.4955 154.2294 1103.5487 185.6831 1.7423 1.7808 3.8078 26.2123 0.7110 42.0676 -1.9897 0.1394
