Pedestrian -1 -1 -1.1657 624.3293 140.7947 658.6027 218.0151 1.7365 0.5437 0.7433 0.8094 0.8453 16.3485 -1.1150 0.7490
Pedestrian -1 -1 -2.0868 747.0020 166.2846 847.5040 338.4155 1.5836 0.7269 0.6305 1.8114 1.4545 6.9003 -1.8393 0.7134
Pedestrian -1 -1 0.7238 582.9171 134.7401 638.5142 236.6122 1.7582 0.6111 0.7918 0.0572 0.9701 12.6897 0.7304 0.5828
Pedestrian -1 -1 1.2737 528.7482 130.6500 579.8036 236.1002 1.7824 0.6797 0.8445 -0.9485 0.9414 12.4623 1.2019 0.5771
Pedestrian -1 -1 1.5865 405.0307 140.5465 424.9464 194.0898 1.8988 0.6793 0.9194 -6.8998 0.4834 25.5963 1.3285 0.5481
Pedestrian -1 -1 -1.1169 638.8091 141.9024 669.6315 203.6046 1.8311 0.6234 0.8569 1.4695 0.6872 21.5046 -1.0476 0.5395
Pedestrian -1 -1 1.3129 563.9847 134.1340 605.4896 229.0902 1.7785 0.6277 0.7676 -0.4435 0.9117 13.6946 1.2835 0.5318
Pedestrian -1 -1 -2.0020 690.6846 171.0844 782.4116 345.1641 1.5294 0.5751 0.7617 1.1672 1.4483 6.6493 -1.8342 0.4840
Pedestrian -1 -1 0.9268 424.4962 146.9750 459.3611 211.0622 1.8195 0.5590 0.9045 -4.7820 0.8693 20.5744 0.7039 0.4525
Pedestrian -1 -1 0.9752 390.9879 137.1884 425.8058 202.8929 1.8412 0.5811 0.8634 -5.6843 0.6291 20.3096 0.7086 0.4313
Pedestrian -1 -1 -1.4591 112.4827 151.8291 165.0513 264.0872 1.7942 0.6497 0.6939 -7.7799 1.3376 11.7505 -2.0296 0.3457
Pedestrian -1 -1 1.4560 498.2198 146.4378 523.7535 210.1738 1.8389 0.6513 0.8949 -2.8204 0.8577 20.9079 1.3260 0.3048
Pedestrian -1 -1 2.2369 461.4803 140.0544 497.9150 205.5034 1.8588 0.6630 0.8483 -3.6808 0.7117 20.6062 2.0650 0.2983
Pedestrian -1 -1 0.9578 234.3252 136.7314 288.3470 241.6406 1.7269 0.6135 0.5691 -5.8947 1.0081 12.0405 0.5152 0.2692
Cyclist -1 -1 0.6060 242.3121 138.7525 345.5683 248.3950 1.7542 0.5000 1.5642 -5.1918 1.0879 11.7082 0.2008 0.4239
Cyclist -1 -1 0.6055 415.3987 143.8707 456.6180 209.5023 1.8674 0.5711 1.0240 -4.9480 0.8267 20.5653 0.3750 0.1452
Cyclist -1 -1 0.6646 574.7058 135.1982 638.0259 240.2556 1.8093 0.6194 0.9611 -0.0217 1.0307 12.7119 0.6651 0.1136
Cyclist -1 -1 1.2959 562.0417 133.9357 606.4657 231.2896 1.8162 0.6394 0.9010 -0.4556 0.9491 13.7109 1.2657 0.1053
Cyclist -1 -1 0.9094 383.2180 136.8323 418.3818 201.0199 1.7941 0.5794 0.8326 -5.8805 0.5751 20.2370 0.6331 0.1014
Car -1 -1 1.8637 0.0000 8.6629 288.4990 370.0000 1.8206 1.6991 4.6169 -3.0383 1.4442 4.0092 1.2543 0.4416
