Pedestrian -1 -1 -1.7423 578.6180 161.2462 598.0640 201.1043 1.9024 0.7757 1.0392 -1.0956 1.3487 35.0224 -1.7738 0.2793
Pedestrian -1 -1 1.6818 260.6187 158.4607 281.6931 202.4197 1.8976 0.7399 0.9162 -14.9187 1.2766 31.6962 1.2449 0.2657
Pedestrian -1 -1 2.8449 774.6321 161.1965 830.7247 211.3177 1.7070 0.6108 1.7695 6.5983 1.3103 24.9128 3.1005 0.1081
Cyclist -1 -1 2.8449 774.6321 161.1965 830.7247 211.3177 1.7070 0.6108 1.7695 6.5983 1.3103 24.9128 3.1005 0.4554
Car -1 -1 2.5386 946.9952 173.2081 1144.6427 241.1255 1.4037 1.4767 3.4910 9.4027 1.4122 15.7849 3.0672 0.9628
Car -1 -1 -0.8139 1150.4481 174.2063 1242.0000 243.1971 1.4167 1.5567 3.9762 14.2868 1.4485 15.8024 -0.0885 0.7087
Car -1 -1 1.2622 106.8510 190.1249 209.1540 241.8857 1.4644 1.6743 4.1487 -14.9526 2.0799 23.7143 0.7044 0.6770
Car -1 -1 0.5236 191.7475 184.5665 302.2834 224.6787 1.5110 1.6071 3.5982 -14.3897 1.9908 28.6221 0.0612 0.6028
Car -1 -1 3.8066 0.0000 185.7921 85.1523 285.1248 1.8071 1.7370 4.1750 -13.2871 2.0839 14.4021 3.0706 0.5613
Car -1 -1 1.7143 471.6521 157.7231 523.2670 196.7765 1.7275 1.7935 4.4206 -5.2839 1.0586 34.1327 1.5615 0.3312
Car -1 -1 0.3645 173.5718 154.4191 278.2024 188.3886 1.5034 1.6071 3.9041 -17.5149 0.6879 32.9642 -0.1206 0.2817
