Pedestrian -1 -1 -1.8822 1120.4421 147.8778 1242.0000 348.2541 1.6290 0.6423 0.8592 4.9813 1.4263 6.3736 -1.2415 0.8011
Pedestrian -1 -1 -1.7375 491.7537 144.5761 540.2002 248.6708 1.7362 0.7066 0.8133 -1.6942 1.2649 12.5244 -1.8700 0.6125
Pedestrian -1 -1 1.9822 526.9196 170.6866 559.6190 237.9540 1.7345 0.6520 0.6538 -1.8023 1.6790 19.0144 1.8881 0.5372
Pedestrian -1 -1 -0.8919 633.3104 155.9645 648.7875 188.5962 1.9471 0.5885 0.7570 1.8410 0.9397 43.5302 -0.8502 0.2872
Cyclist -1 -1 -1.7854 1120.7279 151.5050 1240.3191 352.1786 1.6427 0.6463 0.8545 4.9841 1.4683 6.4260 -1.1483 0.1077
Cyclist -1 -1 -1.7845 489.0183 144.7442 537.6498 248.7123 1.7223 0.6473 0.9441 -1.7390 1.2570 12.5043 -1.9206 0.1040
Car -1 -1 3.2938 406.0743 171.5614 558.0305 231.8863 1.7303 1.7866 4.2609 -3.7840 1.6936 21.6284 3.1220 0.9390
Car -1 -1 2.5859 618.8113 171.9011 732.1149 209.4019 1.5257 1.7063 4.6816 2.8103 1.4873 31.1691 2.6744 0.9355
Car -1 -1 2.6985 0.0000 208.7924 120.3039 375.0000 1.5045 1.6350 3.9234 -4.0130 1.7268 2.3940 1.7153 0.3972
Car -1 -1 -0.8722 492.8632 171.0462 586.5447 212.3881 1.5230 1.6161 3.8230 -2.7575 1.4567 28.6101 -0.9680 0.2722
Car -1 -1 -2.1616 353.0597 182.1763 409.7688 207.6390 1.4963 1.6018 3.7320 -14.4682 2.1077 45.4987 -2.4681 0.2291
