Pedestrian -1 -1 1.6771 781.2292 136.0990 803.2872 191.6446 1.9071 0.6669 0.8487 6.3470 0.6455 25.2828 1.9202 0.3061
Pedestrian -1 -1 1.7952 1117.5806 140.3710 1156.3042 221.5379 1.8743 0.6060 0.7052 12.4552 1.1245 17.1194 2.4158 0.2051
Pedestrian -1 -1 0.2343 626.7805 175.5462 643.2047 200.8132 1.7665 0.6197 1.0450 1.7388 1.9587 50.9725 0.2677 0.1496
Pedestrian -1 -1 -0.4269 981.0173 153.6288 1005.5007 194.2935 1.9613 0.4924 0.9300 18.5861 1.0344 35.0692 0.0568 0.1137
Cyclist -1 -1 -1.0663 0.0000 205.2707 28.8187 244.4915 1.6701 0.4403 1.4454 -27.0812 3.1741 32.7138 -1.7540 0.1679
Cyclist -1 -1 1.3845 628.6491 175.4876 641.1348 201.0441 1.7681 0.6216 1.4348 1.7191 1.9568 50.8297 1.4176 0.1271
Car -1 -1 1.4622 571.7950 181.4467 603.9698 207.0294 1.5190 1.6438 3.8438 -1.4881 2.0938 46.2133 1.4296 0.6579
Car -1 -1 2.1503 0.0000 189.6061 217.6077 375.0000 1.5253 1.7109 4.5236 -6.6726 1.7783 8.5658 1.5033 0.2188
Car -1 -1 1.7662 427.0667 183.4224 475.1209 216.4735 1.4371 1.5404 3.7435 -7.5666 1.9699 34.4637 1.5512 0.1618
Car -1 -1 -0.3170 721.1303 154.8585 787.5300 179.2371 1.8100 1.7275 4.6279 10.8908 0.4743 54.7076 -0.1217 0.1119
Car -1 -1 1.4034 667.4517 163.8509 702.6562 192.7472 1.9053 1.7139 4.2772 5.0966 1.3121 49.7640 1.5045 0.1108
Car -1 -1 1.5688 332.2730 180.3560 354.2799 203.8171 1.8691 1.6952 4.2587 -22.6599 2.5300 61.2369 1.2154 0.1094
Car -1 -1 1.8439 355.6235 179.3733 391.2499 206.4815 2.2414 1.7755 4.6344 -20.6652 2.8335 63.1402 1.5285 0.1013
