Car -1 -1 -1.8866 727.6857 174.2531 935.2247 308.9897 1.5854 1.6423 3.9146 2.9042 1.6101 10.5284 -1.6257 0.9771
Car -1 -1 -2.2498 701.4021 176.3584 767.3137 207.5818 1.4472 1.3683 3.4030 6.0571 1.6296 35.6660 -2.0834 0.9184
Car -1 -1 -2.6648 163.3297 170.8441 386.6442 256.2079 1.6378 1.6602 3.8137 -6.7964 1.5996 14.7689 -3.0897 0.8986
Car -1 -1 -1.7742 620.5336 174.6310 653.9764 198.1555 1.4960 1.5599 3.3944 1.7453 1.6189 47.9569 -1.7385 0.7835
Car -1 -1 3.4211 262.0312 183.7576 460.3376 249.2567 1.4503 1.6498 4.1732 -5.8541 1.7244 17.1959 3.0971 0.7677
Car -1 -1 3.5658 103.5816 172.7964 367.4408 265.7622 1.4681 1.5361 3.6667 -6.2486 1.4675 12.2318 3.1018 0.7068
Car -1 -1 -2.8835 369.9239 174.9926 470.1611 219.0402 1.5877 1.5825 3.3166 -7.0658 1.6701 26.8787 -3.1386 0.6470
Car -1 -1 2.2424 0.0000 147.7437 245.8204 375.0000 1.4750 1.6286 3.7897 -3.8857 1.3960 4.2064 1.5277 0.6033
Car -1 -1 -2.8030 295.8860 178.4266 449.7158 235.1118 1.4718 1.5577 3.6862 -6.4538 1.6309 19.7206 -3.1158 0.3584
Car -1 -1 2.0291 330.2989 165.2720 373.8179 188.9742 1.8384 1.7610 3.8686 -20.6997 1.2507 57.9854 1.6875 0.3297
