Cyclist -1 -1 -0.7702 870.7770 164.3449 925.6209 217.2535 1.7697 0.6442 1.8145 9.9361 1.0727 24.6842 -0.3918 0.4409
Car -1 -1 -1.5531 711.9451 178.9828 766.4413 229.5480 1.6205 1.7305 3.4522 4.5298 1.4219 24.8956 -1.3755 0.9497
Car -1 -1 -1.3187 116.2880 199.5071 176.9972 234.9201 1.5627 1.6056 3.8314 -22.6924 2.3100 35.4589 -1.8851 0.7834
Car -1 -1 2.1569 0.0000 213.1518 102.2324 351.8709 1.3808 1.5646 3.8462 -8.9967 1.8477 9.9722 1.4360 0.7376
Car -1 -1 1.7124 790.6969 177.1335 821.8359 198.7784 1.5069 1.6582 3.8504 14.4112 0.9454 52.1392 1.9803 0.7362
Car -1 -1 -1.0331 0.0000 212.4400 108.0612 280.3492 1.3685 1.6566 3.8419 -14.6015 2.1320 18.1124 -1.7049 0.7333
Car -1 -1 -1.4424 352.1212 182.2965 383.6222 205.7091 1.5785 1.6337 3.7022 -16.8089 1.3828 50.4354 -1.7630 0.6514
Car -1 -1 2.0755 0.0000 188.2726 111.9639 234.9770 1.5529 1.6746 4.3347 -20.3652 1.6763 26.4616 1.4241 0.5932
Car -1 -1 -1.3382 364.7572 173.9174 394.4406 194.5081 1.6563 1.5815 3.4997 -18.9015 0.7486 59.6249 -1.6442 0.5276
Car -1 -1 1.7320 319.8535 186.2724 360.0226 213.8067 1.5294 1.6276 3.6770 -15.6347 1.5952 42.0362 1.3776 0.4044
