Pedestrian -1 -1 -1.6589 830.5175 149.8248 862.6927 228.4540 1.7307 0.6210 0.7501 5.2905 1.2242 16.3126 -1.3510 0.6193
Cyclist -1 -1 -3.1777 736.9917 172.4852 768.7367 205.0857 1.7751 0.6463 1.6905 7.8227 1.7554 39.7357 -2.9852 0.5211
Car -1 -1 -2.1177 795.5432 175.7209 1200.2435 375.0000 1.4777 1.4889 3.3715 2.9693 1.5107 6.4445 -1.7043 0.9817
Car -1 -1 -2.7535 322.2249 177.1665 419.7433 209.8415 1.6057 1.7367 4.3842 -12.1619 1.8318 36.7437 -3.0713 0.9481
Car -1 -1 1.9483 163.1633 192.1756 342.6330 299.5191 1.4645 1.4870 3.5698 -5.9273 1.8440 12.3273 1.5079 0.9438
Car -1 -1 -1.8533 736.5002 176.9543 889.7500 278.5058 1.4202 1.5009 3.3141 3.1262 1.4978 11.9043 -1.6035 0.9410
Car -1 -1 2.2167 0.0000 205.0496 208.7997 375.0000 1.5461 1.5883 3.8687 -5.9060 1.9558 7.2188 1.5487 0.9254
Car -1 -1 1.2439 282.9857 182.8660 327.5226 207.8978 1.4847 1.5790 3.5103 -19.5281 2.1503 46.1008 0.8450 0.4464
Car -1 -1 1.3760 237.7454 186.7857 280.5671 213.7747 1.5457 1.6587 4.2198 -22.3190 2.4719 45.7601 0.9242 0.4447
Car -1 -1 -0.3380 780.9153 172.0928 864.1341 201.5154 1.4748 1.5458 3.7992 10.8355 1.4370 37.0412 -0.0559 0.3881
Car -1 -1 -1.0968 60.5729 180.7363 235.8185 255.5260 1.5320 1.6509 4.5665 -11.0386 1.7503 17.6119 -1.6501 0.3525
