Pedestrian -1 -1 -1.0840 786.8351 163.3073 805.1840 197.0511 1.7854 0.6956 0.7166 10.2306 0.8772 37.9054 -0.8207 0.3816
Pedestrian -1 -1 -1.6371 281.6955 181.1829 315.6064 261.7382 1.5921 0.5911 0.7692 -6.3112 1.6081 14.4535 -2.0391 0.3285
Pedestrian -1 -1 -1.3946 305.1872 180.9865 329.9345 226.4556 1.6556 0.6928 0.9559 -10.7062 1.6755 26.2889 -1.7756 0.2194
Pedestrian -1 -1 -1.4081 126.3250 156.9597 149.4367 201.8076 1.9011 0.7229 0.7051 -20.1243 0.9047 30.4358 -1.9856 0.2151
Pedestrian -1 -1 -1.3100 493.0045 158.1366 508.9828 191.9060 1.8215 0.6878 0.7631 -5.6784 0.6167 38.5529 -1.4531 0.2120
Pedestrian -1 -1 -3.0566 980.7792 148.7676 1030.6526 219.5718 1.7855 0.5289 1.0883 10.3621 0.9869 18.3485 -2.5482 0.2082
Pedestrian -1 -1 2.8962 510.1265 164.9901 521.5128 186.7860 1.8726 0.4907 0.8846 -7.6927 0.5413 61.1309 2.7735 0.1950
Cyclist -1 -1 -1.9821 876.8563 156.8768 904.2424 194.3030 1.7273 0.5044 1.8442 13.5192 0.6385 33.5556 -1.6006 0.6016
Cyclist -1 -1 -1.4040 310.1954 175.0351 336.8180 219.5092 1.6422 0.6357 1.8906 -10.7952 1.4420 27.0937 -1.7774 0.2791
Cyclist -1 -1 -3.0647 978.4341 148.2039 1034.5945 221.2049 1.8304 0.5634 1.2276 10.3524 1.0222 18.2971 -2.5555 0.2333
Car -1 -1 1.1633 461.7482 173.0845 525.6797 207.4306 1.4591 1.5590 3.5955 -5.1012 1.1455 31.9676 1.0084 0.9246
Car -1 -1 2.0579 77.9819 185.8281 229.4424 251.6078 1.7010 1.7860 4.6496 -13.2115 1.8790 21.0411 1.5055 0.9233
Car -1 -1 -0.9044 0.0000 204.0296 288.3174 370.0000 1.4881 1.5863 3.8897 -3.1399 1.6664 3.3246 -1.6134 0.8370
Car -1 -1 -0.4848 1170.9896 143.4030 1224.0000 197.0159 1.5906 1.6813 4.1123 20.6761 0.4916 22.3083 0.2573 0.7701
Car -1 -1 3.5055 223.9130 179.7008 338.6615 221.9681 1.5486 1.6051 3.6230 -12.2275 1.5209 26.8068 3.0837 0.2336
