Car -1 -1 -1.7407 691.1299 174.4265 811.4495 268.9281 1.6381 1.6730 3.8994 2.6306 1.6744 14.5231 -1.5661 0.9713
Car -1 -1 0.4785 94.9064 189.6000 374.1465 286.4204 1.4847 1.5577 3.8977 -6.2274 1.7856 12.1438 0.0130 0.9429
Car -1 -1 -1.7117 667.1789 179.6476 748.9774 238.5235 1.4701 1.6931 4.2720 2.6410 1.6852 20.6588 -1.5872 0.9325
Car -1 -1 3.4759 184.1918 180.4127 409.9799 262.9644 1.5424 1.5818 3.8744 -6.2227 1.7048 14.5575 3.0780 0.9126
Car -1 -1 -1.7302 649.4626 176.4386 700.5080 219.1879 1.6344 1.5445 3.4520 2.5711 1.7910 29.6608 -1.6452 0.9115
Car -1 -1 -2.1645 866.0082 185.0903 1242.0000 375.0000 1.4430 1.5823 3.6572 2.7295 1.5384 3.7714 -1.5753 0.8954
Car -1 -1 3.8349 0.0000 161.6117 217.5615 358.5883 1.6588 1.7044 4.1059 -6.3772 1.5645 6.9827 3.1137 0.8343
Car -1 -1 0.5909 0.0000 205.0882 314.6971 329.0275 1.4295 1.6204 4.1808 -6.4038 1.8963 9.5980 0.0149 0.7684
Car -1 -1 -1.6884 635.7618 177.1744 667.4352 204.4885 1.5571 1.5080 3.3643 2.4333 1.8277 43.4024 -1.6333 0.7399
Car -1 -1 -1.1469 143.8287 158.8072 227.3696 201.3781 1.7444 1.6756 3.9226 -18.5111 1.1692 31.6001 -1.6733 0.6959
Car -1 -1 0.3637 235.5786 179.9135 424.8903 244.4247 1.4475 1.5849 3.8884 -6.5989 1.6236 17.1563 0.0012 0.6734
Car -1 -1 0.1965 419.4043 169.2451 500.0712 202.0176 1.4778 1.5451 3.4107 -6.9347 1.3154 33.3176 -0.0074 0.6293
