Pedestrian -1 -1 2.9889 565.8608 150.0924 606.4904 195.9350 1.8280 0.5421 1.5778 -1.0091 0.9207 29.1829 2.9543 0.2094
Cyclist -1 -1 1.7354 333.9665 174.1181 397.0428 299.2841 1.7212 0.5819 1.9814 -3.7245 1.7426 10.9640 1.4144 0.9312
Cyclist -1 -1 2.9632 566.7188 148.0538 609.3463 194.4228 1.8514 0.5101 1.6616 -0.9342 0.8615 29.2293 2.9312 0.4590
Car -1 -1 -1.9314 663.9265 183.1615 839.4794 301.9226 1.5992 1.6102 3.6332 2.1038 1.7985 11.9864 -1.7632 0.9733
Car -1 -1 -1.7971 562.4014 185.1717 625.3211 232.5577 1.5668 1.6068 3.2847 -0.6987 2.0515 26.5769 -1.8239 0.9523
Car -1 -1 -0.7852 617.7889 178.8722 691.9936 208.5469 1.4717 1.6000 3.9896 2.3951 1.8091 38.4810 -0.7241 0.8244
Car -1 -1 2.2761 727.9304 176.7808 785.1108 202.3313 1.5099 1.5573 3.5534 9.1000 1.7639 44.8746 2.4745 0.8147
Car -1 -1 2.5111 506.3319 181.7801 575.7138 208.9850 1.4569 1.5696 3.7972 -3.9885 1.9960 41.6978 2.4158 0.6444
Car -1 -1 -0.8732 676.7448 180.8420 739.2144 208.1759 1.4670 1.5589 3.7036 5.6457 1.9483 41.6120 -0.7398 0.5260
Car -1 -1 1.6463 863.1914 174.3910 898.1944 202.9302 1.5299 1.5989 3.6261 15.3310 1.6215 40.8706 2.0024 0.4937
Car -1 -1 2.1837 242.2507 169.2864 289.7999 193.2887 2.0102 1.7112 4.0320 -29.7859 1.7118 62.5595 1.7408 0.3683
Car -1 -1 -1.1150 768.7327 176.6659 816.6036 200.7332 1.5108 1.5998 3.7428 12.1153 1.7743 47.8539 -0.8689 0.3524
