Pedestrian -1 -1 2.8907 219.6047 180.2930 252.5198 226.2652 1.7875 0.6903 1.0304 -14.9913 2.0914 28.8461 2.4149 0.2160
Pedestrian -1 -1 0.4250 0.0000 194.0279 15.3751 236.4688 1.7065 0.6458 0.7419 -25.2364 2.5944 29.8310 -0.2729 0.1537
Cyclist -1 -1 0.0714 254.7316 180.4178 298.8907 221.3878 1.7983 0.5961 1.7661 -15.0192 2.1453 32.4745 -0.3590 0.8317
Cyclist -1 -1 2.2777 212.9317 180.4881 260.8326 226.2951 1.7558 0.6986 1.8064 -14.9791 2.0725 28.9336 1.8035 0.2497
Car -1 -1 -1.5881 592.1966 173.9455 622.5349 202.9399 1.5465 1.6258 4.0366 -0.2239 1.6115 40.6734 -1.5940 0.8353
Car -1 -1 1.8771 387.1414 173.2111 460.6849 214.4341 1.4386 1.5461 3.9974 -6.9733 1.4535 27.2535 1.6286 0.6437
Car -1 -1 2.2598 1001.7706 160.6236 1068.7408 182.1523 1.5344 1.6686 4.6530 31.2165 0.6631 53.0078 2.7895 0.5093
Car -1 -1 0.3133 233.4451 186.1805 329.3672 220.5330 1.4585 1.5353 3.6159 -14.7057 2.0740 32.3410 -0.1107 0.1610
Car -1 -1 -1.4965 148.1937 178.0827 183.5225 207.1018 1.8401 1.7245 4.1337 -30.0072 2.2102 48.7860 -2.0458 0.1547
Car -1 -1 -1.8804 781.9228 162.3210 847.2254 201.1847 1.7129 1.7459 4.1562 9.4835 1.2490 33.9097 -1.6103 0.1535
