Pedestrian -1 -1 0.8927 799.9900 170.8243 835.4468 235.2762 1.7459 0.5346 0.8405 5.7137 1.6913 20.0340 1.1659 0.7069
Pedestrian -1 -1 1.6472 902.0394 162.3403 927.9626 223.0802 1.7233 0.6372 0.8599 8.8336 1.4253 20.9959 2.0399 0.4857
Pedestrian -1 -1 -1.8551 725.1904 173.9412 741.7851 206.1564 1.7249 0.7206 0.6838 6.6424 1.7847 39.0393 -1.6883 0.2246
Pedestrian -1 -1 -0.3973 792.1286 165.3396 814.6262 205.6364 1.7745 0.6595 0.7718 8.5731 1.4440 32.1513 -0.1394 0.1932
Pedestrian -1 -1 2.6527 731.0034 162.7589 747.2433 190.9674 1.9069 0.4768 0.9799 8.7659 1.2249 49.1524 2.8278 0.1823
Pedestrian -1 -1 2.1506 353.6488 174.7346 363.4863 196.0664 1.9238 0.4192 0.9027 -22.8923 2.0965 65.6424 1.8160 0.1420
Cyclist -1 -1 -1.6082 680.4985 176.3189 687.8003 201.1425 1.6375 0.4291 1.5133 4.9584 1.8749 48.5782 -1.5076 0.2085
Cyclist -1 -1 1.6472 902.0394 162.3403 927.9626 223.0802 1.7233 0.6372 0.8599 8.8336 1.4253 20.9959 2.0399 0.1678
Car -1 -1 2.2638 0.0000 182.5525 55.5382 262.8488 1.4649 1.5780 3.8516 -14.2457 1.7011 15.5883 1.5318 0.4690
Car -1 -1 0.9717 1182.8115 186.9226 1242.0000 215.7691 1.6555 1.6826 3.9745 38.3509 2.5827 45.4744 1.6686 0.2582
Car -1 -1 2.0171 242.8592 179.9774 294.8926 205.6895 1.7629 1.7946 4.2056 -24.8904 2.3049 52.7463 1.5779 0.1429
