Car -1 -1 -1.8637 718.2825 170.7904 900.4471 298.6228 1.5758 1.5912 3.3831 2.6750 1.5507 10.6237 -1.6247 0.9627
Car -1 -1 0.5914 0.0000 173.2058 338.6632 306.4543 1.5548 1.6271 4.3533 -6.0321 1.5601 9.2962 0.0285 0.9483
Car -1 -1 0.4673 96.7623 173.0707 380.2319 279.7586 1.6573 1.6206 3.8978 -6.0929 1.6615 12.0329 0.0070 0.9412
Car -1 -1 3.5451 137.5168 150.7814 370.8442 241.7212 1.6919 1.6766 3.8079 -6.9753 1.2816 14.3394 3.0993 0.9401
Car -1 -1 -1.7203 660.9898 179.2624 722.1267 223.9064 1.3678 1.5393 3.3759 2.6340 1.5995 24.3179 -1.6144 0.9361
Car -1 -1 -0.1870 711.3042 172.3140 823.8134 215.0473 1.6951 1.7673 4.2401 6.3387 1.6741 29.5483 0.0217 0.9125
Car -1 -1 0.2924 299.0520 178.8224 465.7388 236.8459 1.5095 1.5745 4.0669 -6.1818 1.6798 19.7370 -0.0078 0.8971
Car -1 -1 0.2809 347.1475 177.8962 495.3229 232.0135 1.5756 1.6092 4.0907 -5.7335 1.7360 22.0284 0.0287 0.8371
Car -1 -1 0.1479 445.7518 160.8810 528.1250 189.2831 1.5939 1.6448 4.4608 -7.0391 0.9224 41.3565 -0.0199 0.7417
Car -1 -1 2.2884 0.0000 165.5386 129.3968 375.0000 1.5103 1.6055 3.8018 -4.3193 1.4945 3.5723 1.4453 0.6491
Car -1 -1 3.2759 391.7614 172.4391 489.3886 209.5465 1.4550 1.5678 3.6740 -6.8445 1.4391 29.2419 3.0476 0.5567
Car -1 -1 -1.8307 623.5493 175.1883 655.9004 195.5178 1.5732 1.6765 3.8397 2.3423 1.7690 58.3614 -1.7912 0.5307
