Car -1 -1 -1.2117 216.6771 186.4903 423.9261 305.5136 1.4730 1.6047 3.7654 -4.1082 1.4966 10.8186 -1.5667 0.9682
Car -1 -1 -1.4155 437.1055 185.2641 506.5794 233.3468 1.3798 1.6115 3.3699 -4.1837 1.3826 22.3359 -1.5989 0.9555
Car -1 -1 -1.6416 591.8289 178.9124 634.1106 214.3024 1.5296 1.6772 3.4982 0.1545 1.2583 32.8679 -1.6374 0.9553
Car -1 -1 -1.4495 487.3118 183.7007 537.3595 221.1235 1.4550 1.5900 4.0151 -3.9437 1.3972 29.9599 -1.5796 0.9153
Car -1 -1 -0.9266 0.0000 190.0135 187.7487 312.9339 1.4297 1.5978 4.0580 -8.1932 1.5148 10.5479 -1.5748 0.8702
Car -1 -1 -2.3126 938.8892 190.3587 1241.0000 376.0000 1.4678 1.5771 3.7226 3.2279 1.5072 3.4559 -1.6007 0.8384
Car -1 -1 -1.1115 178.1131 163.1775 323.0099 242.0868 1.6702 1.5784 3.6913 -8.3430 1.2049 17.0655 -1.5601 0.8260
Car -1 -1 -1.2492 311.6437 165.2524 406.7317 217.0106 1.6206 1.7083 4.6130 -8.4695 0.9967 24.8147 -1.5750 0.7700
Car -1 -1 -1.3928 413.3466 179.4286 463.8624 211.9405 1.4273 1.6064 4.0204 -7.8696 1.1744 33.6035 -1.6214 0.7655
Car -1 -1 1.7871 583.8980 176.2107 626.1446 203.4253 1.4876 1.6087 4.0355 -0.1321 0.9965 41.4333 1.7835 0.5855
Car -1 -1 1.4719 635.8455 176.7995 664.8118 200.9511 1.5546 1.5945 3.3959 2.7870 1.0140 47.9984 1.5291 0.5361
