Car -1 -1 -0.2658 711.7232 181.5028 827.8651 227.7493 1.6353 1.7567 3.8917 5.8440 1.9694 26.8616 -0.0546 0.9727
Car -1 -1 -0.4645 828.2620 188.7155 1040.8074 264.9655 1.4437 1.5818 3.6985 6.5649 1.7920 14.9291 -0.0583 0.9684
Car -1 -1 -0.4307 795.7829 179.3148 976.4576 248.7960 1.5475 1.6105 3.6856 6.4477 1.7103 17.1904 -0.0783 0.9556
Car -1 -1 -3.7655 955.3423 179.6946 1242.0000 351.1172 1.4930 1.6181 4.1981 5.9056 1.5705 7.2440 -3.1020 0.9478
Car -1 -1 0.4426 109.9261 188.5730 401.0043 283.1934 1.4425 1.6053 4.0827 -5.8228 1.7234 12.0695 0.0011 0.9392
Car -1 -1 3.6488 0.0000 178.8350 316.1621 296.8047 1.4042 1.5865 4.0645 -6.3158 1.4917 9.5973 3.0791 0.9298
Car -1 -1 0.3706 270.0203 179.1474 461.2525 251.7625 1.5763 1.5745 3.8863 -5.6143 1.7300 16.6974 0.0504 0.9108
Car -1 -1 -1.6183 642.8958 182.2080 674.1736 208.5303 1.3859 1.5939 3.7367 2.6965 1.9449 41.2058 -1.5540 0.8593
Car -1 -1 3.3439 322.3770 172.4564 471.9821 227.3070 1.5682 1.5955 4.0521 -6.3142 1.5572 21.5823 3.0621 0.8565
Car -1 -1 0.3599 306.1289 179.1275 474.0193 239.3590 1.4922 1.5736 3.9235 -5.7598 1.6656 18.9839 0.0686 0.7673
Car -1 -1 0.0468 441.4870 181.0495 525.1234 215.1298 1.5743 1.6168 3.8953 -6.1100 1.9827 34.8767 -0.1258 0.7435
