Pedestrian -1 -1 -1.5710 524.9709 177.6974 536.7852 211.9858 1.6947 0.5831 0.8542 -4.0130 1.9414 36.2449 -1.6811 0.1466
Pedestrian -1 -1 1.9606 410.3725 137.1425 459.4337 241.7031 1.8982 0.5884 0.9327 -3.3388 1.2502 13.6017 1.7237 0.1325
Pedestrian -1 -1 -1.3292 60.7311 184.7558 139.9834 335.5243 1.7547 0.6589 0.6350 -6.3014 1.9083 8.8737 -1.9329 0.1265
Pedestrian -1 -1 -1.0994 1173.6267 78.3224 1242.0000 309.9227 1.7913 0.6127 0.7963 5.2295 1.0605 6.0170 -0.4077 0.1209
Car -1 -1 -2.0356 811.7511 188.5283 1242.0000 375.0000 1.4780 1.6415 4.1059 2.7190 1.6315 4.9874 -1.5623 0.9254
Car -1 -1 1.3490 689.5225 169.5746 734.2119 199.0026 1.5827 1.6466 4.0260 5.6770 1.4067 40.8799 1.4856 0.8955
Car -1 -1 -2.8294 347.0458 176.9798 444.0017 217.9853 1.5118 1.4678 3.2527 -8.1808 1.6740 27.5306 -3.1160 0.8919
Car -1 -1 1.5656 561.3740 174.5901 591.6672 202.7807 1.5533 1.6808 4.3500 -2.0089 1.6606 42.2430 1.5179 0.8232
Car -1 -1 -2.8950 435.1954 180.6030 526.0361 215.8822 1.4627 1.5945 3.5911 -5.6007 1.8085 31.2385 -3.0715 0.3222
Car -1 -1 -1.5242 535.8203 173.0072 563.0322 199.3268 1.6847 1.6311 3.9633 -4.0406 1.6957 48.2168 -1.6078 0.1726
Car -1 -1 -0.2444 676.3251 154.8477 744.9695 181.4470 1.8795 1.7524 4.6208 7.2103 0.6075 52.1006 -0.1078 0.1589
