Pedestrian -1 -1 -0.6544 939.9626 170.8618 1091.7650 374.0000 1.5910 0.7369 0.7147 3.1349 1.5161 5.5762 -0.1679 0.7686
Pedestrian -1 -1 -1.4256 153.2427 175.2163 178.2248 233.5282 1.7639 0.5333 0.9426 -13.5237 1.5749 22.2641 -1.9715 0.5185
Pedestrian -1 -1 -3.7639 1135.0653 83.5406 1238.0000 285.8866 1.8339 0.6686 0.7012 5.6414 0.9474 6.8565 -3.0992 0.3926
Pedestrian -1 -1 -2.2436 753.5026 158.8065 774.0092 201.0686 1.9164 0.6868 0.6115 7.4432 0.8883 32.9962 -2.0285 0.3406
Pedestrian -1 -1 1.5016 709.9073 161.4706 728.9557 209.0294 1.7761 0.6475 0.8763 4.4568 1.0292 27.2888 1.6569 0.2670
Pedestrian -1 -1 -1.9496 1133.0292 148.8689 1165.9363 206.4464 1.7969 0.6185 0.6794 17.3793 0.7797 22.8238 -1.3093 0.2481
Pedestrian -1 -1 1.1190 579.6240 131.3914 622.6583 219.8602 1.7985 0.5541 0.9231 -0.0526 0.7811 15.1372 1.1106 0.2102
Pedestrian -1 -1 1.8527 180.7169 176.4186 207.5884 227.7119 1.7521 0.6406 0.7140 -14.1669 1.5796 24.9566 1.3357 0.1803
Pedestrian -1 -1 -1.8810 656.3513 156.9443 672.3637 194.3740 1.8948 0.6702 0.5720 3.2078 0.6526 36.7158 -1.7994 0.1486
Pedestrian -1 -1 -2.0769 962.7330 158.7986 983.9747 199.7796 1.8286 0.6818 0.5174 16.7196 0.8166 32.3216 -1.6078 0.1427
Cyclist -1 -1 2.7963 780.4500 139.3915 807.8298 180.0084 1.9212 0.6505 1.1085 9.2078 -0.0713 34.3765 3.0514 0.1429
Cyclist -1 -1 -0.6154 934.0563 169.0765 1095.5841 374.0000 1.6101 0.7443 0.7985 3.1230 1.5223 5.5758 -0.1305 0.1065
Car -1 -1 -0.9044 986.2130 180.7923 1223.4307 276.1372 1.4615 1.5478 3.4594 8.5294 1.4520 12.2768 -0.3125 0.8016
