Pedestrian -1 -1 1.0118 0.0000 129.5169 79.6957 319.3755 1.8851 0.5601 0.9723 -6.2605 1.4552 7.5874 0.3390 0.3617
Pedestrian -1 -1 0.8987 279.4814 153.5278 357.7436 288.6042 1.7117 0.6128 0.7829 -3.9285 1.4672 9.6011 0.5193 0.1987
Pedestrian -1 -1 0.3716 599.2657 144.0918 650.3102 249.7768 1.7148 0.7272 0.6428 0.2045 1.2485 12.1626 0.3870 0.1620
Pedestrian -1 -1 -1.5581 1163.8083 167.8222 1193.3229 241.4880 1.7363 0.5518 0.7610 13.7196 1.6181 17.4737 -0.9011 0.1521
Pedestrian -1 -1 -2.5168 351.1558 146.7278 412.8679 245.4329 1.6866 0.5936 0.8537 -4.0730 1.2405 12.7425 -2.8207 0.1216
Cyclist -1 -1 -1.9872 7.4740 117.4075 118.8449 260.7825 1.6920 0.4989 1.6831 -7.0016 1.0380 9.1439 -2.6267 0.3394
Cyclist -1 -1 -1.8387 360.1022 144.8688 412.4474 245.9061 1.6908 0.5462 1.3600 -4.0348 1.2229 12.7922 -2.1388 0.1208
Car -1 -1 2.0342 921.9922 168.8416 1168.0293 291.6369 1.4697 1.5766 3.6421 6.2074 1.4220 10.2876 2.5639 0.9520
Car -1 -1 -0.8528 669.9644 162.4650 985.6684 322.2542 1.4405 1.5644 3.3758 2.4380 1.3472 8.0717 -0.5705 0.9009
Car -1 -1 -1.2255 1152.7292 166.4419 1242.0000 250.6090 1.4291 1.6051 3.7909 12.2615 1.3206 13.8779 -0.5126 0.6518
