Car -1 -1 -2.4833 0.0000 175.1764 247.1793 326.5672 1.6053 1.6026 3.7804 -6.6192 1.6357 8.4964 -3.1302 0.9577
Car -1 -1 0.5440 79.5366 179.3435 397.1225 287.1215 1.5087 1.6109 4.1595 -5.6804 1.6185 11.1909 0.0834 0.9488
Car -1 -1 -2.3103 722.9836 174.7747 808.2464 215.2624 1.5336 1.5495 3.3133 6.2212 1.6168 29.3203 -2.1038 0.9200
Car -1 -1 -1.7820 624.8793 174.1186 661.8528 201.1675 1.4922 1.4923 3.1677 1.8547 1.5685 41.6449 -1.7383 0.9137
Car -1 -1 3.4383 293.8531 173.6770 435.0151 227.2888 1.4727 1.5961 3.5177 -7.0065 1.4977 20.6881 3.1152 0.9040
Car -1 -1 -2.2068 844.3226 154.5094 1242.0000 375.0000 1.6078 1.6604 4.0138 2.9350 1.5514 4.2893 -1.6392 0.8910
Car -1 -1 -2.6705 126.7824 176.9599 374.6212 257.0908 1.4189 1.5746 3.9277 -6.7398 1.5018 13.6861 -3.1208 0.7530
Car -1 -1 3.3859 343.6792 161.1983 494.7462 219.4029 1.9593 1.8704 4.7991 -6.6201 1.5673 25.2454 3.1315 0.7177
Car -1 -1 3.3975 320.1101 176.9541 458.1209 226.9379 1.4961 1.6216 3.8510 -6.8871 1.6300 22.6196 3.1047 0.6850
Car -1 -1 3.2855 453.9799 174.8271 519.3814 201.3134 1.5891 1.6083 3.7635 -7.5599 1.7128 44.2633 3.1169 0.5639
Car -1 -1 3.2937 432.7283 173.3365 513.7679 202.3153 1.4666 1.5829 3.9327 -7.0775 1.4925 37.3991 3.1076 0.4667
