Car -1 -1 -1.7476 695.9781 185.4864 795.3289 259.8155 1.4810 1.5370 3.5739 2.9223 1.4889 16.1204 -1.5717 0.9777
Car -1 -1 -1.1652 109.2599 177.8733 401.3382 351.1232 1.4643 1.5091 3.4219 -3.5256 1.4034 7.7881 -1.5776 0.9606
Car -1 -1 -1.3325 363.5315 183.2956 487.4183 262.6241 1.4733 1.5985 4.1814 -3.7837 1.4388 15.4393 -1.5692 0.9581
Car -1 -1 -1.6645 638.8364 176.6373 675.5084 205.6835 1.5477 1.6514 4.2768 2.6994 1.0917 40.4599 -1.5987 0.8891
Car -1 -1 -1.4196 464.7270 178.8308 519.6586 220.4696 1.4562 1.5096 3.5458 -4.2981 1.2340 26.9135 -1.5768 0.8793
Car -1 -1 -1.6447 584.6202 177.0292 614.3804 201.8979 1.5099 1.5992 3.8607 -0.5867 1.0140 45.6347 -1.6579 0.8653
Car -1 -1 2.2592 0.0000 194.6753 141.1161 349.3192 1.4114 1.5745 3.8720 -7.7462 1.5534 8.7482 1.5496 0.7437
Car -1 -1 1.5439 510.6182 178.2200 539.3303 205.7066 1.4353 1.4648 3.2307 -4.5778 1.0711 39.2362 1.4281 0.6691
Car -1 -1 -1.3644 411.4651 165.2780 457.6790 195.1692 1.4528 1.5836 3.6325 -8.8322 0.4849 36.7732 -1.5987 0.5799
Car -1 -1 1.7805 350.4500 176.2513 409.5542 215.3945 1.3942 1.4616 3.3947 -8.6356 1.0761 27.3593 1.4774 0.5765
