Pedestrian -1 -1 -0.0197 483.6585 177.0493 494.9232 202.1592 1.7412 0.5796 0.7661 -8.4804 2.0373 50.5052 -0.1857 0.2956
Pedestrian -1 -1 -2.9377 641.6929 184.5686 659.0346 217.1084 1.7119 0.6089 0.8222 2.1279 2.3462 38.6430 -2.8838 0.2475
Pedestrian -1 -1 1.6446 742.0797 161.2057 778.0735 244.7311 1.8400 0.7428 0.9323 3.3792 1.5838 16.4411 1.8429 0.1938
Pedestrian -1 -1 -1.3960 351.7648 165.3600 368.9565 201.1014 1.8753 0.7290 0.8329 -13.2913 1.4825 38.3241 -1.7280 0.1449
Pedestrian -1 -1 -1.6249 665.1171 172.9812 681.2808 213.7962 1.8073 0.6823 0.6916 2.7857 1.8134 32.3046 -1.5403 0.1391
Cyclist -1 -1 1.8864 405.4739 188.0789 430.5252 232.8150 1.5821 0.4643 1.4719 -7.1556 2.1632 26.7715 1.6271 0.2599
Car -1 -1 -1.3084 284.6086 192.1612 441.4124 306.2272 1.4476 1.4955 3.3221 -3.7805 1.7991 11.4255 -1.6219 0.9725
Car -1 -1 1.7230 410.6083 184.0981 503.1532 258.4418 1.5707 1.6369 3.9978 -3.7165 1.8817 17.8955 1.5204 0.9622
Car -1 -1 1.6621 491.7859 184.6263 531.5176 217.9981 1.4284 1.5288 3.6903 -4.6331 2.0154 34.0806 1.5275 0.6239
Car -1 -1 1.7193 358.2373 175.0382 402.1917 205.7882 1.4758 1.6102 3.6496 -11.7079 1.5934 36.8277 1.4133 0.2952
Car -1 -1 1.5409 628.4583 171.8159 653.7488 196.2427 1.6375 1.6369 3.8861 2.1059 1.5683 50.3188 1.5820 0.1592
