Pedestrian -1 -1 3.0931 555.2237 162.9838 605.9989 280.1471 1.7879 0.7394 0.7657 -0.4440 1.5223 11.1855 3.0562 0.6125
Pedestrian -1 -1 -0.3552 993.7173 122.2739 1062.1558 249.0675 1.7095 0.4294 0.7060 5.8034 0.9262 9.7986 0.1675 0.4431
Pedestrian -1 -1 1.5714 281.4282 177.4016 314.8647 259.9805 1.6323 0.6118 0.7877 -6.3104 1.5727 14.4528 1.1694 0.4403
Pedestrian -1 -1 -0.5081 787.9662 162.9775 807.3004 196.1699 1.7534 0.6391 0.7835 10.2715 0.8292 37.7486 -0.2428 0.3064
Pedestrian -1 -1 -0.7588 0.0000 177.7568 19.8588 243.3896 1.7502 0.5673 0.6921 -16.5285 1.6786 19.2252 -1.4591 0.2788
Pedestrian -1 -1 3.1521 130.2610 116.0867 206.7576 256.0682 1.8490 0.5699 0.8810 -6.0821 0.9998 9.8023 2.6135 0.2567
Pedestrian -1 -1 -1.3541 118.5630 153.4410 138.0717 193.3299 1.9350 0.6838 0.5779 -23.3987 0.6238 34.6869 -1.9414 0.1957
Cyclist -1 -1 1.0396 873.7195 154.2480 906.8800 193.1939 1.7960 0.5286 1.9756 13.5279 0.5868 33.6168 1.4207 0.7025
Cyclist -1 -1 -1.9735 976.8127 140.5412 1025.8979 209.7137 1.7332 0.4414 1.8077 10.3791 0.7336 18.6319 -1.4706 0.6003
Car -1 -1 -0.8750 0.0000 208.8206 290.6099 370.0000 1.4756 1.5965 3.9156 -3.1604 1.6888 3.3011 -1.5906 0.8024
Car -1 -1 1.7439 446.5850 171.4738 483.5282 196.8809 1.5099 1.6213 3.7382 -8.6433 0.9748 43.8959 1.5526 0.7176
Car -1 -1 1.3987 636.7446 167.8503 662.3845 185.8222 1.5333 1.6255 3.8148 3.9149 0.4553 62.3033 1.4629 0.2869
