Pedestrian -1 -1 -3.1778 1050.9673 143.1373 1099.4772 248.2934 1.7453 0.6995 0.6624 8.0564 1.1269 12.2003 -2.6043 0.5134
Pedestrian -1 -1 -1.5790 280.8532 179.3794 315.5167 260.7796 1.6127 0.6360 0.7065 -6.3137 1.5921 14.4540 -1.9812 0.4689
Pedestrian -1 -1 -1.3827 117.3492 153.0125 137.1678 193.0257 1.9357 0.6839 0.6993 -23.4277 0.6074 34.6543 -1.9709 0.4026
Pedestrian -1 -1 -3.4807 992.7264 120.8366 1062.1975 249.1206 1.7298 0.4405 0.7189 5.8036 0.9270 9.8111 -2.9586 0.3994
Pedestrian -1 -1 3.2164 117.1303 108.5745 198.9535 248.5754 1.8455 0.6016 0.9087 -6.2122 0.8990 9.7901 2.6680 0.3740
Pedestrian -1 -1 -3.3031 775.2940 159.8393 794.0792 191.4309 1.7994 0.5710 0.9652 10.3054 0.6240 40.5933 -3.0546 0.2849
Pedestrian -1 -1 -1.1318 787.9720 162.8304 805.0541 197.5622 1.8386 0.6657 0.6621 10.2539 0.9046 37.8912 -0.8679 0.2340
Pedestrian -1 -1 -2.0122 977.0071 142.7134 1028.5508 211.3541 1.7137 0.4473 1.7811 10.3695 0.7719 18.5498 -1.5079 0.1004
Cyclist -1 -1 1.1366 876.2720 155.2395 905.1935 193.1512 1.7498 0.5084 1.9194 13.5443 0.5854 33.6000 1.5183 0.7637
Cyclist -1 -1 -2.0111 977.1815 139.5554 1026.5696 208.5448 1.7249 0.4101 1.7514 10.3536 0.7028 18.5602 -1.5077 0.6726
Car -1 -1 1.0004 481.1833 171.9817 577.8819 212.2637 1.4199 1.6810 4.1925 -2.9917 1.1212 27.0780 0.8935 0.9044
Car -1 -1 -0.8854 0.0000 207.7163 290.2833 370.0000 1.4896 1.5932 3.8866 -3.1515 1.6948 3.3176 -1.5973 0.8244
Car -1 -1 -1.7950 525.7195 162.6749 566.9260 188.4587 1.5408 1.6706 4.3157 -3.7532 0.4770 44.5554 -1.8765 0.2834
