Car -1 -1 -1.7922 660.9821 182.2801 733.7997 233.6515 1.4746 1.5766 3.4542 2.6788 1.8012 23.1720 -1.6794 0.9614
Car -1 -1 -2.8109 280.3108 187.2633 445.2648 247.1522 1.4759 1.6318 3.7852 -6.4686 1.8723 19.0045 -3.1353 0.9267
Car -1 -1 -2.5645 928.7812 187.9004 1235.7924 310.8971 1.4265 1.5433 3.5469 6.7298 1.6918 10.7709 -2.0191 0.9244
Car -1 -1 -1.6687 639.0270 182.5723 683.9433 218.0110 1.4535 1.6230 4.1240 2.2389 1.9240 32.8207 -1.6019 0.9130
Car -1 -1 3.6324 30.1305 192.2174 330.8080 297.5453 1.5479 1.6488 3.9224 -6.8984 1.8888 11.8051 3.1129 0.8911
Car -1 -1 0.6942 0.0000 148.3627 258.2169 353.4376 1.7049 1.7008 3.9461 -5.7926 1.5017 6.8711 0.0126 0.8589
Car -1 -1 3.5922 114.9174 189.5203 372.7414 277.7971 1.5952 1.7101 4.2172 -7.1202 1.9445 14.2325 3.1352 0.7842
Car -1 -1 -2.7923 363.7792 186.0044 483.8539 229.6185 1.4861 1.6126 3.9027 -6.7486 1.9817 26.1776 -3.0427 0.7650
Car -1 -1 0.0116 732.9825 161.6861 787.5405 182.6447 1.7330 1.7645 4.4514 12.6712 0.8099 60.9972 0.2152 0.6352
Car -1 -1 0.3463 399.6831 182.3474 494.3353 218.0557 1.4501 1.5595 3.6320 -6.9702 1.8693 30.8303 0.1253 0.5571
Car -1 -1 1.6205 491.1338 186.0677 524.9999 217.0003 1.4542 1.5592 3.7181 -5.2874 2.1762 37.4818 1.4808 0.5249
Car -1 -1 3.2920 452.4174 174.1233 520.7980 201.9680 1.5693 1.6417 3.6816 -7.1077 1.6444 41.5950 3.1234 0.5045
Car -1 -1 -2.5928 340.5946 187.9347 458.1335 236.5794 1.4790 1.5385 3.4362 -6.9907 2.0033 23.8700 -2.8753 0.4914
