Pedestrian -1 -1 1.3989 701.5532 164.3843 753.8729 281.4510 1.7129 0.6325 0.8776 1.8659 1.4638 10.9507 1.5580 0.8019
Pedestrian -1 -1 1.7405 801.1708 162.9763 840.3267 256.4338 1.8251 0.6323 0.8608 4.4115 1.4646 14.5508 2.0245 0.7546
Pedestrian -1 -1 1.8060 754.1370 169.5336 797.5470 255.1143 1.7580 0.7176 0.9036 3.6897 1.5135 15.3182 2.0331 0.7208
Pedestrian -1 -1 -1.3917 641.1744 167.1787 673.8960 231.7220 1.7438 0.7414 1.0495 1.5414 1.3580 20.0052 -1.3211 0.7205
Pedestrian -1 -1 1.2320 678.0569 175.3559 696.8876 217.3724 1.6870 0.5553 0.7023 3.4821 1.4413 29.2436 1.3443 0.6834
Pedestrian -1 -1 1.1333 678.8755 175.4047 723.0151 268.1164 1.8097 0.6020 0.7801 1.9593 1.6919 14.4822 1.2598 0.6730
Pedestrian -1 -1 -1.0140 407.1438 167.2554 463.9244 261.9588 1.8082 0.6771 1.0011 -3.3268 1.5375 14.2958 -1.2442 0.6387
Pedestrian -1 -1 -1.9185 779.4840 161.2638 813.6796 232.9772 1.8010 0.5857 0.8548 4.9817 1.2940 18.4907 -1.6642 0.5355
Pedestrian -1 -1 -0.2202 836.8950 165.9899 885.7502 263.0032 1.8120 0.5958 0.7610 4.9253 1.5235 13.7527 0.1122 0.4504
Pedestrian -1 -1 1.8552 698.9454 173.2937 737.0583 257.9774 1.7773 0.6446 0.7152 2.4890 1.6063 15.5336 2.0059 0.4137
Pedestrian -1 -1 0.0536 260.4573 178.4941 289.2280 233.4926 1.7350 0.6467 0.8113 -10.5241 1.6413 23.1073 -0.3748 0.4109
Pedestrian -1 -1 2.1615 361.2867 173.4196 405.0050 253.1479 1.5749 0.5428 0.7210 -4.4710 1.4165 14.6105 1.8641 0.4037
Pedestrian -1 -1 -1.5138 733.9731 167.7292 765.4805 246.4587 1.8662 0.7185 0.6981 3.5745 1.5410 17.4524 -1.3202 0.3274
Pedestrian -1 -1 -0.1135 531.5986 177.7993 572.1982 220.9276 1.7722 0.6086 1.6287 -2.0869 1.6211 29.9658 -0.1877 0.1902
Cyclist -1 -1 -2.3310 104.1751 201.0544 226.7074 310.2691 1.6070 0.5746 1.7818 -6.8769 1.9289 11.2622 -2.8748 0.6001
Cyclist -1 -1 -2.1086 0.0000 187.7151 84.2752 298.9674 1.6057 0.5389 1.8874 -8.8961 1.7074 11.0144 -2.7820 0.4155
Cyclist -1 -1 -0.1293 531.2703 178.8604 572.1334 222.5182 1.7922 0.6249 1.6307 -2.0944 1.6849 29.9572 -0.2037 0.4033
Cyclist -1 -1 -1.5569 644.8098 168.3959 669.6173 231.2834 1.6967 0.6682 1.1955 1.5251 1.3443 20.0016 -1.4871 0.2127
Cyclist -1 -1 -1.0140 407.1438 167.2554 463.9244 261.9588 1.8082 0.6771 1.0011 -3.3268 1.5375 14.2958 -1.2442 0.1252
Cyclist -1 -1 1.6524 800.4439 162.7197 836.6761 256.3321 1.8296 0.6447 0.8772 4.3710 1.4638 14.5614 1.9337 0.1127
Cyclist -1 -1 1.8161 756.1767 170.3794 800.8279 257.7201 1.7859 0.7130 0.9921 3.7406 1.5597 15.2894 2.0466 0.1090
Car -1 -1 1.6667 560.9528 177.9875 602.0971 211.0023 1.5061 1.6212 4.2534 -0.9182 1.3468 34.9428 1.6355 0.9521
Car -1 -1 0.8586 935.1576 198.0287 1238.0000 374.0000 1.4484 1.5893 3.7085 3.3718 1.5789 3.7421 1.5520 0.4997
