Pedestrian -1 -1 -2.8679 1143.3351 68.2708 1242.0000 341.9734 1.7169 0.6381 0.5096 3.9981 1.0612 4.9185 -2.2139 0.2861
Pedestrian -1 -1 -1.5483 400.2955 151.0838 416.1835 194.4571 1.9271 0.6732 0.6955 -9.1171 0.9602 32.4752 -1.8201 0.2192
Pedestrian -1 -1 -1.7647 412.3881 181.0951 432.9171 225.9672 1.6974 0.6631 0.6051 -7.2795 2.0208 27.8610 -2.0185 0.2056
Pedestrian -1 -1 1.9137 98.5462 134.2323 136.9902 200.9041 1.8977 0.7618 0.6022 -14.3109 0.7988 20.9210 1.3196 0.1953
Pedestrian -1 -1 -1.4323 688.0909 168.9866 702.5323 206.0794 1.7854 0.6162 0.6479 4.1165 1.5996 35.1177 -1.3171 0.1857
Pedestrian -1 -1 0.7412 1129.0657 63.0081 1242.0000 275.8631 1.8128 0.6136 0.8008 5.3037 0.8776 6.5895 1.3977 0.1517
Car -1 -1 1.8015 400.4066 177.7203 518.7496 264.4595 1.6779 1.6897 4.0972 -3.2756 1.8020 16.2643 1.6050 0.9600
Car -1 -1 -1.4832 533.2743 175.5379 561.4229 198.9578 1.4555 1.5341 3.3990 -4.0731 1.6367 46.9289 -1.5697 0.8068
Car -1 -1 -0.0523 419.8055 171.9072 499.6550 199.5311 1.5046 1.6271 4.3230 -8.5114 1.4534 40.6350 -0.2578 0.3540
Car -1 -1 -1.5249 492.2212 171.6225 517.0320 194.7787 1.6763 1.6641 4.0769 -7.9265 1.5875 54.3397 -1.6694 0.3013
Car -1 -1 -1.6432 537.2452 164.5108 563.0220 189.5285 1.8334 1.6613 4.0915 -4.6257 1.2223 55.0248 -1.7270 0.2275
