Pedestrian -1 -1 1.7509 817.7532 139.6286 845.6093 203.3872 1.8470 0.6586 0.8186 6.5373 0.8849 21.4139 2.0432 0.4117
Car -1 -1 1.7732 396.9773 173.8720 501.7700 256.4175 1.6337 1.5754 3.5894 -3.5092 1.6594 16.1240 1.5615 0.9558
Car -1 -1 1.3632 673.8185 180.2784 784.4818 256.1341 1.5014 1.6389 4.3386 2.5837 1.6987 16.9261 1.5111 0.9355
Car -1 -1 1.9202 118.9862 192.5049 419.3487 369.2332 1.3764 1.5606 4.3490 -3.5233 1.6632 8.3116 1.5298 0.9332
Car -1 -1 1.7134 482.8890 175.5328 542.7617 220.5674 1.4527 1.5491 3.9091 -3.3939 1.5549 25.4682 1.5817 0.9274
Car -1 -1 -1.7077 655.6601 181.4901 714.7392 226.0806 1.4307 1.5831 3.7034 2.5662 1.7619 25.7575 -1.6102 0.8719
Car -1 -1 1.5360 642.0209 179.0851 676.8253 211.5370 1.4981 1.5832 4.0024 2.3868 1.8277 36.1068 1.6009 0.5542
Car -1 -1 1.3315 515.4144 174.7886 562.5693 205.6658 1.4788 1.5439 3.7423 -3.7114 1.5834 36.8295 1.2313 0.4847
Car -1 -1 -1.6758 632.5046 175.4722 664.2427 202.9703 1.5262 1.4979 3.3254 2.1678 1.6854 42.0696 -1.6252 0.3921
Car -1 -1 -2.7218 0.0000 0.0000 1242.0000 375.0000 1.5763 1.5666 3.7769 3.0667 1.5312 1.6988 -1.7284 0.3119
