Pedestrian -1 -1 -0.8430 683.9431 161.8333 727.7379 241.2303 1.6889 0.6953 0.6510 2.0503 1.4549 15.8218 -0.7173 0.6345
Pedestrian -1 -1 2.0805 709.2144 151.5199 759.9362 244.7133 1.7409 0.6861 0.7644 2.3673 1.3427 13.9883 2.2439 0.5229
Pedestrian -1 -1 -2.8294 731.3230 147.1084 785.5873 235.5389 1.7577 0.5404 0.9741 2.9973 1.2463 14.8121 -2.6342 0.4371
Pedestrian -1 -1 1.8813 237.2481 175.2408 262.5985 215.3126 1.7323 0.7091 1.0623 -15.9191 1.8399 31.8361 1.4206 0.3465
Pedestrian -1 -1 -1.3208 290.9220 159.8011 339.8084 257.3713 1.7774 0.6503 0.9004 -5.6020 1.5399 13.6305 -1.7045 0.2564
Pedestrian -1 -1 0.4581 295.9340 130.4845 342.2292 205.3644 1.9036 0.6392 0.9252 -7.5780 0.8268 18.6946 0.0778 0.2463
Pedestrian -1 -1 -1.8050 682.1953 167.8076 694.6131 196.2351 1.8154 0.6573 0.6640 5.0134 1.4935 46.4471 -1.6986 0.2442
Cyclist -1 -1 -2.6575 720.7015 148.2452 828.1237 252.9193 1.6809 0.5734 1.7212 2.7391 1.2861 12.3560 -2.4451 0.4736
Cyclist -1 -1 -1.8416 884.1501 173.3833 922.6926 239.0057 1.6024 0.4257 1.8389 7.4787 1.6171 18.5685 -1.4649 0.4204
Cyclist -1 -1 1.9925 383.0961 172.1455 399.7924 197.1649 1.7553 0.5012 1.6681 -15.6130 1.7060 51.4783 1.6991 0.3236
Cyclist -1 -1 1.8813 237.2481 175.2408 262.5985 215.3126 1.7323 0.7091 1.0623 -15.9191 1.8399 31.8361 1.4206 0.1174
Cyclist -1 -1 2.3016 682.6375 161.6898 728.3895 241.5055 1.6985 0.7219 0.6878 2.0468 1.4613 15.8495 2.4268 0.1173
Cyclist -1 -1 -2.7090 729.9217 148.0833 786.6501 235.2191 1.7330 0.5623 1.0026 3.0030 1.2407 14.8692 -2.5143 0.1042
Car -1 -1 -1.1938 37.5501 175.6837 449.2645 375.0000 1.6252 1.6449 4.0422 -2.7313 1.6587 6.4036 -1.5834 0.9554
Car -1 -1 1.7807 435.8824 177.7659 475.2443 203.2431 1.5511 1.6701 4.1289 -9.9897 1.8840 46.7869 1.5711 0.8192
Car -1 -1 -1.6942 586.4626 168.5807 620.0876 193.3839 1.5316 1.6579 4.2603 -0.5139 1.2681 46.7759 -1.7054 0.6684
Car -1 -1 1.9824 267.5750 184.2212 361.7996 230.9494 1.3826 1.4893 3.8776 -9.8503 1.7961 24.2602 1.6001 0.4276
Car -1 -1 -1.4710 777.9167 147.8521 809.9346 179.8186 2.0508 1.6920 4.1166 12.3729 0.4472 48.5111 -1.2229 0.2558
Car -1 -1 3.6956 18.3827 188.4130 96.6187 210.5609 1.4964 1.6150 4.1847 -39.1566 2.6219 51.1678 3.0447 0.2488
