Pedestrian -1 -1 -1.8647 670.2119 168.5640 690.9935 208.3595 1.7890 0.6868 0.9862 3.1823 1.5965 32.9859 -1.7699 0.4843
Pedestrian -1 -1 1.7415 900.6687 151.6495 934.6865 228.6377 1.8361 0.6469 0.8072 7.5118 1.3307 17.7189 2.1360 0.4166
Car -1 -1 -2.0592 806.8606 175.6203 1225.8677 375.0000 1.4180 1.5354 3.5661 3.0381 1.4499 6.3836 -1.6337 0.9860
Car -1 -1 2.0686 10.7298 187.4560 300.8790 330.0031 1.4779 1.6162 3.8346 -5.8436 1.7162 9.8143 1.5430 0.9636
Car -1 -1 1.2158 466.9570 175.1381 519.7169 205.9030 1.4663 1.5008 3.5323 -5.9944 1.5885 36.5762 1.0541 0.8980
Car -1 -1 2.2498 0.0000 166.8435 87.6947 375.0000 1.4521 1.5376 3.7170 -5.6402 1.4265 5.0590 1.4364 0.6997
Car -1 -1 -1.2103 112.4363 175.7875 191.1427 215.7586 1.4247 1.4645 3.3248 -17.5703 1.5451 27.7498 -1.7706 0.4505
Car -1 -1 -1.2035 548.1907 174.7719 588.6130 195.4488 1.4454 1.5926 4.1275 -3.0380 1.5927 53.0539 -1.2608 0.4321
Car -1 -1 1.2201 363.6855 177.4640 414.9288 203.9377 1.4814 1.6333 4.0756 -13.2967 1.7715 43.2290 0.9231 0.4058
Car -1 -1 -0.4670 666.9280 168.4345 724.1064 188.6454 1.5303 1.6535 4.1123 6.6224 1.1960 56.1121 -0.3504 0.3967
Car -1 -1 1.8374 172.0272 177.9791 255.6606 221.8742 1.4858 1.6962 4.1947 -14.8373 1.6951 27.1783 1.3416 0.3744
