Pedestrian -1 -1 1.7709 313.3399 140.9898 352.6125 218.9985 1.8820 0.7313 0.9736 -6.9249 1.1136 17.9448 1.4073 0.4144
Pedestrian -1 -1 1.2196 1048.7388 124.0287 1087.5388 202.4077 1.8169 0.5552 0.7307 10.8225 0.6854 17.1372 1.7752 0.2283
Pedestrian -1 -1 -1.6887 1077.1367 156.8404 1099.6688 202.1423 1.8868 0.7389 0.4732 20.1281 1.2202 30.4260 -1.1089 0.2155
Cyclist -1 -1 -1.3665 774.6618 167.1299 800.8010 215.7047 1.6417 0.5819 1.6024 6.1824 1.4486 25.2324 -1.1295 0.2360
Car -1 -1 -1.8976 766.4481 149.9951 1020.1656 299.9357 1.5539 1.6930 4.2746 3.3465 1.3174 9.6140 -1.5729 0.9776
Car -1 -1 -1.4037 530.1111 165.4952 597.2594 212.0409 1.5373 1.6910 4.5540 -1.6233 1.2946 26.1806 -1.4655 0.9552
Car -1 -1 1.8263 372.9099 176.8333 496.8142 260.1850 1.5235 1.6111 3.8162 -3.6029 1.6189 15.2992 1.5981 0.9492
Car -1 -1 -1.3426 708.7007 172.1967 785.5349 221.7745 1.3993 1.5434 3.7417 4.2831 1.3811 22.3858 -1.1566 0.9109
Car -1 -1 1.7354 452.0009 173.6412 512.3734 216.2941 1.4528 1.5745 3.8425 -4.6706 1.4843 26.5730 1.5626 0.8555
Car -1 -1 -1.4864 743.8378 166.8579 793.8922 209.2196 1.4675 1.5400 3.5504 5.9343 1.2601 26.9152 -1.2721 0.2086
