Pedestrian -1 -1 -0.7615 817.7723 169.6727 919.5131 322.7795 1.6431 0.6374 0.8982 2.9895 1.5175 8.1824 -0.4273 0.8519
Pedestrian -1 -1 3.2906 369.0288 188.2150 500.7310 374.0000 1.6955 0.6060 1.0223 -1.4469 1.7576 6.1539 3.0620 0.7195
Pedestrian -1 -1 -1.2522 1143.8619 165.3379 1238.0000 368.8359 1.6368 0.6119 0.7120 5.1631 1.5082 6.2270 -0.5860 0.3230
Pedestrian -1 -1 1.8064 1081.4908 162.2857 1238.0000 374.0000 1.7591 0.6078 0.6230 2.1951 1.7002 2.6854 2.4390 0.1536
Pedestrian -1 -1 0.2938 133.8843 163.7764 164.6275 216.7224 1.9312 0.6804 0.8036 -16.7782 1.2858 26.6328 -0.2690 0.1370
Pedestrian -1 -1 1.2347 1016.4113 71.9672 1238.0000 374.0000 1.7420 0.6090 1.8217 2.9862 1.2520 4.1782 1.8206 0.1173
Pedestrian -1 -1 3.2761 254.2396 144.7385 299.7052 216.4709 1.8894 0.6064 1.0464 -8.7628 0.9223 19.3584 2.8511 0.1068
Cyclist -1 -1 1.2347 1016.4113 71.9672 1238.0000 374.0000 1.7420 0.6090 1.8217 2.9862 1.2520 4.1782 1.8206 0.2519
Cyclist -1 -1 -0.5727 814.8490 167.1249 923.2825 322.8677 1.6856 0.5964 0.9933 2.9875 1.5314 8.1792 -0.2386 0.1273
Cyclist -1 -1 3.2816 368.3846 186.2258 502.8410 374.0000 1.7207 0.6030 1.0516 -1.4413 1.7649 6.1615 3.0541 0.1165
Car -1 -1 2.3330 1048.9983 143.6965 1170.1403 190.0072 1.6926 1.6596 3.7572 19.3588 0.3120 27.4440 2.9380 0.5277
Car -1 -1 0.1346 247.9430 152.2438 428.2542 228.7827 1.8625 1.7705 4.2259 -6.7560 1.1518 18.7861 -0.2113 0.1275
Car -1 -1 0.2138 113.8138 160.5621 242.8140 201.8362 1.5279 1.6109 4.0847 -16.3813 0.7538 27.9894 -0.3165 0.1095
Car -1 -1 -2.7410 0.0000 0.0000 1238.0000 374.0000 1.5637 1.5989 3.7385 3.0278 1.4251 1.2231 -1.6325 0.1040
