Pedestrian -1 -1 -3.0898 940.9449 138.9562 980.6932 200.2465 1.8585 0.6182 1.0757 11.0259 0.6003 21.9677 -2.6286 0.4847
Pedestrian -1 -1 1.3715 871.4886 135.2782 893.6264 184.1501 1.8446 0.6158 0.9369 10.6447 0.1393 27.1957 1.7426 0.3180
Pedestrian -1 -1 -0.1291 585.1143 168.2702 597.9218 193.6512 1.7714 0.5479 0.8364 -0.9451 0.9192 49.6745 -0.1463 0.3106
Pedestrian -1 -1 -3.1897 1008.9899 152.4935 1052.6708 223.0040 1.7920 0.5795 0.9443 11.0583 1.0818 18.4412 -2.6554 0.3030
Pedestrian -1 -1 0.1612 457.5145 173.1764 471.1385 198.7134 1.7379 0.5638 0.8347 -9.6267 1.2408 48.4072 -0.0321 0.2859
Cyclist -1 -1 -1.0077 398.7588 180.4033 421.8060 210.9693 1.6179 0.4349 1.5576 -10.5287 1.6141 38.2273 -1.2727 0.7160
Cyclist -1 -1 -3.1139 621.4524 166.1405 648.4149 192.9323 1.8269 0.5542 1.8350 2.0623 0.8490 48.5497 -3.0700 0.5119
Cyclist -1 -1 -3.1213 941.6268 140.0867 980.2331 198.5926 1.7722 0.6123 1.0560 11.0072 0.5496 21.9277 -2.6600 0.2039
Cyclist -1 -1 -2.7151 998.6794 152.4993 1058.7277 226.8502 1.8756 0.7335 1.1494 11.0489 1.1708 18.5119 -2.1829 0.1676
Cyclist -1 -1 2.6860 864.4236 136.8547 894.3012 184.5315 1.8102 0.6076 0.8938 10.5190 0.1546 27.1823 3.0533 0.1102
Car -1 -1 -1.5068 528.8515 174.1502 559.5092 199.1239 1.4699 1.6202 4.1071 -3.7165 1.0975 43.6782 -1.5894 0.8588
Car -1 -1 -0.4045 876.0528 144.5116 993.0126 180.3539 1.4519 1.5803 4.1325 13.6539 -0.0048 29.4885 0.0270 0.8299
Car -1 -1 2.7864 798.3997 160.6065 870.7943 187.7137 1.5337 1.5612 3.6630 13.2256 0.4095 40.8570 3.0990 0.3175
Car -1 -1 1.4811 349.1667 181.2720 379.4152 205.9039 1.5207 1.5346 3.7231 -15.6190 1.5742 45.7831 1.1561 0.2436
Car -1 -1 -1.7115 566.0319 171.7838 593.9178 193.2742 1.5455 1.5980 3.5446 -1.8900 0.9199 52.7262 -1.7453 0.2109
