Car -1 -1 -1.3844 411.0422 184.5164 489.5727 234.5842 1.4917 1.6993 4.5424 -5.1091 1.4720 23.7049 -1.5947 0.9352
Car -1 -1 -1.1877 116.6385 170.4051 422.0084 371.7232 1.6957 1.5836 3.9399 -3.4148 1.5721 8.0270 -1.5782 0.9297
Car -1 -1 -1.0211 0.0000 199.3097 216.7838 316.3289 1.3579 1.5463 3.7284 -7.5771 1.6063 10.7005 -1.6256 0.9147
Car -1 -1 -1.2869 333.3068 183.1326 402.7868 224.5380 1.4464 1.5070 3.6188 -8.9356 1.3748 26.9421 -1.6045 0.9002
Car -1 -1 -1.1462 157.8687 183.1425 266.9624 234.2204 1.5412 1.5742 4.1506 -12.9779 1.4798 23.8124 -1.6408 0.8725
Car -1 -1 -1.2920 253.0047 185.8705 361.4784 245.9322 1.4438 1.6161 4.0806 -8.0127 1.4646 19.4380 -1.6784 0.8362
Car -1 -1 -1.6407 568.8893 179.3213 603.9959 206.8952 1.4288 1.6374 3.9053 -1.2390 1.1245 39.2704 -1.6725 0.7784
Car -1 -1 -1.2738 379.7349 180.0222 419.5873 204.6060 1.5214 1.5435 3.3527 -13.3446 1.2011 46.1717 -1.5540 0.6757
Car -1 -1 2.0424 0.0000 182.0160 129.3108 250.5731 1.3959 1.5180 3.4773 -12.6846 1.3319 16.4776 1.3941 0.4834
Car -1 -1 0.0705 429.9280 179.1780 477.0677 196.1391 1.4903 1.6150 4.0158 -13.7602 0.9609 64.2402 -0.1400 0.3977
