Pedestrian -1 -1 1.7121 692.0327 175.2223 712.4866 227.3499 1.7370 0.5887 0.7824 3.0970 1.8194 24.5357 1.8354 0.4307
Pedestrian -1 -1 0.0639 407.9947 178.7325 427.0929 228.2965 1.7478 0.6167 0.6242 -6.9459 1.9621 25.8910 -0.1962 0.3832
Pedestrian -1 -1 3.2522 351.1545 176.4588 383.5812 242.4311 1.7924 0.6483 0.7867 -6.7799 1.8949 20.0443 2.9294 0.2740
Pedestrian -1 -1 0.3662 272.3167 180.4910 321.6089 269.6358 1.7843 0.5569 0.7783 -6.4557 1.9443 14.7833 -0.0395 0.2544
Pedestrian -1 -1 -1.4029 781.8531 158.1692 805.7087 211.5157 1.8103 0.7199 0.5345 6.2926 1.3123 24.8714 -1.1584 0.2523
Pedestrian -1 -1 0.4618 217.3634 149.8944 241.0145 199.5056 1.9405 0.6869 0.5827 -15.1166 1.0428 28.5697 -0.0212 0.2474
Pedestrian -1 -1 -1.2328 270.6457 169.4284 290.7470 209.7992 1.7749 0.6554 0.5835 -14.6591 1.6246 32.0384 -1.6591 0.2341
Pedestrian -1 -1 -0.0118 318.7864 184.6922 354.6566 261.2160 1.7849 0.5706 0.7952 -6.6263 2.0769 17.3638 -0.3719 0.1900
Car -1 -1 3.2675 285.4395 175.4367 414.0157 222.9386 1.6973 1.7936 4.3761 -9.7607 1.8001 27.2684 2.9264 0.9531
Car -1 -1 -1.5436 478.0507 182.3474 513.1400 214.5970 1.3777 1.5218 3.1341 -5.3029 1.8399 33.4470 -1.7001 0.9141
Car -1 -1 2.3614 0.0000 199.1018 259.3459 375.0000 1.5857 1.6818 4.1275 -3.4192 1.7747 3.1182 1.5720 0.7722
Car -1 -1 1.6163 489.9224 179.5269 522.5834 210.7845 1.6103 1.6140 4.2125 -5.7770 2.0033 40.2721 1.4743 0.7718
