Car -1 -1 -1.9007 742.0683 170.8808 980.3601 332.3574 1.5671 1.5813 3.4260 2.7128 1.5483 8.7425 -1.6105 0.9665
Car -1 -1 -0.1403 723.7875 173.5217 843.0371 220.0676 1.7090 1.7426 4.2194 6.4973 1.7358 27.5727 0.0881 0.9622
Car -1 -1 3.5987 57.4526 150.3059 341.5153 259.2950 1.7388 1.6676 3.9258 -6.9433 1.3794 12.4270 3.0980 0.9620
Car -1 -1 0.5497 0.0000 175.5681 343.3099 305.2500 1.6472 1.6173 4.0596 -6.0934 1.6885 10.0371 0.0154 0.9615
Car -1 -1 -1.7012 669.0041 181.7206 733.2646 232.2988 1.4083 1.5270 3.3597 2.7052 1.7044 22.3696 -1.5832 0.9540
Car -1 -1 3.8102 0.0000 184.4689 267.5962 351.1224 1.4725 1.6320 4.3190 -6.0775 1.6041 7.3191 3.1348 0.9281
Car -1 -1 0.3263 320.4191 181.6871 483.3750 244.3015 1.6394 1.6051 4.0495 -5.7506 1.8962 20.0453 0.0498 0.8803
Car -1 -1 0.3429 264.7496 183.0980 451.5312 246.7207 1.4709 1.5603 4.0492 -6.1468 1.7347 17.7457 0.0135 0.8710
Car -1 -1 3.5640 153.4945 184.3866 377.3736 268.1681 1.6255 1.6724 3.8845 -7.1262 1.8809 15.0933 3.1292 0.7412
Car -1 -1 0.1182 439.2114 163.9453 522.5238 193.1708 1.5537 1.6492 4.3026 -7.0156 1.0804 39.3026 -0.0576 0.6836
Car -1 -1 0.3056 372.3442 178.8800 499.6067 227.3144 1.5903 1.6097 3.9634 -5.9844 1.8062 24.8665 0.0713 0.5354
