Pedestrian -1 -1 1.4273 754.5371 149.8840 776.4561 207.7407 1.7536 0.5381 0.8401 5.0386 0.7965 22.2078 1.6429 0.7077
Pedestrian -1 -1 1.4115 704.8776 162.7793 735.1673 236.4308 1.7746 0.6058 0.8247 2.8830 1.3247 17.7193 1.5651 0.6873
Pedestrian -1 -1 -1.5927 640.5795 157.1867 672.3726 242.5554 1.7570 0.6443 0.8250 1.1185 1.2578 15.2084 -1.5259 0.6495
Pedestrian -1 -1 2.0180 677.3405 160.9738 710.7197 242.5878 1.6683 0.5261 0.5119 1.9027 1.2500 15.0383 2.1363 0.5705
Pedestrian -1 -1 0.7472 334.2111 166.3428 377.9352 250.1715 1.7323 0.6440 0.6025 -5.2448 1.4203 15.2579 0.4159 0.5225
Pedestrian -1 -1 -0.4893 722.6816 156.4571 763.5561 223.6757 1.7645 0.6067 0.8947 3.7666 1.1083 19.2770 -0.3040 0.5223
Pedestrian -1 -1 2.5172 370.3178 139.2543 492.3529 344.2950 1.7068 0.6303 0.8740 -1.5827 1.3565 6.5136 2.2818 0.5217
Pedestrian -1 -1 -1.6151 626.2245 157.6063 648.4171 212.6806 1.7635 0.6751 0.9507 1.1399 0.9995 23.4746 -1.5722 0.4445
Pedestrian -1 -1 -1.2505 146.3209 149.8795 279.6478 374.0000 1.6268 0.6132 0.6774 -2.6665 1.4294 4.8969 -1.7337 0.4120
Pedestrian -1 -1 1.6937 307.8882 145.1199 406.4772 364.0591 1.6278 0.6702 0.6239 -1.9686 1.3587 5.7110 1.3693 0.4020
Pedestrian -1 -1 1.8526 697.6216 160.6526 725.9935 225.3209 1.7001 0.6055 0.6331 2.9368 1.1532 19.2959 1.9964 0.3744
Pedestrian -1 -1 -1.2527 470.8849 161.5350 490.9468 213.3946 1.7291 0.5227 0.5565 -4.0922 1.0645 24.2622 -1.4231 0.3731
Pedestrian -1 -1 0.6812 686.1604 154.9287 717.8395 211.1449 1.7621 0.5387 0.8555 3.1927 0.9303 23.0099 0.8125 0.3332
Pedestrian -1 -1 2.8536 672.0296 169.3903 702.5933 236.3582 1.6515 0.6402 0.6022 2.1229 1.3541 18.0809 2.9635 0.3245
Pedestrian -1 -1 0.7881 956.1284 57.5714 1238.0000 374.0000 1.8897 0.7656 1.1074 2.0670 1.5069 2.8444 1.3680 0.3000
Pedestrian -1 -1 1.8555 721.5962 159.4478 740.6821 203.7910 1.8314 0.6302 0.6621 5.4217 0.9216 30.1010 2.0272 0.2881
Pedestrian -1 -1 -1.3684 882.5603 140.3702 930.9567 237.4544 1.6960 0.5302 1.6534 5.6663 0.9788 13.3807 -0.9800 0.1052
Cyclist -1 -1 1.7718 879.5418 132.2431 930.4261 231.1310 1.7369 0.5612 1.7775 5.6904 0.8730 13.5095 2.1584 0.4246
Cyclist -1 -1 -1.3109 373.9407 152.8850 398.2796 204.5753 1.7216 0.3998 1.6458 -7.4298 0.7696 24.7512 -1.6045 0.2664
Cyclist -1 -1 1.4684 754.7723 147.9744 777.1231 207.9285 1.8095 0.5757 0.8844 5.0386 0.7988 22.1502 1.6845 0.1242
Cyclist -1 -1 -0.0459 719.1230 157.5835 758.7022 225.2600 1.7832 0.5725 1.0120 3.6482 1.1542 19.2756 0.1335 0.1125
Car -1 -1 1.6460 565.1797 169.6611 596.6697 196.7008 1.5200 1.5951 3.7456 -1.1653 0.8553 42.2823 1.6136 0.7918
