Pedestrian -1 -1 -1.3795 0.0000 177.6409 32.0146 243.5978 1.6974 0.6267 0.7147 -15.8251 1.8276 19.0969 -2.0647 0.6685
Pedestrian -1 -1 -0.5892 691.2163 156.2671 731.3234 232.3702 1.7217 0.6331 0.6851 2.2987 1.3468 16.7554 -0.4560 0.4963
Pedestrian -1 -1 -3.1650 716.5674 155.8143 742.2289 228.3497 1.7425 0.6337 0.6016 2.8716 1.3335 17.6849 -3.0074 0.4765
Pedestrian -1 -1 0.1223 309.1840 181.0024 323.3599 210.1863 1.7373 0.5847 0.7262 -17.7538 2.2336 43.5365 -0.2632 0.3456
Pedestrian -1 -1 1.2651 1098.6119 85.3199 1242.0000 375.0000 1.7870 0.6173 0.8515 3.7442 1.2565 4.8741 1.8912 0.3350
Pedestrian -1 -1 -1.6529 674.6020 169.4004 703.2499 239.1910 1.7100 0.5793 1.7564 1.9645 1.6257 18.5604 -1.5500 0.1660
Cyclist -1 -1 -1.6529 674.6020 169.4004 703.2499 239.1910 1.7100 0.5793 1.7564 1.9645 1.6257 18.5604 -1.5500 0.5896
Cyclist -1 -1 -2.6312 699.7979 157.4308 783.9424 244.1364 1.7268 0.4926 1.7049 2.6886 1.4200 15.0958 -2.4591 0.3837
Cyclist -1 -1 -0.8735 338.3652 128.0320 406.1268 207.4577 1.7419 0.4849 1.7396 -5.5261 0.7593 16.7192 -1.1883 0.3823
Car -1 -1 -1.3050 259.0742 176.6807 486.5979 341.1902 1.6212 1.6489 4.0751 -2.7738 1.6815 9.2559 -1.5894 0.9646
Car -1 -1 -1.6427 588.1954 174.6522 618.2229 199.0421 1.5005 1.6524 4.0091 -0.5115 1.6226 46.7589 -1.6540 0.7250
Car -1 -1 2.2583 0.0000 196.6645 100.0389 290.1476 1.4583 1.6535 3.8727 -12.2581 1.9914 14.1946 1.5551 0.6937
Car -1 -1 1.7826 450.5184 180.3006 485.8359 202.5154 1.4969 1.6625 4.1724 -10.2239 2.0570 52.1277 1.5895 0.5658
Car -1 -1 2.0847 5.0672 184.8067 125.7313 235.4063 1.4644 1.5099 3.7354 -17.8073 1.8904 23.7456 1.4464 0.4060
Car -1 -1 1.9701 302.5141 189.0195 385.9126 229.5706 1.4170 1.5788 4.3697 -10.6769 2.1215 29.2039 1.6221 0.3034
Car -1 -1 -2.9928 720.2855 173.5211 868.9339 226.5314 1.4749 1.5701 4.1360 5.4810 1.4967 21.6285 -2.7485 0.2902
