Pedestrian -1 -1 -1.6995 763.3003 154.9340 791.1972 216.1397 1.7903 0.6804 1.0499 4.9633 1.2665 21.6570 -1.4777 0.3670
Pedestrian -1 -1 2.7471 694.9694 157.0583 724.0140 212.0163 1.8183 0.5435 0.8197 3.2943 1.2960 24.2376 2.8800 0.3241
Car -1 -1 1.9594 189.3710 188.0772 365.1810 296.6266 1.6016 1.5546 3.6849 -5.8335 1.9161 13.0269 1.5453 0.9773
Car -1 -1 -1.9980 797.5561 173.5410 1161.2876 375.0000 1.4184 1.4947 3.6787 3.0108 1.4271 6.8801 -1.6020 0.9693
Car -1 -1 -1.9155 724.5477 178.6846 893.2578 288.5634 1.5506 1.5891 3.4959 3.1154 1.6642 12.1922 -1.6722 0.9454
Car -1 -1 -1.7268 705.0598 178.6972 797.5928 243.0176 1.3947 1.6306 3.8565 3.3414 1.5561 17.9440 -1.5465 0.9173
Car -1 -1 1.8167 326.2682 184.8371 423.2358 251.6452 1.4549 1.5012 3.4481 -5.8361 1.7855 18.1119 1.5086 0.9123
Car -1 -1 -2.7519 369.9984 175.8881 453.1860 204.5029 1.6367 1.6955 4.4263 -11.7201 1.8210 42.6158 -3.0190 0.6953
Car -1 -1 -0.3454 862.1616 163.9138 950.8176 195.7975 1.4538 1.4497 3.5461 13.7569 1.0465 33.6902 0.0390 0.4468
Car -1 -1 1.2124 326.3463 182.3918 365.5088 204.7298 1.5053 1.5495 3.4145 -19.0668 2.2164 51.9588 0.8620 0.4234
