Pedestrian -1 -1 2.9183 6.1863 128.3634 79.2209 256.4717 1.8136 0.7071 0.7189 -8.4769 1.1841 10.7144 2.2610 0.4076
Pedestrian -1 -1 1.4920 758.1094 153.1229 790.7863 235.3963 1.7944 0.6455 0.8202 3.6292 1.3644 16.1847 1.7080 0.2847
Pedestrian -1 -1 1.4589 740.1186 145.2485 769.6470 217.7374 1.8507 0.6566 0.8940 3.7357 1.1463 18.8903 1.6507 0.2511
Pedestrian -1 -1 -0.0794 829.5209 115.0552 918.5518 275.5493 1.8008 0.6323 0.9285 3.0363 1.1526 8.5150 0.2516 0.2331
Pedestrian -1 -1 -3.1225 1162.7859 59.2334 1242.0000 278.6062 1.8281 0.6163 0.9132 5.5498 0.8816 6.5401 -2.4404 0.1961
Pedestrian -1 -1 -0.3223 687.2325 155.5911 707.0198 198.3217 1.8194 0.6540 0.6731 3.7124 1.0847 31.1082 -0.2050 0.1358
Car -1 -1 1.8910 278.5122 192.6088 457.5213 305.0799 1.4900 1.6343 4.0899 -3.9388 1.8846 12.3373 1.5873 0.9563
Car -1 -1 -1.6125 631.4929 173.7410 686.4996 224.8591 1.4754 1.5576 3.1895 1.4198 1.5053 22.4878 -1.5509 0.9316
Car -1 -1 1.7681 473.6648 176.7670 538.1255 219.8760 1.4951 1.6498 4.1229 -3.9225 1.6560 27.5078 1.6272 0.9269
Car -1 -1 -1.8820 906.2256 178.7733 1242.0000 375.0000 1.5709 1.6021 3.8157 3.7499 1.6394 6.2735 -1.3649 0.2494
Car -1 -1 -2.7681 378.8143 158.8799 492.6636 204.1759 2.1088 1.8488 5.0180 -8.4111 1.4586 34.8507 -3.0035 0.1504
