Pedestrian -1 -1 1.2722 545.0370 142.9312 583.6069 231.1801 1.7450 0.5985 0.7238 -0.8780 1.0037 14.4191 1.2148 0.8370
Pedestrian -1 -1 1.1191 835.4950 142.0957 908.2672 269.8388 1.7173 0.6389 0.8639 3.6946 1.2027 9.9630 1.4659 0.8176
Pedestrian -1 -1 -2.3549 1007.9609 134.3392 1163.4255 330.2292 1.5344 0.8515 0.6875 3.9766 1.1746 5.9611 -1.7887 0.6769
Pedestrian -1 -1 1.0659 421.9756 139.5818 460.2325 215.1577 1.7738 0.6100 0.7603 -4.0001 0.8151 17.0769 0.8421 0.6649
Pedestrian -1 -1 1.2968 509.4897 149.6616 551.4252 237.5129 1.6994 0.6691 0.6988 -1.5373 1.1045 14.1206 1.1929 0.6102
Pedestrian -1 -1 1.1020 474.2687 141.1696 512.1022 215.1154 1.7699 0.6328 0.7911 -2.7978 0.8301 17.4242 0.9478 0.6019
Pedestrian -1 -1 -0.4243 589.0519 141.4895 620.9637 194.7979 1.8672 0.6220 0.9694 -0.0293 0.5023 25.2427 -0.4233 0.4601
Pedestrian -1 -1 -0.4629 643.9769 136.9788 679.1898 201.7560 1.8697 0.6628 0.8265 1.6330 0.6151 20.8653 -0.3838 0.4440
Pedestrian -1 -1 1.1324 266.1224 135.6412 326.5831 247.0378 1.7421 0.6549 0.7436 -5.0872 1.0422 11.5443 0.7297 0.4305
Pedestrian -1 -1 -2.5288 443.6889 145.8292 479.4884 215.3474 1.7579 0.5051 0.7530 -3.7389 0.8828 18.2575 -2.7253 0.3969
Pedestrian -1 -1 1.5494 246.9292 132.9197 285.9900 239.7820 1.7513 0.5842 0.8119 -5.8316 0.9732 12.0759 1.1121 0.3783
Pedestrian -1 -1 -2.5706 635.4853 146.7940 666.2137 199.8363 1.8475 0.6098 0.9041 1.6020 0.6750 25.1357 -2.5058 0.3697
Pedestrian -1 -1 -1.3668 356.0289 154.6633 372.6087 193.4969 1.8852 0.6350 0.7276 -11.8308 0.6324 34.7191 -1.6904 0.3369
Pedestrian -1 -1 -1.5662 114.7215 149.2150 163.7360 262.2408 1.8031 0.6638 0.6951 -7.7735 1.3057 11.7461 -2.1364 0.3274
Pedestrian -1 -1 -1.6788 340.3481 143.4888 360.1538 189.7469 1.9369 0.7344 0.5882 -10.8426 0.3887 30.0246 -2.0199 0.2961
Pedestrian -1 -1 1.3770 535.1017 152.0283 547.5372 185.6348 1.9274 0.6246 0.5400 -3.6921 0.2959 40.8909 1.2896 0.2657
Cyclist -1 -1 -0.4243 589.0519 141.4895 620.9637 194.7979 1.8672 0.6220 0.9694 -0.0293 0.5023 25.2427 -0.4233 0.1638
Cyclist -1 -1 0.5896 530.7025 142.2475 586.3658 234.2881 1.8024 0.6441 0.9261 -0.9834 1.0549 14.3514 0.5248 0.1205
Cyclist -1 -1 1.1491 835.6974 142.4247 907.4579 270.9505 1.7290 0.6340 0.8800 3.6920 1.2185 9.9691 1.4955 0.1187
Cyclist -1 -1 0.7098 253.5978 137.4545 326.1484 250.2549 1.8092 0.5745 0.9620 -5.2783 1.1204 11.7518 0.2999 0.1137
Car -1 -1 1.8750 0.0000 54.9267 279.7751 370.0000 1.5859 1.6326 4.0857 -3.1580 1.2324 4.1888 1.2670 0.5474
