Pedestrian -1 -1 0.8189 1086.1047 135.9900 1163.7372 238.8954 1.7589 0.6512 0.9454 9.0943 1.1292 12.8453 1.4240 0.5209
Pedestrian -1 -1 -1.9767 724.4485 171.1655 742.6213 202.1560 1.6251 0.6833 0.8145 6.5190 1.5369 38.3092 -1.8098 0.4387
Pedestrian -1 -1 -1.8338 791.8703 167.4475 817.9328 215.1029 1.7815 0.7328 0.9437 7.3621 1.5797 27.4431 -1.5749 0.4152
Pedestrian -1 -1 1.5446 817.8828 167.4546 836.3229 215.6301 1.7840 0.6371 0.9494 8.1523 1.5844 27.2579 1.8317 0.3797
Pedestrian -1 -1 2.5977 887.5782 159.0594 917.8350 211.2685 1.7727 0.6548 0.7323 10.0436 1.3047 24.8788 2.9769 0.3764
Cyclist -1 -1 -1.7844 770.5172 159.9189 800.2658 218.7291 1.7404 0.5049 1.8262 5.3484 1.3580 22.2680 -1.5522 0.9097
Cyclist -1 -1 -2.0940 963.6827 119.1233 1111.9841 308.3472 1.8068 0.5552 1.7053 4.4514 1.2941 7.7444 -1.5891 0.8324
Cyclist -1 -1 -1.9297 725.4923 170.5936 743.8103 203.8868 1.7361 0.6386 1.0099 6.5541 1.6186 38.1790 -1.7615 0.1396
Cyclist -1 -1 0.8189 1086.1047 135.9900 1163.7372 238.8954 1.7589 0.6512 0.9454 9.0943 1.1292 12.8453 1.4240 0.1345
Cyclist -1 -1 1.5198 817.5077 167.3358 836.9044 216.2291 1.8102 0.6450 1.0292 8.1642 1.6063 27.2872 1.8070 0.1283
Cyclist -1 -1 -1.7325 792.6430 167.6739 817.1850 216.3647 1.8110 0.7394 1.0203 7.3442 1.6187 27.3783 -1.4737 0.1206
Car -1 -1 1.1984 854.7928 181.8275 888.9772 199.2772 1.4862 1.6223 3.8199 23.6622 2.3236 65.3686 1.5438 0.4379
Car -1 -1 1.2878 722.2180 169.2865 754.8593 190.4107 1.6731 1.6335 3.7789 10.4665 1.3909 59.1104 1.4619 0.1953
