Pedestrian -1 -1 0.2436 940.6498 149.9635 990.4665 256.1260 1.7383 0.5740 0.6423 6.0207 1.1622 12.1925 0.6929 0.3096
Pedestrian -1 -1 1.6543 674.9367 187.5079 697.4197 243.8626 1.6409 0.5587 1.5241 2.3460 1.7141 21.7941 1.7595 0.1924
Cyclist -1 -1 -1.5361 676.1746 187.3654 696.4247 244.0136 1.6502 0.5631 1.5811 2.3523 1.7191 21.8217 -1.4307 0.2692
Car -1 -1 -1.4120 434.6660 187.8299 507.3053 243.2307 1.6352 1.6544 4.4311 -4.4309 1.7306 23.6606 -1.5956 0.9092
Car -1 -1 -1.6107 574.6549 182.9021 605.9182 209.2494 1.4307 1.6217 3.7815 -1.0635 1.3062 40.9726 -1.6370 0.8782
Car -1 -1 1.7194 482.2312 180.6450 524.8809 214.4230 1.5439 1.5335 3.4696 -4.9964 1.3361 34.5929 1.5766 0.8414
Car -1 -1 -1.0543 24.7360 186.8735 253.5007 286.2738 1.5144 1.6828 3.9505 -8.2215 1.5502 13.0206 -1.6084 0.8325
Car -1 -1 -1.1292 139.9703 101.8215 440.9762 298.8614 2.1470 1.9237 4.8107 -4.1100 1.2395 10.2964 -1.5001 0.4508
Car -1 -1 1.4997 521.2379 179.2759 546.6020 201.0260 1.5700 1.6040 4.0927 -5.6017 1.1424 54.0403 1.3965 0.3305
Car -1 -1 -0.7003 0.0000 187.8525 57.4083 298.2006 1.4463 1.5874 4.0240 -11.4032 1.4976 11.6019 -1.4655 0.3257
Car -1 -1 -1.3763 412.6692 193.4234 489.1808 252.9601 1.4943 1.5296 2.9101 -4.3108 1.7395 19.9101 -1.5872 0.2262
