Pedestrian -1 -1 0.1439 398.9946 156.0616 424.4906 199.4218 1.7497 0.6201 0.9251 -8.1357 1.0724 29.4775 -0.1234 0.2514
Pedestrian -1 -1 -1.9210 106.7778 166.5619 129.8518 210.3662 1.8058 0.6299 0.6031 -20.6038 1.5468 30.1740 -2.5161 0.2290
Pedestrian -1 -1 -2.0581 777.9239 170.5488 794.6385 201.4030 1.7567 0.6699 0.7283 10.1053 1.6258 41.5132 -1.8214 0.2172
Pedestrian -1 -1 0.8008 1142.5618 187.8670 1242.0000 375.0000 1.7202 0.6504 0.9491 5.9546 1.8809 7.1972 1.4709 0.1716
Cyclist -1 -1 0.2180 397.8501 155.2598 425.9867 198.6752 1.7534 0.6378 0.9943 -8.1292 1.0432 29.4808 -0.0491 0.1391
Car -1 -1 2.1395 0.0000 202.2370 138.9464 298.7994 1.3414 1.4932 3.4328 -10.2083 1.9388 12.8799 1.4792 0.8320
Car -1 -1 1.5809 427.7602 176.3813 458.6353 205.8179 1.5164 1.5776 3.8805 -9.1955 1.7210 39.7251 1.3545 0.5603
Car -1 -1 1.1678 776.3092 185.6745 823.4869 211.7051 1.5280 1.5770 3.7236 12.0820 2.3847 46.2383 1.4213 0.1985
Car -1 -1 2.0142 203.2215 186.7468 253.4256 212.3754 1.6713 1.6312 3.8903 -27.0287 2.6950 51.1694 1.5301 0.1510
Car -1 -1 1.2109 683.9681 167.9740 718.8182 187.3801 1.6867 1.7230 4.2374 8.1647 1.2629 64.9703 1.3351 0.1344
Car -1 -1 1.3345 602.9113 169.7885 641.5508 198.8341 1.8829 1.6539 4.3060 0.7503 1.6846 49.0540 1.3493 0.1221
Car -1 -1 -2.9809 858.6708 178.4374 941.7407 210.4448 1.5394 1.5859 3.7416 14.7941 1.8381 36.9125 -2.6030 0.1084
