Pedestrian -1 -1 1.1479 471.5610 177.5044 496.4359 210.9360 1.7500 0.6175 1.8489 -6.8512 2.0075 38.9654 0.9745 0.1436
Cyclist -1 -1 1.4413 475.4594 177.3310 491.9145 210.7511 1.7471 0.6427 1.8263 -6.8628 1.9951 38.9432 1.2676 0.6965
Car -1 -1 -1.8716 652.3453 179.9975 722.7095 224.8375 1.5110 1.5967 3.5629 2.7614 1.7958 26.8223 -1.7709 0.9621
Car -1 -1 -2.0450 849.0359 177.6286 1242.0000 375.0000 1.5420 1.5711 3.6658 3.0838 1.5902 5.3753 -1.5486 0.9448
Car -1 -1 -3.2538 807.7568 178.4314 960.2491 237.7711 1.4518 1.6466 3.5947 7.0776 1.6092 19.1017 -2.9047 0.9432
Car -1 -1 2.1991 0.0000 215.3900 304.6525 375.0000 1.4424 1.5309 3.6687 -3.6930 1.8413 4.9164 1.5800 0.9266
Car -1 -1 -1.8498 590.2977 179.7195 633.9072 209.5485 1.6000 1.6059 3.4592 0.0427 2.0128 41.4516 -1.8494 0.9263
Car -1 -1 -3.5718 992.2725 171.2158 1186.1866 233.2185 1.4798 1.5377 3.7918 11.9338 1.4411 18.2463 -3.0004 0.8977
Car -1 -1 2.4723 543.0557 177.3799 595.6566 199.1442 1.6311 1.6613 3.9600 -3.2003 2.0000 56.8131 2.4159 0.6273
Car -1 -1 -0.7511 623.6823 175.8834 679.2787 197.8136 1.5486 1.7268 4.0142 3.0688 1.7815 53.4351 -0.6944 0.5346
