Pedestrian -1 -1 1.9193 477.8176 179.3931 494.5019 207.9733 1.6744 0.5126 1.4883 -7.4752 2.0751 43.4022 1.7493 0.1924
Cyclist -1 -1 1.9193 477.8176 179.3931 494.5019 207.9733 1.6744 0.5126 1.4883 -7.4752 2.0751 43.4022 1.7493 0.4442
Car -1 -1 -1.9295 788.1345 179.7653 1062.2609 357.6564 1.5138 1.5395 3.3996 3.1050 1.6068 7.9698 -1.5716 0.9799
Car -1 -1 2.0248 41.3232 198.8070 394.2971 375.0000 1.4632 1.5685 3.8747 -3.7044 1.8062 7.5784 1.5829 0.9580
Car -1 -1 -1.8871 647.0532 178.2733 712.3564 220.1598 1.5716 1.6111 3.5611 2.7361 1.8078 29.4813 -1.7961 0.9445
Car -1 -1 -3.1894 787.2233 176.9192 927.2505 234.2954 1.6038 1.6938 3.8378 7.2817 1.7338 21.6848 -2.8702 0.9422
Car -1 -1 -1.8870 588.9753 177.0102 631.0923 203.3114 1.5167 1.5592 3.4895 -0.0721 1.7821 44.1090 -1.8891 0.8183
Car -1 -1 -2.3280 949.6623 191.5791 1242.0000 375.0000 1.5023 1.5907 3.7874 3.0229 1.6282 2.9345 -1.5776 0.7968
Car -1 -1 2.4793 544.5847 176.6418 598.4621 198.2856 1.6989 1.7117 4.2836 -3.1630 2.0219 59.4018 2.4259 0.6862
Car -1 -1 2.4863 0.0000 209.4491 112.8383 375.0000 1.5203 1.6389 3.8517 -3.9381 1.7501 2.5726 1.5421 0.5508
Car -1 -1 -3.4712 941.8091 169.7916 1107.3169 226.1195 1.5323 1.5850 3.8145 11.7449 1.4493 20.7446 -2.9626 0.5415
