Pedestrian -1 -1 3.1321 561.7149 172.4550 577.1048 201.4646 1.8198 0.5211 0.9644 -2.5971 1.7951 45.5510 3.0750 0.3361
Pedestrian -1 -1 1.3003 72.6032 202.5473 139.9915 350.2944 1.7068 0.5011 0.7809 -6.3099 2.0940 8.9540 0.6999 0.2839
Pedestrian -1 -1 1.1769 638.5557 177.3227 660.1242 220.0448 1.7076 0.6201 0.7913 1.5579 1.8931 29.4134 1.2285 0.2235
Pedestrian -1 -1 -0.4876 1132.8257 107.1780 1242.0000 306.6068 1.8014 0.6987 1.0022 5.7261 1.2085 6.9487 0.1809 0.1869
Pedestrian -1 -1 -1.3268 459.2304 163.1175 473.5416 193.5112 1.8437 0.6721 0.8623 -8.8296 1.2535 44.2140 -1.5231 0.1867
Pedestrian -1 -1 1.4946 639.7548 134.7431 669.3102 205.3693 1.8866 0.7338 0.9394 1.1617 0.8689 19.7473 1.5520 0.1785
Car -1 -1 1.8152 316.7269 188.0925 447.7281 276.5512 1.4951 1.6023 4.1544 -4.6057 1.8577 15.0347 1.5221 0.9623
Car -1 -1 1.7084 422.2796 186.8134 485.4753 236.4308 1.3962 1.4990 3.5805 -4.9803 1.8805 23.1754 1.4984 0.9274
Car -1 -1 1.2422 701.5265 162.0802 861.3372 265.0749 1.7135 1.6776 4.3307 3.1084 1.5346 14.2510 1.4517 0.7983
Car -1 -1 1.7131 451.5407 180.4930 504.5443 221.6112 1.5317 1.5926 3.9383 -5.3850 1.8668 29.6149 1.5343 0.4909
Car -1 -1 -1.5372 578.3467 174.0283 605.6213 200.3379 1.5893 1.6024 3.7748 -1.1363 1.6671 45.6473 -1.5624 0.2213
