Pedestrian -1 -1 1.0134 1079.4974 114.1035 1142.6160 221.5033 1.7108 0.5823 0.6656 8.1516 0.7753 11.8332 1.6052 0.5304
Pedestrian -1 -1 2.4073 638.1329 157.0104 656.2697 190.4978 1.9242 0.5115 0.9579 2.1305 1.0142 41.9572 2.4574 0.5297
Pedestrian -1 -1 2.2020 31.9497 175.6983 88.6087 260.4298 1.7562 0.6429 0.7441 -11.7356 1.8186 15.3540 1.5576 0.3868
Car -1 -1 1.8059 342.9817 188.3782 482.4338 280.8703 1.5165 1.7458 4.2762 -3.8642 1.8796 14.7044 1.5525 0.9655
Car -1 -1 2.0126 145.6384 203.3993 340.8148 302.7205 1.4314 1.6187 4.2318 -6.7926 2.1069 13.8235 1.5629 0.9358
Car -1 -1 1.7187 451.3990 189.0997 513.0152 239.4138 1.4243 1.4655 3.3907 -4.0895 1.9866 23.2424 1.5458 0.9092
Car -1 -1 -1.6546 636.5625 178.2043 675.8255 210.4919 1.4655 1.5980 3.6343 2.1659 1.7405 35.1913 -1.5942 0.8728
Car -1 -1 -0.2713 759.0713 165.6416 873.2879 205.0321 1.5025 1.6344 4.0182 7.9907 1.2277 28.3367 0.0005 0.7036
Car -1 -1 1.8011 405.3911 188.6360 474.1570 233.3098 1.5056 1.6390 4.3527 -6.5529 2.1668 28.0314 1.5730 0.4483
Car -1 -1 1.5640 490.8125 181.7169 515.6026 206.1736 1.5965 1.6577 4.0444 -7.5566 2.2465 50.7634 1.4165 0.4299
