Cyclist -1 -1 1.6329 513.1780 175.5110 532.6979 222.4414 1.6772 0.6083 1.8712 -3.2698 1.7799 26.8427 1.5122 0.8771
Car -1 -1 -0.5016 882.0294 186.5883 1201.4926 306.0002 1.5576 1.5897 3.6509 5.9948 1.7714 10.4043 0.0079 0.9697
Car -1 -1 -2.5010 0.0000 182.1983 292.4454 303.0505 1.4694 1.5879 4.0356 -6.7293 1.6083 9.8053 -3.0901 0.9591
Car -1 -1 3.4987 114.7799 174.4628 378.8240 266.4435 1.6751 1.7333 4.3226 -7.0258 1.7096 14.2408 3.0473 0.9534
Car -1 -1 -0.6310 981.2935 186.3674 1242.0000 347.1549 1.4559 1.5999 3.7966 6.1399 1.6137 7.5375 0.0328 0.9506
Car -1 -1 -0.4002 739.6799 179.9834 906.3652 239.6802 1.4192 1.5339 3.7742 5.3182 1.6111 18.3823 -0.1236 0.9331
Car -1 -1 0.3576 186.7654 151.1793 413.4518 236.6758 1.8848 1.7566 4.5431 -7.1435 1.4073 16.8669 -0.0378 0.8983
Car -1 -1 -1.7144 631.7184 179.0588 678.8247 211.5351 1.3970 1.6232 4.1124 2.0274 1.7077 33.9625 -1.6558 0.8953
Car -1 -1 3.7776 0.0000 193.4809 223.4843 360.7401 1.4059 1.6222 4.0980 -6.4401 1.6411 7.2545 3.0696 0.8912
Car -1 -1 -0.3468 738.2263 167.5273 887.5861 223.2467 1.5307 1.5955 3.8223 5.7283 1.3847 20.7699 -0.0819 0.8792
Car -1 -1 3.3754 373.6929 178.6051 495.1087 217.2467 1.4439 1.6528 4.3185 -6.7968 1.6744 28.0370 3.1393 0.8529
Car -1 -1 -0.4162 847.5466 181.4949 1108.6489 272.5254 1.4989 1.6306 3.8361 6.3831 1.6646 12.9223 0.0328 0.8511
Car -1 -1 2.7030 776.0004 183.8111 1002.0067 261.5208 1.5349 1.6487 4.2451 5.8567 1.7864 15.5332 3.0564 0.8218
Car -1 -1 2.2972 1124.2480 174.0680 1242.0000 375.0000 1.4207 1.5743 3.8999 6.1530 1.4312 5.1881 3.1395 0.8138
