Pedestrian -1 -1 1.2766 703.8405 169.4609 735.8965 240.9949 1.6686 0.5645 0.7198 2.7860 1.3890 17.1495 1.4298 0.7970
Pedestrian -1 -1 -1.2981 720.1357 158.2896 751.4201 227.6458 1.7581 0.6297 0.7379 3.4649 1.1709 18.6757 -1.1223 0.7254
Pedestrian -1 -1 -0.8345 613.8072 161.4330 644.7020 217.2929 1.7427 0.6436 0.7574 0.8618 1.1178 22.9042 -0.8024 0.6901
Pedestrian -1 -1 1.5979 300.4618 136.3623 401.9226 374.0000 1.6355 0.5808 0.7891 -1.6812 1.3690 4.7245 1.2664 0.6879
Pedestrian -1 -1 1.8198 448.7979 163.1881 470.2263 217.8649 1.6968 0.5038 0.7235 -4.4999 1.1297 22.6642 1.6209 0.6549
Pedestrian -1 -1 1.4127 751.3979 153.8911 777.2055 215.6020 1.8157 0.6179 0.8757 4.8584 1.0045 21.5865 1.6264 0.6117
Pedestrian -1 -1 1.6758 662.9645 173.8002 690.1883 243.5426 1.6621 0.5943 0.7298 1.8058 1.4798 17.5332 1.7715 0.6032
Pedestrian -1 -1 1.0858 672.5082 162.4548 713.6407 250.1348 1.7051 0.5090 0.7795 1.7937 1.3360 14.4224 1.2019 0.5672
Pedestrian -1 -1 1.3896 631.2646 156.3271 671.0292 243.2299 1.7236 0.6746 0.7741 0.9675 1.2255 14.6695 1.4489 0.5598
Pedestrian -1 -1 -1.1869 122.2088 172.6454 312.7635 374.0000 1.5941 0.6839 0.5904 -1.9756 1.5542 3.6722 -1.6592 0.4541
Pedestrian -1 -1 -1.5720 658.9046 162.4221 676.0254 203.8929 1.7999 0.7406 0.5296 2.8762 0.9728 31.4687 -1.4867 0.4113
Pedestrian -1 -1 -0.1722 540.5845 173.4687 559.2784 208.3692 1.7470 0.5912 0.8522 -2.6154 1.3459 36.3470 -0.2486 0.3894
Pedestrian -1 -1 2.5690 672.1799 168.4954 714.1984 252.4622 1.7945 0.6279 0.6826 1.9755 1.5178 15.7817 2.6860 0.3838
Pedestrian -1 -1 0.4023 735.8411 160.8577 766.7145 216.4848 1.7881 0.4942 0.8670 4.8838 1.1257 23.5365 0.5995 0.3721
Pedestrian -1 -1 2.1225 457.1058 165.3920 490.1484 226.3336 1.8443 0.6678 0.8420 -3.9803 1.3579 22.2499 1.9423 0.3528
Pedestrian -1 -1 1.5570 1023.3204 137.3491 1059.1553 229.0153 1.7349 0.5753 0.7377 8.5564 0.9005 14.0557 2.0905 0.3496
Pedestrian -1 -1 0.8939 277.6233 164.6221 326.1820 251.5876 1.6753 0.6244 0.6443 -5.9838 1.3515 14.2639 0.4978 0.3495
Pedestrian -1 -1 -0.3588 687.6957 164.9143 721.3261 231.2974 1.6941 0.5043 0.7319 2.6411 1.2720 18.6570 -0.2254 0.2866
Pedestrian -1 -1 1.6337 905.6164 143.3056 944.9705 246.3962 1.6720 0.5480 1.6259 5.6101 1.0538 12.4967 2.0427 0.1829
Cyclist -1 -1 1.6172 908.2216 144.8626 945.1170 247.6250 1.6635 0.5340 1.6366 5.6249 1.0717 12.4779 2.0277 0.6801
Car -1 -1 1.6380 553.9375 171.2779 586.6523 197.9530 1.4525 1.6166 4.2347 -1.7400 0.8967 41.2457 1.5912 0.8077
