Pedestrian -1 -1 1.5652 376.0016 174.9131 408.9883 249.8598 1.7542 0.7454 0.8834 -5.3090 1.8058 17.4459 1.2733 0.3355
Cyclist -1 -1 1.7673 445.3548 155.1485 524.7552 328.6035 1.7104 0.5500 1.6284 -1.3850 1.5362 7.9339 1.5987 0.8901
Car -1 -1 -1.8104 766.1497 191.5585 1056.0110 375.0000 1.4612 1.5751 3.3456 2.4244 1.6823 6.7765 -1.4821 0.9812
Car -1 -1 1.7602 378.9571 175.0017 502.0971 268.3640 1.5509 1.6090 3.7596 -3.1718 1.5985 13.9744 1.5403 0.8853
Car -1 -1 -1.4206 483.0728 181.0875 552.1683 236.0551 1.4983 1.5682 3.5735 -2.7803 1.7704 22.0114 -1.5455 0.8398
Car -1 -1 3.8221 0.0000 175.0654 215.1906 322.6228 1.4340 1.6500 4.3558 -7.0301 1.4614 7.9232 3.1129 0.8361
Car -1 -1 1.5260 636.1057 178.1389 670.7612 207.9261 1.4953 1.6688 4.3430 2.2699 1.7985 39.1724 1.5829 0.7785
Car -1 -1 1.9625 557.7570 171.2960 598.7117 192.5361 1.6258 1.7096 4.4199 -2.5098 1.5069 57.5964 1.9188 0.5809
Car -1 -1 -1.6052 672.2230 172.1330 697.7316 196.7075 1.6923 1.6699 4.0715 5.3150 1.6430 51.7719 -1.5039 0.4007
Car -1 -1 0.7679 0.0000 0.0000 1242.0000 375.0000 1.5444 1.6382 3.7594 1.7368 1.5630 0.7546 1.7936 0.3885
