Pedestrian -1 -1 -0.7385 939.3049 129.0985 988.1193 216.8586 1.7905 0.5795 0.7136 7.3467 0.8982 15.0991 -0.2935 0.4131
Pedestrian -1 -1 -2.1461 1152.9076 141.8012 1184.3008 193.8268 1.9792 0.7636 0.5769 21.4465 0.7982 27.7636 -1.4936 0.3841
Pedestrian -1 -1 0.8427 1013.4922 142.5962 1106.9438 241.5259 1.8633 0.6519 1.6377 8.9202 1.2938 14.4522 1.3862 0.1667
Pedestrian -1 -1 -2.6964 1009.4821 112.0630 1083.1671 187.4065 1.8452 0.5447 1.5248 11.0871 0.3568 18.4526 -2.1622 0.1440
Cyclist -1 -1 0.8544 1012.9245 142.1764 1108.2827 244.1433 1.9160 0.6698 1.6767 8.9170 1.3399 14.4388 1.3981 0.5366
Cyclist -1 -1 1.7234 730.6075 180.2480 746.5952 217.9581 1.6999 0.4889 1.7039 5.9857 2.0553 33.7558 1.8967 0.2905
Cyclist -1 -1 -2.6839 1008.6111 106.7566 1087.3806 184.4991 1.8960 0.5419 1.6477 11.1126 0.2844 18.4326 -2.1481 0.2337
Cyclist -1 -1 -3.1436 921.5535 150.9773 964.9132 189.2695 1.7578 0.6359 1.8272 15.5517 0.7539 33.7857 -2.7157 0.1704
Car -1 -1 -1.5664 590.1682 177.6179 616.5220 202.5096 1.5614 1.6803 3.8670 -0.4672 1.8911 47.9379 -1.5766 0.7672
Car -1 -1 1.7188 421.7214 183.6046 460.8369 212.0229 1.4696 1.5948 3.9047 -9.5312 2.1085 40.8413 1.4905 0.6614
Car -1 -1 2.2637 0.0000 142.2073 179.8121 315.5797 1.9625 1.8127 4.6322 -8.6288 1.6160 10.4961 1.5879 0.3110
Car -1 -1 -1.2349 241.7316 185.0208 380.6610 258.8455 1.4544 1.6974 4.2284 -6.9127 1.7789 17.0702 -1.6148 0.1706
Car -1 -1 1.7282 213.9356 178.8893 241.0314 197.8403 1.6214 1.5562 3.9762 -34.5576 2.1851 65.2208 1.2424 0.1692
