Pedestrian -1 -1 2.1440 69.5186 144.0375 130.4830 243.4319 1.8874 0.6517 0.7815 -10.0027 1.3406 14.1005 1.5358 0.3704
Pedestrian -1 -1 3.4232 212.8840 156.6591 270.7649 233.6869 1.8901 0.6006 1.1726 -9.2728 1.4931 18.1058 2.9555 0.1769
Pedestrian -1 -1 -0.4240 0.0000 111.9837 67.0088 290.3408 1.8598 0.6710 0.6540 -6.6029 1.2254 7.9647 -1.0999 0.1493
Pedestrian -1 -1 -1.3968 361.2847 155.3093 432.0283 287.4992 1.4360 0.6559 0.7310 -2.4708 1.2457 8.2344 -1.6804 0.1448
Car -1 -1 -1.7279 700.8650 175.7101 810.1765 257.2848 1.4754 1.6063 3.8072 2.8507 1.5432 15.1054 -1.5459 0.9526
Car -1 -1 -1.6755 629.8517 167.7743 670.9249 204.4302 1.9416 1.8207 4.5599 2.1709 1.6729 40.5409 -1.6229 0.7610
Car -1 -1 -2.4318 0.0000 0.0000 1242.0000 375.0000 1.5273 1.6002 3.7617 2.8172 1.6253 1.9001 -1.5246 0.6193
Car -1 -1 1.4912 553.3173 179.8035 575.6042 197.5536 1.4998 1.6742 4.0371 -4.1355 2.1442 64.7406 1.4272 0.4874
Car -1 -1 1.8373 232.3082 101.4897 493.9003 308.0140 2.2118 1.9862 5.6742 -3.1568 1.4479 10.5787 1.5533 0.2373
Car -1 -1 -0.2304 0.0000 0.0000 1242.0000 375.0000 1.5762 1.6879 3.9754 -3.6918 1.6821 1.4241 -1.3682 0.1499
