Car -1 -1 -1.2481 236.3124 188.5184 447.4590 313.8410 1.4304 1.6010 3.8359 -3.5523 1.4873 10.2233 -1.5747 0.9635
Car -1 -1 -1.4115 463.0812 178.0773 538.5112 232.4397 1.5422 1.6630 4.3278 -3.2877 1.3409 22.5667 -1.5549 0.9188
Car -1 -1 -1.5867 583.9078 178.7479 621.1949 212.3556 1.4752 1.6381 3.4203 -0.3069 1.1925 33.2814 -1.5963 0.8881
Car -1 -1 -0.9235 0.0000 183.2459 181.3549 323.9422 1.4857 1.6054 4.0933 -7.7650 1.4660 9.6469 -1.5878 0.8392
Car -1 -1 -1.0169 77.6311 185.7648 231.1796 243.8818 1.3316 1.5408 3.7768 -11.4470 1.3483 18.3943 -1.5672 0.7842
Car -1 -1 -1.4202 431.3018 179.9218 477.2621 211.3584 1.4897 1.6652 4.0574 -7.6806 1.2399 36.1336 -1.6285 0.7671
Car -1 -1 1.7763 368.6202 183.2498 436.0517 224.2694 1.3651 1.5598 3.9194 -7.3554 1.3008 25.9272 1.5023 0.7593
Car -1 -1 -1.2065 329.4145 179.2991 387.6063 210.7846 1.4853 1.5536 3.5791 -12.3476 1.2073 35.7218 -1.5373 0.7144
Car -1 -1 -1.1082 201.4781 185.6333 341.8165 254.7022 1.4084 1.4967 3.4520 -7.5645 1.4201 16.4285 -1.5337 0.6559
Car -1 -1 -1.1310 200.4119 181.6095 297.2540 225.1656 1.3916 1.5452 3.7101 -12.3144 1.2775 24.8305 -1.5873 0.5809
