Cyclist -1 -1 -2.5249 627.6493 166.4273 655.4146 195.6285 1.7604 0.5564 1.6887 1.8945 1.3733 44.2317 -2.4828 0.2703
Car -1 -1 -1.5401 526.1076 176.6421 559.5179 206.9693 1.4885 1.6293 4.1455 -3.5319 1.6999 38.0607 -1.6325 0.8838
Car -1 -1 1.9787 252.4105 167.6986 363.9203 230.9099 1.8903 1.7679 4.4002 -9.8302 1.7365 23.7912 1.5905 0.7225
Car -1 -1 -1.7900 570.3436 175.6988 607.7530 200.3060 1.5128 1.6067 3.9374 -1.4388 1.7066 46.9496 -1.8210 0.6376
Car -1 -1 1.6029 435.2632 178.9963 463.3605 203.7986 1.5842 1.7426 4.2157 -10.9933 2.0243 49.4223 1.3848 0.5416
Car -1 -1 -1.1620 358.4450 179.9751 402.3385 202.6533 1.6444 1.7371 4.1212 -17.7230 2.2166 55.7979 -1.4685 0.3594
Car -1 -1 -0.9924 0.0000 181.1030 224.6032 320.8388 1.3751 1.6382 4.1630 -6.9668 1.5079 9.4623 -1.6138 0.3177
Car -1 -1 -1.1676 136.9257 181.9927 330.3439 274.8479 1.4533 1.6740 4.3542 -7.0306 1.6584 13.9480 -1.6273 0.3153
Car -1 -1 1.8625 178.5545 171.9771 248.1511 209.5261 1.4657 1.5419 3.6731 -16.5046 1.4318 30.1167 1.3647 0.2628
Car -1 -1 1.9068 309.3068 178.2513 413.6671 233.9597 1.4581 1.6316 4.1157 -7.2531 1.6336 21.3502 1.5826 0.2267
