Car -1 -1 -1.2873 334.7187 187.5266 456.9249 262.9965 1.4122 1.5601 3.4669 -4.4109 1.4681 15.2931 -1.5638 0.9716
Car -1 -1 -1.0653 34.4443 195.5048 250.7930 289.4286 1.4153 1.6107 3.8894 -8.3225 1.6343 13.2423 -1.6176 0.9355
Car -1 -1 -1.4037 436.1195 181.2992 499.9908 226.3285 1.4582 1.5433 4.0736 -4.8719 1.3325 25.3287 -1.5921 0.9272
Car -1 -1 -1.0516 93.9434 162.2896 253.3210 231.4663 1.7730 1.7744 4.7797 -12.3530 1.1865 20.8195 -1.5816 0.9013
Car -1 -1 -1.2715 300.5800 179.6921 384.2451 228.9278 1.4885 1.5548 3.6473 -8.6413 1.3226 23.5876 -1.6193 0.8755
Car -1 -1 2.2595 0.0000 210.9281 257.8940 376.0000 1.4850 1.5932 3.9094 -4.0029 1.7185 4.5350 1.5652 0.8666
Car -1 -1 -1.4513 484.9388 179.5379 525.3670 211.9627 1.4813 1.5251 3.4392 -4.9192 1.2231 34.5728 -1.5920 0.8479
Car -1 -1 -1.5657 576.8937 177.7059 606.7067 207.4315 1.5040 1.5086 2.6589 -0.8627 1.1252 37.7101 -1.5888 0.8277
Car -1 -1 -1.4622 469.5564 174.7137 496.5797 196.0766 1.5555 1.6178 3.6987 -9.3895 0.7919 54.2338 -1.6332 0.5704
Car -1 -1 -1.2983 303.8204 181.7294 363.9691 215.5928 1.4854 1.6715 3.7067 -12.6974 1.3336 33.4477 -1.6588 0.5648
