Pedestrian -1 -1 -1.9779 447.7936 165.4230 503.5397 272.8781 1.6823 0.6225 0.8278 -2.1716 1.4479 11.5815 -2.1565 0.7011
Pedestrian -1 -1 0.2734 1047.7584 123.7925 1166.8822 308.7382 1.8398 0.7359 0.8903 5.3480 1.2774 7.6060 0.8686 0.6889
Pedestrian -1 -1 -1.4043 277.9179 180.8887 316.2561 260.9664 1.5870 0.6073 0.6913 -6.3119 1.5967 14.4183 -1.8072 0.4708
Pedestrian -1 -1 -3.3793 988.8559 119.7677 1070.7665 252.0877 1.7708 0.4170 0.8951 5.8146 0.9597 9.7837 -2.8552 0.3685
Pedestrian -1 -1 0.4094 411.2757 169.1281 479.6359 283.3329 1.6984 0.5457 0.8802 -2.4895 1.5310 10.8618 0.1921 0.3580
Pedestrian -1 -1 3.2137 118.1146 112.8403 198.8235 253.7341 1.8563 0.5974 0.8969 -6.2015 0.9666 9.7816 2.6657 0.3464
Pedestrian -1 -1 -1.0634 787.0724 163.2384 805.1174 197.5357 1.8140 0.6615 0.7319 10.2295 0.9024 37.8842 -0.8001 0.3330
Pedestrian -1 -1 -1.4300 0.0000 185.7333 18.4874 240.1273 1.6657 0.5986 0.6743 -18.8759 1.8347 22.1764 -2.1265 0.2480
Cyclist -1 -1 -2.0442 972.3983 139.2467 1023.6309 208.4332 1.7489 0.4353 1.7260 10.3497 0.7077 18.7361 -1.5448 0.6879
Cyclist -1 -1 1.1698 875.2223 156.9175 903.8458 195.7392 1.7920 0.5456 1.9314 13.4888 0.7049 33.6040 1.5500 0.4844
Car -1 -1 -1.6058 651.4020 167.6411 677.9514 192.2383 1.6062 1.6547 4.3762 4.0453 0.7678 48.3905 -1.5212 0.8185
Car -1 -1 -0.8732 0.0000 205.1686 290.4543 370.0000 1.4847 1.5757 3.8220 -3.1752 1.6711 3.3689 -1.5818 0.8075
Car -1 -1 1.9076 442.2217 169.0731 490.6496 197.4494 1.6788 1.6770 4.1282 -8.5594 1.0041 43.9894 1.7186 0.4839
