Pedestrian -1 -1 -3.5033 993.1978 120.0749 1062.9292 248.0687 1.7254 0.4256 0.7227 5.8025 0.9125 9.7944 -2.9805 0.4058
Pedestrian -1 -1 2.9434 120.5752 104.2938 201.7991 246.9044 1.8727 0.6305 0.8530 -6.1994 0.8737 9.8007 2.3965 0.3800
Pedestrian -1 -1 -3.3137 989.0966 148.7081 1026.2679 219.9688 1.7955 0.6597 0.7263 10.3437 0.9961 18.2414 -2.8036 0.3765
Pedestrian -1 -1 -0.9164 788.6363 163.4226 806.8533 196.5599 1.7469 0.6620 0.6784 10.2767 0.8481 37.7380 -0.6510 0.3452
Pedestrian -1 -1 0.7403 269.8121 176.5632 327.5900 260.0884 1.6564 0.6117 0.9121 -6.3010 1.5800 14.4568 0.3389 0.3345
Pedestrian -1 -1 -1.4445 118.0475 152.6645 136.9374 192.7901 1.9420 0.6924 0.6203 -23.4115 0.5963 34.6463 -2.0325 0.2661
Pedestrian -1 -1 -1.4336 511.7128 164.7869 519.7302 186.7703 1.8900 0.5932 0.7275 -7.7010 0.5403 61.1506 -1.5564 0.1680
Pedestrian -1 -1 -0.1541 724.9189 162.3838 737.4117 186.5470 1.9053 0.4669 0.9128 10.0022 0.4781 55.9921 0.0234 0.1665
Pedestrian -1 -1 0.0287 772.3236 158.3712 792.0081 190.0708 1.8011 0.5943 1.0804 10.1690 0.5452 40.6012 0.2741 0.1443
Cyclist -1 -1 -2.1856 872.6834 156.1394 908.6425 195.4939 1.8112 0.5469 1.9595 13.5180 0.6915 33.5513 -1.8041 0.5705
Cyclist -1 -1 0.6925 266.9505 174.8391 329.8446 259.9614 1.6873 0.6297 1.0133 -6.3062 1.5768 14.4575 0.2908 0.1337
Car -1 -1 -0.8754 0.0000 208.4791 289.5251 370.0000 1.4724 1.5987 3.9102 -3.1597 1.6825 3.2885 -1.5925 0.8088
Car -1 -1 1.6065 86.7804 179.2274 118.4588 203.5855 1.5930 1.6093 3.9386 -34.2905 1.5111 48.3245 0.9941 0.1614
