Car -1 -1 -1.7751 716.1111 185.9060 854.9527 283.7010 1.3941 1.5693 3.6775 2.8417 1.6562 12.6233 -1.5597 0.9672
Car -1 -1 -0.2785 786.6720 173.2541 972.5461 239.0739 1.5197 1.6415 3.9442 6.4119 1.5304 17.6146 0.0646 0.9548
Car -1 -1 0.5384 26.4253 175.6357 380.5620 303.9896 1.6611 1.6530 4.1595 -5.6749 1.7047 10.2940 0.0449 0.9319
Car -1 -1 0.6352 0.0000 189.6268 299.3902 337.4510 1.4458 1.5937 4.4080 -6.0651 1.6520 8.0448 0.0048 0.9312
Car -1 -1 0.4370 195.0578 170.6768 438.3973 259.2871 1.7363 1.6639 4.4355 -6.0715 1.6940 15.0996 0.0603 0.9311
Car -1 -1 0.5389 152.0508 176.7058 386.9539 271.5599 1.5291 1.5296 3.4325 -5.9300 1.6021 12.6513 0.1081 0.8817
Car -1 -1 -2.8543 337.3552 182.0037 470.7926 231.9341 1.4695 1.5752 3.6773 -6.3527 1.7635 22.3419 -3.1287 0.8513
Car -1 -1 -1.6701 637.1464 178.8746 668.5834 204.5520 1.5468 1.6229 3.9559 2.6838 1.9513 46.4160 -1.6133 0.8297
Car -1 -1 2.8922 714.3958 178.2660 834.3295 219.5866 1.5326 1.6578 4.2380 6.2477 1.7489 27.8897 3.1097 0.7994
Car -1 -1 3.4579 229.9508 173.9458 415.7151 235.2678 1.4120 1.5257 3.9079 -6.9076 1.4402 17.5107 3.0869 0.7916
Car -1 -1 -2.8931 373.6917 176.0078 491.5418 221.2792 1.6406 1.6499 4.0171 -6.6424 1.7632 27.1079 -3.1317 0.7461
Car -1 -1 3.4256 283.7165 182.1232 457.7751 237.1060 1.4233 1.6008 4.2627 -6.5203 1.6896 19.8315 3.1114 0.7454
Car -1 -1 2.8140 699.3328 176.2844 790.7422 213.1884 1.5255 1.5761 3.5469 5.7390 1.6785 31.0564 2.9944 0.6866
