Pedestrian -1 -1 1.9204 191.1147 179.7776 247.1361 282.6197 1.6664 0.6347 0.6680 -6.6019 1.7866 12.1142 1.4301 0.5054
Pedestrian -1 -1 -0.5243 227.4160 169.2992 244.5761 198.1664 1.8271 0.6279 0.7633 -23.9564 1.6025 46.1570 -1.0009 0.1189
Cyclist -1 -1 0.6302 1106.6844 189.8784 1167.1749 249.7108 1.6171 0.5288 1.3380 14.9940 2.1211 20.6252 1.2513 0.1669
Car -1 -1 -1.5956 556.5307 181.0637 598.8447 218.9788 1.3847 1.5985 3.8767 -1.4043 1.7401 29.2033 -1.6438 0.9412
Car -1 -1 2.4100 894.5297 193.1150 1005.2323 238.4582 1.5095 1.5772 3.5245 12.3872 2.2877 26.4255 2.8432 0.9132
Car -1 -1 -1.5851 506.2179 178.7871 535.1315 205.9235 1.4381 1.5569 3.4561 -5.1182 1.7893 40.8497 -1.7094 0.8171
Car -1 -1 -0.9534 1037.9437 196.9592 1146.2303 241.1985 1.5610 1.5889 3.9308 18.9952 2.5620 28.4940 -0.3710 0.6734
Car -1 -1 -1.6380 560.6085 165.3515 588.9185 194.4641 2.0598 1.7836 4.5352 -2.6775 1.5293 53.4039 -1.6882 0.1287
Car -1 -1 -2.8739 784.1049 156.5491 861.6462 182.2109 1.5340 1.6335 4.3591 13.2108 0.5597 44.9661 -2.5901 0.1226
Car -1 -1 1.0927 775.0259 176.7894 821.9214 200.1141 1.6506 1.7709 3.9242 13.9922 1.9563 53.8801 1.3450 0.1158
