Pedestrian -1 -1 3.4882 0.0000 201.7891 48.7138 279.4523 1.7659 0.6899 1.3629 -14.5198 2.4851 17.3697 2.7994 0.2905
Pedestrian -1 -1 -0.8100 942.2155 149.0646 967.0298 191.7213 1.9124 0.6077 0.8382 15.6158 0.8462 32.7802 -0.3691 0.1587
Pedestrian -1 -1 2.3073 1044.7262 146.9027 1105.4934 250.3846 1.7894 0.5443 0.7569 8.2190 1.3410 12.8387 2.8659 0.1140
Cyclist -1 -1 3.5819 0.0000 201.0331 46.1059 278.9404 1.7697 0.7129 1.5483 -14.6666 2.4676 17.3178 2.8867 0.5305
Cyclist -1 -1 1.0327 776.8259 142.9865 817.2429 198.3256 1.8108 0.5135 1.7175 6.2865 0.8338 24.5034 1.2807 0.1650
Car -1 -1 -1.5916 594.8099 175.7034 625.7938 207.0292 1.6996 1.6889 4.5677 -0.0654 1.8744 41.8654 -1.5937 0.8270
Car -1 -1 -2.3897 0.0000 205.0316 55.1957 273.9856 1.5202 1.5252 3.3464 -15.7242 2.3355 17.4639 -3.1152 0.1952
Car -1 -1 2.3773 44.5896 204.4247 195.3771 261.5632 1.4441 1.5912 3.8628 -15.1942 2.5220 22.5659 1.7899 0.1925
Car -1 -1 -0.9774 73.1925 189.9377 329.2226 295.3531 1.3674 1.6449 4.1986 -6.6309 1.7090 12.2354 -1.4654 0.1338
Car -1 -1 1.6798 369.8921 184.6440 404.0251 211.6180 1.6090 1.6841 4.1791 -14.5636 2.4164 47.1790 1.3816 0.1325
Car -1 -1 2.6475 913.4335 169.5867 1080.0024 225.5931 1.4911 1.5518 3.7943 10.5915 1.4045 20.0092 3.1278 0.1288
Car -1 -1 -2.2645 806.6857 176.9031 861.2453 200.8906 1.6208 1.6155 3.8673 15.9194 1.9223 51.5547 -1.9670 0.1054
