Pedestrian -1 -1 1.6871 1111.8192 42.2555 1242.0000 375.0000 1.7666 0.6858 0.7314 3.1779 1.1405 3.9599 2.3280 0.5597
Pedestrian -1 -1 2.7185 878.5185 141.0656 939.3160 213.7606 1.8881 0.6525 1.3354 7.8488 1.0628 19.0899 3.1029 0.2093
Pedestrian -1 -1 2.4026 1184.9918 173.9425 1242.0000 347.0943 1.7286 0.6009 0.7150 6.5369 1.7408 7.5201 3.0981 0.1698
Pedestrian -1 -1 -0.0267 541.1029 177.0845 551.2081 203.5721 1.7508 0.6455 0.6542 -4.2943 2.0357 48.1633 -0.1156 0.1354
Pedestrian -1 -1 2.3843 725.5135 167.7646 757.9872 224.8444 1.7244 0.5605 0.8275 4.0181 1.5710 22.2568 2.5599 0.1255
Cyclist -1 -1 -1.8998 701.1727 172.1350 723.6244 213.0126 1.7111 0.4324 1.6766 4.3558 1.6813 31.0637 -1.7624 0.1962
Cyclist -1 -1 -1.2250 517.9485 176.7301 537.0527 209.7545 1.6967 0.4582 1.6937 -4.3887 1.9067 38.1506 -1.3392 0.1273
Car -1 -1 1.7154 545.5940 183.6905 589.4133 217.6884 1.5489 1.6425 3.9714 -2.1135 2.1242 36.2253 1.6569 0.8817
Car -1 -1 -1.5865 699.7266 171.3349 730.5682 202.6648 1.7241 1.6841 4.3013 6.0335 1.6409 41.9434 -1.4451 0.5421
Car -1 -1 -1.5522 582.3421 177.8546 600.6698 194.9869 1.5218 1.6363 3.4490 -1.7101 1.9974 66.8312 -1.5781 0.3942
Car -1 -1 1.0101 887.5936 145.7548 989.6782 196.2682 1.5470 1.5048 3.3389 10.7118 0.7174 23.8549 1.4275 0.1475
Car -1 -1 1.7100 527.4821 171.7370 557.2492 196.6833 1.7526 1.6367 3.9232 -4.9269 1.6745 52.6858 1.6169 0.1432
