Car -1 -1 -1.6814 663.8935 186.5014 722.4150 237.3124 1.6109 1.6429 3.7956 2.8520 2.1351 25.7937 -1.5735 0.9555
Car -1 -1 -2.7517 241.3560 182.1941 432.7678 255.4558 1.5647 1.5941 3.7703 -6.1922 1.7898 16.4912 -3.1062 0.9447
Car -1 -1 0.3514 353.8824 184.7765 490.2169 237.3406 1.6596 1.6353 4.1255 -6.3068 2.0776 24.2570 0.0991 0.9397
Car -1 -1 -1.7962 705.6338 189.6930 841.9810 290.0487 1.5544 1.6470 3.8292 2.8930 1.9209 13.7553 -1.5945 0.9382
Car -1 -1 -1.9198 761.6312 201.7395 1037.3134 375.0000 1.4603 1.6181 3.6946 2.9255 1.8676 8.2965 -1.5935 0.9373
Car -1 -1 0.5740 0.0000 161.8129 349.4869 309.1108 1.7724 1.7203 4.4745 -6.0649 1.6399 9.5888 0.0221 0.9093
Car -1 -1 3.8159 0.0000 185.7235 217.6404 361.6989 1.5339 1.6342 3.9285 -6.4369 1.6800 7.2923 3.1107 0.9064
Car -1 -1 -1.6641 647.4036 184.9380 686.0922 218.8984 1.5712 1.6103 3.5455 2.7814 2.2118 36.4396 -1.5892 0.9033
Car -1 -1 3.3466 402.2581 176.3031 511.2165 218.3053 1.6295 1.7173 4.0169 -6.1362 1.7725 28.9938 3.1394 0.9012
Car -1 -1 -2.2218 893.0707 151.7332 1242.0000 375.0000 1.5666 1.6080 3.6351 2.6346 1.5312 3.0473 -1.5561 0.8973
Car -1 -1 -2.5925 74.7091 167.9636 345.5623 266.3587 1.5023 1.5789 3.6277 -6.5232 1.4280 11.9052 -3.0847 0.8729
Car -1 -1 0.6674 173.2067 193.5573 413.2599 280.6556 1.4688 1.6278 4.2051 -6.2106 1.9124 14.1211 0.2593 0.7111
