Pedestrian -1 -1 1.6286 937.3080 137.2016 970.0327 217.4991 1.8075 0.6482 0.7903 7.9299 1.0053 16.7409 2.0639 0.4891
Pedestrian -1 -1 -1.6813 813.3600 157.7002 830.4197 197.1789 1.9250 0.7442 0.5816 10.3921 1.1864 35.5291 -1.3993 0.2780
Pedestrian -1 -1 -3.1111 816.7034 120.1412 868.2306 219.1070 1.8278 0.6149 0.9160 4.3851 0.8546 13.7638 -2.8091 0.2337
Pedestrian -1 -1 1.3160 953.4689 169.8904 981.6018 230.0640 1.6392 0.5350 0.7053 9.8814 1.5588 20.0505 1.7675 0.2324
Cyclist -1 -1 -1.7910 749.6561 167.7068 764.2673 199.0669 1.7298 0.4562 1.6281 8.2301 1.4463 40.6166 -1.5929 0.4222
Cyclist -1 -1 2.4950 385.6348 128.4931 439.7582 195.0262 1.8359 0.5449 1.4608 -5.6797 0.6122 20.6514 2.2297 0.2137
Cyclist -1 -1 2.3206 354.5773 141.3938 392.2071 196.3982 1.8298 0.5343 1.2195 -8.1226 0.7836 24.6656 2.0055 0.1805
Cyclist -1 -1 -3.1637 815.1758 119.8776 872.4753 220.9610 1.8693 0.6047 1.0191 4.3962 0.8900 13.7720 -2.8612 0.1087
Car -1 -1 1.7284 630.2217 176.4405 665.1050 201.2753 1.5024 1.6428 3.9514 2.4310 1.7437 46.3581 1.7800 0.7816
Car -1 -1 -2.3750 1004.6211 180.7914 1242.0000 375.0000 1.5301 1.6172 3.6263 2.6610 1.5718 1.8840 -1.4920 0.6742
Car -1 -1 2.4477 0.0000 174.4986 314.4101 375.0000 1.4763 1.6239 3.9589 -2.7147 1.4865 2.2825 1.6324 0.4735
