Pedestrian -1 -1 1.1489 798.0111 147.3915 845.4497 232.5221 1.8265 0.6819 0.9306 4.6287 1.2805 15.9875 1.4253 0.7711
Pedestrian -1 -1 -0.2212 682.9388 169.1489 696.7498 197.2397 1.7749 0.5883 0.7622 5.0477 1.5411 45.9216 -0.1128 0.3678
Pedestrian -1 -1 1.1471 917.3127 131.7660 968.8831 225.1778 1.8067 0.6529 0.8046 6.5633 1.0124 14.3561 1.5679 0.2961
Pedestrian -1 -1 2.1274 0.0000 144.5937 195.5284 375.0000 1.7377 0.5651 1.7538 -3.1652 1.6113 4.1270 1.5032 0.1511
Cyclist -1 -1 2.1377 0.0000 134.2350 197.4546 375.0000 1.7128 0.5399 1.7727 -3.1762 1.5382 4.1667 1.5161 0.6820
Cyclist -1 -1 1.1489 798.0111 147.3915 845.4497 232.5221 1.8265 0.6819 0.9306 4.6287 1.2805 15.9875 1.4253 0.1163
Car -1 -1 1.7919 451.2060 180.1755 526.1241 226.8001 1.4672 1.7051 4.3183 -4.2403 1.7497 25.6002 1.6288 0.9370
Car -1 -1 -1.4897 684.4014 175.3335 735.7910 220.0363 1.5613 1.6529 3.5558 3.8032 1.6621 27.3239 -1.3536 0.8767
Car -1 -1 2.2009 0.0000 187.0962 307.4733 375.0000 1.5361 1.6698 4.4801 -4.9354 1.7236 7.2047 1.6169 0.7650
Car -1 -1 1.7431 644.4058 171.5243 668.6438 189.9398 1.6319 1.5868 3.8035 4.2625 1.5145 65.9724 1.8070 0.3945
Car -1 -1 -1.4241 733.1697 176.5019 774.7699 206.7080 1.4896 1.6334 3.7405 7.6103 1.6929 38.1063 -1.2289 0.2954
Car -1 -1 -1.2083 690.3163 174.3588 744.1556 205.1917 1.5118 1.5797 3.6676 5.5907 1.5947 37.5568 -1.0621 0.2605
