Pedestrian -1 -1 -2.1623 956.8329 178.8286 998.9910 253.6516 1.6365 0.5310 0.7186 8.2188 1.7746 16.2321 -1.7017 0.1845
Pedestrian -1 -1 2.3057 1187.2257 114.6686 1242.0000 239.8089 1.7701 0.5243 0.7327 8.9271 0.9474 10.5160 2.9959 0.1063
Cyclist -1 -1 2.2405 224.7275 182.0463 251.3386 209.0132 1.7615 0.5051 1.9380 -25.1772 2.3965 48.8098 1.7663 0.2793
Cyclist -1 -1 -0.0328 905.3061 162.8441 953.6376 206.3667 1.7176 0.6083 1.7584 12.8145 1.3229 29.0802 0.3781 0.2681
Cyclist -1 -1 -1.8693 704.5513 180.7166 719.9136 210.1223 1.5954 0.4303 1.4775 5.6700 2.0434 40.3159 -1.7311 0.2211
Cyclist -1 -1 -2.1237 949.9590 176.8342 993.8785 228.0298 1.6453 0.4818 1.7067 12.0669 1.7840 24.1943 -1.6666 0.1720
Car -1 -1 2.1736 0.0000 201.3728 230.9201 331.3388 1.4142 1.6317 4.5077 -7.8760 1.9424 11.0955 1.5673 0.9402
Car -1 -1 -1.6397 586.2734 180.2674 622.0179 212.6405 1.6507 1.6675 4.5333 -0.4157 2.0878 40.1797 -1.6506 0.8488
Car -1 -1 1.7909 415.4645 183.0018 471.9172 221.6421 1.3859 1.4435 3.4929 -6.5541 1.8124 28.5455 1.5667 0.3308
Car -1 -1 1.7365 453.3698 179.4902 498.6839 213.3203 1.5551 1.5734 4.0511 -6.6591 1.9053 36.0021 1.5544 0.1376
