Pedestrian -1 -1 -1.6493 599.4675 172.8869 618.8769 214.2273 1.6714 0.7160 1.0600 -0.0825 1.6732 29.7280 -1.6527 0.4363
Pedestrian -1 -1 1.4190 661.9047 176.7787 675.4734 210.2857 1.7355 0.5925 0.8102 3.0423 1.9443 37.8952 1.4979 0.2023
Pedestrian -1 -1 1.9801 653.3969 172.5087 666.8082 200.1086 1.6921 0.5972 0.7075 3.0721 1.6713 44.6841 2.0478 0.1928
Cyclist -1 -1 2.1078 414.9509 139.8590 452.6651 193.7231 1.8367 0.5476 1.6056 -6.2413 0.7120 25.4485 1.8695 0.1892
Cyclist -1 -1 -1.1810 1153.2272 98.7491 1242.0000 267.6787 1.8273 0.5943 1.8659 7.1762 1.0260 8.5081 -0.4972 0.1853
Cyclist -1 -1 -1.6476 599.2307 172.3839 619.0453 214.1296 1.6855 0.7303 1.1046 -0.0844 1.6669 29.7094 -1.6511 0.1490
Car -1 -1 1.8237 328.6344 178.2450 471.9345 283.5202 1.6843 1.6375 3.9552 -3.8469 1.8022 13.7357 1.5548 0.9723
Car -1 -1 2.0223 53.7491 210.0668 382.9716 375.0000 1.3877 1.4793 3.5825 -3.7308 1.8686 7.5205 1.5748 0.9688
Car -1 -1 -1.6204 615.8266 174.9683 659.3232 214.7485 1.5282 1.5907 3.8938 1.0423 1.6219 29.8838 -1.5864 0.8371
Car -1 -1 1.7781 499.8799 169.9931 555.0724 208.6568 1.7405 1.7991 4.2347 -3.9270 1.6120 34.6708 1.6656 0.4329
Car -1 -1 1.4662 612.6556 168.4431 643.4427 196.6363 1.7720 1.5951 4.0905 1.1141 1.4951 47.4515 1.4891 0.3432
Car -1 -1 -1.8941 633.6978 152.7173 670.1760 183.2660 2.6771 1.8852 4.7984 3.7521 0.9128 65.7905 -1.8376 0.2290
Car -1 -1 -0.0414 639.0541 164.9174 686.7371 184.0341 1.5759 1.6327 3.9104 4.3727 0.9220 60.3523 0.0303 0.1890
Car -1 -1 -1.6390 653.7544 165.6613 684.1614 195.2940 1.8267 1.6705 4.0279 3.7257 1.3837 46.5000 -1.5599 0.1821
