Pedestrian -1 -1 1.2354 1021.9089 182.8749 1104.5146 317.7923 1.7309 0.6989 0.8499 6.0843 1.8744 9.8139 1.7759 0.3769
Pedestrian -1 -1 -1.8655 582.0283 154.7768 604.8438 198.3050 1.8969 0.7914 0.8690 -0.7790 1.1095 31.9780 -1.8900 0.2913
Pedestrian -1 -1 -1.7337 942.8231 152.4314 974.4401 219.0356 1.7657 0.6326 0.8849 9.4309 1.2247 19.6380 -1.2922 0.2663
Pedestrian -1 -1 0.3860 890.3743 166.1371 931.9019 258.5861 1.7830 0.6497 0.5631 5.9368 1.6538 14.3419 0.7704 0.1933
Pedestrian -1 -1 1.6346 409.0719 144.2535 431.0954 196.5918 1.9233 0.7474 0.7861 -7.1355 0.8726 26.9686 1.3781 0.1787
Pedestrian -1 -1 0.4151 1048.6807 168.3911 1091.9048 222.0503 1.7089 0.7167 0.9880 14.9966 1.5671 23.5863 0.9753 0.1635
Pedestrian -1 -1 1.4350 510.0401 143.1547 529.5627 191.2439 1.8830 0.6831 0.6812 -3.6296 0.7204 28.6669 1.3099 0.1554
Pedestrian -1 -1 0.3807 822.3234 158.5363 861.6371 227.0174 1.8111 0.7988 0.7810 6.2677 1.4328 19.6355 0.6848 0.1422
Pedestrian -1 -1 -3.7182 1197.3237 124.5321 1242.0000 229.4645 1.8478 0.5572 0.7789 11.1704 0.9972 13.0266 -3.0205 0.1319
Pedestrian -1 -1 -1.6998 433.4739 150.5178 446.9803 184.5120 1.9218 0.6690 0.6824 -9.7374 0.6594 41.2261 -1.9305 0.1219
Pedestrian -1 -1 1.2805 493.1564 147.3492 517.7703 201.3255 1.8517 0.6432 0.8239 -3.7085 0.9771 25.2595 1.1358 0.1209
Pedestrian -1 -1 -1.8655 1176.3000 124.9763 1217.2931 191.0814 1.9411 0.7455 0.8205 17.5916 0.5356 21.7037 -1.1908 0.1074
Cyclist -1 -1 1.0378 1006.0222 181.4057 1100.4910 317.5953 1.7522 0.5831 1.1642 6.0142 1.8773 9.9367 1.5679 0.1354
Car -1 -1 -1.7941 694.2577 181.1740 830.6902 272.7899 1.4679 1.6312 4.2007 2.7277 1.6551 14.0737 -1.6076 0.9705
