Pedestrian -1 -1 -0.0580 444.4340 157.9027 462.1621 195.6325 1.8490 0.6311 0.8236 -7.8098 1.1166 35.7716 -0.2717 0.2631
Pedestrian -1 -1 -3.8170 1203.1887 203.6673 1242.0000 268.3476 1.7860 0.7355 0.7112 17.5914 2.6845 20.6541 -3.1196 0.1702
Pedestrian -1 -1 -1.2074 74.5355 184.1638 117.5613 253.3236 1.6437 0.6407 0.7312 -12.6612 1.9287 17.7216 -1.8209 0.1472
Pedestrian -1 -1 -1.2941 201.9276 167.0147 221.7867 203.2256 1.8262 0.7003 0.7818 -20.3639 1.5321 36.8456 -1.7961 0.1198
Car -1 -1 2.1103 0.0000 198.7937 161.1675 310.6252 1.4359 1.6352 4.3697 -9.8462 1.9699 12.5763 1.4562 0.9088
Car -1 -1 1.9134 261.8887 188.4904 344.2697 234.8945 1.4106 1.5321 3.4505 -10.5301 1.9885 24.8843 1.5165 0.8676
Car -1 -1 -1.5045 329.9771 191.7940 364.4181 221.9113 1.5016 1.5757 3.3680 -14.6046 2.6033 40.1182 -1.8519 0.3012
Car -1 -1 -1.5866 562.8035 179.1891 580.0437 195.9517 1.5357 1.5928 3.5209 -3.7420 2.1602 69.2808 -1.6408 0.1847
Car -1 -1 -1.6467 867.2587 186.3752 893.4469 206.9933 1.5648 1.7186 3.9915 22.3226 2.7251 59.7402 -1.2912 0.1733
Car -1 -1 1.9980 127.2206 190.4576 199.6192 225.5660 1.4878 1.5383 3.6865 -21.2510 2.3750 34.4256 1.4482 0.1429
Car -1 -1 1.7091 778.3141 183.2585 808.5110 206.7291 1.5402 1.5884 3.6942 13.0013 2.3071 51.1401 1.9562 0.1293
