Pedestrian -1 -1 -0.9537 761.9638 180.2554 795.3412 236.3829 1.6091 0.6153 0.7947 4.9349 1.8331 21.3069 -0.7299 0.1465
Pedestrian -1 -1 -2.4789 759.6193 163.1488 798.1676 227.4331 1.7679 0.6100 0.8676 4.7173 1.5013 20.3690 -2.2552 0.1234
Cyclist -1 -1 -0.9426 54.9102 185.1041 88.9565 222.3398 1.6351 0.4425 1.5069 -24.5839 2.2075 32.9344 -1.5801 0.1460
Car -1 -1 -1.5913 594.2495 174.4701 625.9832 204.7236 1.6078 1.6908 4.4535 -0.0769 1.7046 40.8277 -1.5937 0.8771
Car -1 -1 1.8398 388.3011 182.2319 426.9792 206.4023 1.5236 1.5497 3.8707 -13.6993 2.1851 48.9221 1.5678 0.7027
Car -1 -1 1.7838 332.2604 177.3972 380.9141 210.9394 1.4987 1.5062 3.3906 -12.0935 1.7274 34.4909 1.4486 0.3344
Car -1 -1 0.7588 1078.4202 171.9662 1181.3824 205.8793 1.5087 1.6756 3.8423 24.4429 1.4696 34.1446 1.3757 0.3157
Car -1 -1 2.3310 0.0000 190.7933 60.5909 237.9144 1.4226 1.6348 3.7764 -21.5463 2.0972 25.1845 1.6285 0.2109
Car -1 -1 -1.7927 708.0922 171.2985 733.6301 189.1477 1.6367 1.6360 3.5210 10.3958 1.4944 67.9729 -1.6419 0.1494
Car -1 -1 1.6304 453.2337 179.4072 472.6573 197.1506 1.6033 1.5858 3.8598 -13.9949 2.2461 68.7104 1.4299 0.1315
Car -1 -1 2.3166 0.0000 185.2117 78.9494 222.6166 1.4855 1.5912 3.8219 -25.8159 2.0660 31.9102 1.6404 0.1314
Car -1 -1 -1.6073 664.0952 176.2498 688.7912 199.0530 1.5306 1.5841 4.0494 4.6427 1.7813 51.1086 -1.5176 0.1253
