Pedestrian -1 -1 1.6295 394.8914 166.4454 459.5226 300.2458 1.6999 0.7978 0.6711 -2.3389 1.5100 9.5260 1.3892 0.7250
Pedestrian -1 -1 -2.9600 574.2871 170.7912 606.3033 225.1222 1.7727 0.6599 0.9626 -0.3892 1.4244 23.8375 -2.9814 0.5990
Pedestrian -1 -1 0.3134 809.8028 180.1727 869.0654 294.6633 1.6033 0.6585 0.6602 3.4438 1.5860 10.5161 0.6168 0.2356
Pedestrian -1 -1 0.9789 758.0809 138.5614 791.7642 192.9604 1.8881 0.6563 1.1022 6.1422 0.3988 25.5614 1.2076 0.2030
Pedestrian -1 -1 -1.8859 791.6365 190.4287 855.2512 308.5547 1.4608 0.6080 0.6347 2.8021 1.5813 9.2577 -1.6055 0.2020
Pedestrian -1 -1 -2.6780 677.9319 169.6375 722.9723 235.9526 1.6865 0.6963 0.9612 2.5633 1.3860 18.8233 -2.5498 0.1765
Pedestrian -1 -1 1.2884 759.0688 192.7966 822.0909 310.4523 1.6127 0.5636 1.2084 2.7155 1.7900 10.5772 1.5279 0.1451
Pedestrian -1 -1 2.5960 1005.5958 127.4587 1076.9277 258.9342 1.7536 0.6032 0.6078 5.9941 1.0341 9.8851 3.1242 0.1400
Pedestrian -1 -1 -2.4943 101.0615 121.8185 222.0218 291.4229 1.8760 0.6090 1.0360 -5.1108 1.2172 8.2996 -3.0378 0.1272
Pedestrian -1 -1 1.2472 1107.5250 207.4215 1238.0000 374.0000 1.6223 0.5881 0.6204 3.4202 1.7923 4.2807 1.8858 0.1268
Pedestrian -1 -1 1.6213 465.1179 155.9813 496.4188 230.4860 1.7346 0.6965 1.0463 -2.9259 1.1417 17.2824 1.4508 0.1234
Cyclist -1 -1 1.3661 758.1456 152.3509 788.9099 213.3363 1.7791 0.5234 1.8693 5.1975 0.9299 21.8927 1.5915 0.5417
Cyclist -1 -1 -1.0951 698.1044 154.5554 746.6810 216.3388 1.6777 0.5785 1.8796 3.4306 0.9472 20.4313 -0.9359 0.2666
Cyclist -1 -1 1.2637 741.1714 201.6072 820.7039 309.7205 1.4154 0.6211 1.7117 2.5610 1.7383 10.6068 1.4892 0.1609
Cyclist -1 -1 0.2066 575.1866 170.4989 607.3289 225.1544 1.7783 0.6106 0.9613 -0.3571 1.4215 23.7586 0.1865 0.1378
Car -1 -1 2.6285 641.0104 161.0831 736.9938 195.8719 1.6503 1.6776 4.4982 4.3531 0.6827 35.7171 2.7440 0.1465
Car -1 -1 3.0181 385.1711 180.5603 471.0130 214.3941 1.4241 1.5050 3.5036 -7.6351 1.3856 31.5606 2.7775 0.1442
Car -1 -1 0.0169 813.0815 155.2037 893.9650 187.6266 1.5957 1.5638 3.8235 12.8561 0.3024 36.7351 0.3465 0.1387
