Pedestrian -1 -1 0.8149 488.6035 162.3586 516.3129 217.1812 1.8328 0.6344 0.6884 -3.7083 1.4823 24.5818 0.6663 0.2510
Pedestrian -1 -1 -0.3030 1049.2576 132.9777 1191.9550 327.6790 1.7323 0.6260 0.9537 4.7513 1.3779 6.8506 0.2829 0.2418
Pedestrian -1 -1 1.6945 501.3939 170.2843 521.8982 219.6475 1.7585 0.6380 0.8397 -3.5993 1.6673 26.1243 1.5583 0.2074
Pedestrian -1 -1 -2.5052 532.0366 161.1625 550.3026 202.9411 1.9166 0.6121 0.5983 -3.2354 1.3806 33.5146 -2.6011 0.1713
Pedestrian -1 -1 0.4786 425.7486 139.6268 465.4338 220.1887 1.8480 0.6738 0.6753 -3.9078 1.0861 16.9594 0.2551 0.1501
Pedestrian -1 -1 -2.0181 717.2038 145.3626 736.6464 187.1944 1.8966 0.7119 0.5484 5.3184 0.6505 33.0748 -1.8603 0.1427
Pedestrian -1 -1 -1.6736 852.4249 171.1858 880.5703 235.1511 1.7040 0.6473 0.7058 6.9256 1.6600 19.6367 -1.3400 0.1197
Pedestrian -1 -1 3.2371 95.3779 123.0328 208.4910 316.6899 1.8039 0.6305 0.8897 -4.5889 1.3402 7.1973 2.6858 0.1172
Pedestrian -1 -1 2.2060 566.8975 174.6181 581.1220 201.5043 1.7885 0.6383 0.7456 -2.4504 1.9087 48.5448 2.1553 0.1121
Cyclist -1 -1 1.7254 419.0706 168.9076 456.2408 246.8454 1.6753 0.5503 1.8067 -3.9510 1.5909 16.4293 1.4924 0.1901
Cyclist -1 -1 -1.3729 515.8458 177.0891 537.1693 224.1634 1.6343 0.4730 1.5292 -3.0383 1.7916 25.9684 -1.4888 0.1288
Car -1 -1 -1.6393 702.5739 178.4576 770.1270 250.2446 1.7154 1.5198 3.1964 3.2299 1.8775 19.1614 -1.4758 0.6716
Car -1 -1 1.4620 651.0018 180.7834 684.2186 211.2442 1.7398 1.5917 4.0306 3.4596 2.2496 44.3103 1.5388 0.2730
Car -1 -1 1.8724 491.5013 185.6667 560.2349 228.8694 1.4414 1.5571 3.6307 -3.1304 1.9580 27.1429 1.7580 0.1558
Car -1 -1 0.3074 265.3554 177.1031 463.2657 244.6624 1.4247 1.5414 3.8988 -5.4273 1.5247 16.1098 -0.0131 0.1185
