Pedestrian -1 -1 0.7197 1139.9751 119.4257 1242.0000 375.0000 1.7650 0.5742 0.7532 4.2649 1.4199 5.0851 1.3890 0.4414
Pedestrian -1 -1 1.2086 940.6582 157.6880 990.4259 240.0614 1.8039 0.7070 0.9606 7.9694 1.4722 16.3071 1.6555 0.3893
Pedestrian -1 -1 -1.6970 1158.1327 52.0052 1242.0000 294.0769 1.7849 0.5741 1.2476 4.9485 0.8942 6.0002 -1.0307 0.2970
Pedestrian -1 -1 2.7096 0.0000 169.6447 54.7740 317.6315 1.7218 0.6275 0.7249 -7.4565 1.6848 8.8555 2.0244 0.2881
Pedestrian -1 -1 -3.2626 819.2103 122.5949 920.0650 282.1021 1.8659 0.4822 1.0989 3.0837 1.2783 8.7859 -2.9362 0.1972
Pedestrian -1 -1 1.1154 857.6679 162.9007 897.4747 230.1855 1.7733 0.5954 1.0729 7.2000 1.5114 19.5794 1.4623 0.1862
Pedestrian -1 -1 0.4618 136.3514 209.1027 173.9413 265.2341 1.7895 0.7620 0.7995 -15.1390 3.0146 23.9579 -0.0971 0.1642
Cyclist -1 -1 -1.6970 1158.1327 52.0052 1242.0000 294.0769 1.7849 0.5741 1.2476 4.9485 0.8942 6.0002 -1.0307 0.2401
Car -1 -1 1.7809 338.1609 189.2092 507.1893 308.7130 1.5206 1.7519 4.5607 -2.9272 1.8476 12.1081 1.5476 0.9348
Car -1 -1 0.9990 1009.4348 133.3216 1242.0000 252.4101 1.8164 1.7454 4.5293 9.3789 1.2138 13.2938 1.6027 0.7636
Car -1 -1 -1.1894 132.4590 200.0117 226.9403 249.4202 1.4716 1.5656 3.8116 -15.2352 2.5144 25.6897 -1.7205 0.2423
