Pedestrian -1 -1 2.2247 371.1584 170.8839 383.6166 196.8070 1.8883 0.5226 0.7501 -17.1112 1.7451 52.9961 1.9136 0.2223
Car -1 -1 2.1068 0.0000 182.5914 202.0772 296.2106 1.5748 1.6383 4.1342 -8.9698 1.7723 12.4860 1.4937 0.9637
Car -1 -1 -1.5896 586.0316 170.4560 612.7217 194.6954 1.5079 1.6514 3.8388 -0.7557 1.3590 46.8293 -1.6060 0.7736
Car -1 -1 -1.4365 538.5876 174.6658 573.5500 199.6255 1.5148 1.6782 4.2970 -3.4417 1.6369 46.2997 -1.5107 0.7716
Car -1 -1 1.8058 389.0354 167.6823 444.3466 204.4210 1.8432 1.8041 4.6945 -10.2783 1.5841 38.5649 1.5467 0.7246
Car -1 -1 1.6819 643.5554 169.0058 666.5699 187.9095 1.6116 1.5973 3.9846 3.9811 1.2839 63.6123 1.7438 0.2934
Car -1 -1 -1.2220 187.3704 191.8995 346.6826 276.0213 1.3810 1.6477 3.9744 -6.8683 1.8265 14.8150 -1.6498 0.2858
Car -1 -1 -1.5474 460.3368 171.3046 490.6562 200.8288 1.6435 1.6524 3.8279 -7.8557 1.5576 42.1836 -1.7308 0.2018
Car -1 -1 1.1803 191.3313 185.7099 262.6176 220.5029 1.4870 1.5838 3.9806 -18.1783 2.1286 34.1060 0.6936 0.1832
Car -1 -1 -1.2834 345.4630 171.2230 389.0559 196.9266 1.7076 1.7599 4.1386 -16.7986 1.5996 50.0321 -1.6060 0.1782
