Pedestrian -1 -1 -0.5276 951.2170 194.6909 984.5730 242.9663 1.7938 0.7490 0.8838 13.6312 2.6412 27.5811 -0.0738 0.4406
Pedestrian -1 -1 0.6011 319.1879 167.8928 365.4204 249.4354 1.8262 0.7186 0.7159 -6.1985 1.7155 16.5931 0.2482 0.4049
Pedestrian -1 -1 -1.3285 725.3562 192.5487 752.7303 249.1451 1.7036 0.6774 0.7844 3.9928 2.3333 22.5568 -1.1566 0.3507
Pedestrian -1 -1 -1.4917 253.2455 196.9671 314.4631 312.6852 1.4838 0.6941 1.0878 -4.6113 1.8441 10.1392 -1.9095 0.3146
Pedestrian -1 -1 2.2902 1152.4863 121.1596 1242.0000 325.8658 1.8544 0.5706 0.8716 5.7603 1.3865 6.8910 2.9652 0.2784
Pedestrian -1 -1 1.2273 549.2665 184.1415 563.0626 212.2977 1.8505 0.6975 0.7837 -3.6378 2.6146 48.3189 1.1519 0.2481
Pedestrian -1 -1 -3.1387 997.8966 194.0701 1045.8311 278.1625 1.4988 0.6261 0.7659 7.6737 1.9111 13.5490 -2.6336 0.2192
Pedestrian -1 -1 1.6097 1025.2952 206.2676 1066.3287 292.4456 1.3729 0.5791 0.4789 7.2753 1.9515 12.1269 2.1383 0.2192
Cyclist -1 -1 -1.4626 0.0000 74.1918 93.6488 375.0000 1.8883 0.5683 1.8923 -3.6637 1.4116 4.4399 -2.1237 0.2125
Cyclist -1 -1 1.8408 355.3004 190.6892 395.9648 260.0443 1.6872 0.5516 1.8019 -6.1725 2.1781 18.9306 1.5290 0.1997
Cyclist -1 -1 -0.5355 950.9143 194.3673 984.7681 243.1017 1.8109 0.7540 0.8992 13.6313 2.6462 27.5856 -0.0817 0.1278
Cyclist -1 -1 -1.6544 256.2688 195.5883 317.9653 313.2177 1.5109 0.7094 1.0558 -4.6064 1.8509 10.1431 -2.0717 0.1004
Car -1 -1 1.6714 498.1360 189.9382 550.4113 235.2351 1.5477 1.6435 3.7041 -3.2931 2.2534 27.9228 1.5543 0.9346
Car -1 -1 -0.0191 672.5607 164.4041 732.1160 190.4555 1.7393 1.6909 3.9618 6.2422 1.1755 49.2201 0.1060 0.3631
Car -1 -1 -1.3956 546.5710 169.6778 582.3129 196.8842 1.6843 1.6569 3.8908 -2.9341 1.4880 46.6924 -1.4584 0.3188
Car -1 -1 -1.4932 652.8271 193.9088 681.2173 220.4168 1.5455 1.5784 3.4706 3.7003 2.9657 46.8184 -1.4156 0.2371
Car -1 -1 2.4251 0.0000 137.5035 334.5697 350.1018 1.9123 1.8098 4.7724 -5.8317 1.5947 9.0335 1.8648 0.2338
