Pedestrian -1 -1 1.8832 983.5947 180.1081 1044.8724 301.3661 1.7346 0.6863 0.4898 5.9876 1.8476 10.7858 2.3773 0.4168
Pedestrian -1 -1 -1.8661 953.5726 166.3461 1005.7776 266.6484 1.6346 0.5457 0.8772 6.1993 1.5289 12.2332 -1.4075 0.3160
Cyclist -1 -1 -1.8661 953.5726 166.3461 1005.7776 266.6484 1.6346 0.5457 0.8772 6.1993 1.5289 12.2332 -1.4075 0.1235
Car -1 -1 -1.8721 764.1332 185.8725 1013.5288 342.3919 1.4249 1.5930 3.9812 3.0407 1.6221 8.9025 -1.5543 0.9783
Car -1 -1 -1.7882 708.1066 186.2403 841.7986 286.0444 1.6023 1.6591 3.9445 2.9904 1.9010 14.0966 -1.5847 0.9634
Car -1 -1 1.6343 493.0009 181.3782 544.7502 226.2410 1.4562 1.6112 4.0764 -3.2899 1.7918 26.2916 1.5104 0.8707
Car -1 -1 1.4506 652.5120 178.1002 697.7654 214.1344 1.4906 1.5509 3.8722 2.8234 1.7407 32.3786 1.5362 0.8526
Car -1 -1 1.6703 526.5598 183.0018 562.2356 212.9200 1.4704 1.5359 3.7865 -3.5037 2.0410 38.6476 1.5799 0.6965
Car -1 -1 1.5706 637.5358 179.0530 663.3079 205.3574 1.6151 1.6150 3.9128 2.6098 2.0385 47.2377 1.6249 0.5538
Car -1 -1 -1.7146 665.4173 157.2897 765.2310 248.0743 2.3085 2.0464 5.5240 2.8462 1.9131 21.1194 -1.5834 0.2743
