Pedestrian -1 -1 0.8053 842.4163 174.1163 897.3422 259.8982 1.8441 0.6178 1.0183 5.7433 1.8737 16.1172 1.1408 0.6321
Pedestrian -1 -1 1.0483 814.6498 170.4348 842.1931 215.7899 1.7608 0.7284 0.8171 8.5769 1.6672 28.4903 1.3373 0.4812
Pedestrian -1 -1 1.0261 955.3687 168.0060 1001.3524 240.5605 1.6991 0.6265 0.8577 8.7960 1.5860 17.3482 1.4879 0.4424
Pedestrian -1 -1 0.0638 737.1158 164.4054 753.6169 193.9830 1.8542 0.4377 0.9992 8.5177 1.3249 45.5638 0.2471 0.2908
Pedestrian -1 -1 -1.6637 754.2443 163.9710 768.2830 196.3510 1.7587 0.6880 0.7157 8.2587 1.2766 39.5802 -1.4599 0.1353
Cyclist -1 -1 1.3830 723.1324 177.3447 745.4241 221.4101 1.7494 0.5794 1.7545 5.0619 1.9402 29.7062 1.5494 0.2722
Cyclist -1 -1 -1.7368 678.7725 176.5799 692.5755 203.8324 1.6894 0.5944 1.7044 4.7673 1.9309 45.8320 -1.6343 0.2464
Cyclist -1 -1 0.8609 843.7784 173.7124 902.5910 262.7636 1.9091 0.6664 1.1113 5.8134 1.9294 16.1166 1.2003 0.1621
Car -1 -1 -1.0964 213.1482 178.4867 270.5058 206.3571 1.7924 1.7783 4.1725 -25.1225 2.1942 49.3358 -1.5655 0.2795
Car -1 -1 1.2962 1028.1735 170.8493 1063.9138 190.1653 1.6162 1.5888 4.0905 37.7274 1.4488 62.5515 1.8366 0.1503
