Pedestrian -1 -1 -2.3143 896.0943 173.4348 928.1045 225.6032 1.7251 0.6471 0.7663 10.1413 1.7455 24.3395 -1.9244 0.2413
Pedestrian -1 -1 1.1369 1086.4388 97.9175 1182.5002 252.4395 1.8485 0.6765 0.8477 6.5341 0.9524 9.1048 1.7442 0.1589
Pedestrian -1 -1 -2.1178 1057.4561 184.9840 1111.9938 261.7585 1.6326 0.5813 0.9738 10.4533 1.9101 15.9898 -1.5480 0.1410
Pedestrian -1 -1 3.4010 231.1152 165.8106 248.8644 195.3520 1.9058 0.4759 0.9353 -24.0672 1.4518 46.8765 2.9288 0.1012
Pedestrian -1 -1 -1.8744 756.1841 156.3925 796.8435 232.1874 1.8032 0.6144 1.2847 4.0490 1.4120 17.8293 -1.6553 0.1010
Cyclist -1 -1 -1.7437 848.3815 140.8627 887.8522 221.0304 1.7591 0.5333 1.8688 5.9329 1.0575 16.7944 -1.4100 0.1139
Car -1 -1 2.0090 218.2833 187.4940 286.7406 216.4742 1.5089 1.7425 4.7461 -20.9129 2.4174 42.3671 1.5527 0.9076
Car -1 -1 -2.9842 862.1213 179.6079 959.9212 216.7660 1.4934 1.5193 3.7158 12.9549 1.8010 31.1990 -2.5946 0.9033
Car -1 -1 -1.4609 150.7000 173.5739 183.9108 198.3575 1.7482 1.6614 3.8911 -32.5789 1.8037 53.1315 -2.0089 0.1703
Car -1 -1 -1.8077 835.9001 158.7770 945.6365 227.3912 1.4884 1.6089 3.7424 6.6531 1.1834 17.6027 -1.4523 0.1074
