Pedestrian -1 -1 1.1954 287.7805 176.4369 351.2998 284.1913 1.6841 0.7011 0.8689 -4.7352 1.6223 11.6025 0.8190 0.6050
Pedestrian -1 -1 -3.4140 818.4828 144.9324 930.7592 316.1786 1.8022 0.8082 0.9762 2.9195 1.4296 7.8740 -3.0701 0.6010
Pedestrian -1 -1 -0.3716 984.8999 115.4791 1054.1622 241.9414 1.7077 0.4201 0.7230 5.6892 0.8314 9.8020 0.1425 0.3391
Pedestrian -1 -1 3.0922 125.4964 118.4354 198.1436 258.2000 1.8439 0.6005 0.8328 -6.1976 1.0268 9.8053 2.5455 0.2844
Pedestrian -1 -1 -1.3685 117.8282 151.6190 137.8433 192.3732 1.9735 0.6897 0.6770 -23.4152 0.5764 34.6775 -1.9562 0.2397
Pedestrian -1 -1 -1.9600 979.4335 143.9824 1026.1716 210.7100 1.6674 0.4179 1.7637 10.3806 0.7565 18.5628 -1.4556 0.1086
Cyclist -1 -1 -1.9419 979.9216 139.4693 1026.7875 208.1142 1.7110 0.4326 1.8023 10.3818 0.6899 18.5408 -1.4369 0.6809
Cyclist -1 -1 -2.1858 871.6722 158.7028 905.2725 196.0177 1.7426 0.5103 1.8674 13.5896 0.7261 33.9817 -1.8068 0.3382
Car -1 -1 -0.8864 0.0000 204.1216 290.5380 370.0000 1.4706 1.5832 3.8593 -3.1554 1.6494 3.3463 -1.5949 0.8318
Car -1 -1 2.0408 446.0335 172.5116 495.5739 197.8596 1.5007 1.5503 3.5915 -8.2643 1.0291 43.7967 1.8574 0.7191
Car -1 -1 -2.6138 727.8029 167.7857 818.7142 202.4211 1.5492 1.6284 3.9062 7.9210 0.9819 33.5548 -2.3824 0.6405
