Car -1 -1 -1.1902 148.1113 192.0181 403.2256 329.5813 1.4017 1.5555 4.1339 -4.1226 1.5135 9.6052 -1.5859 0.9609
Car -1 -1 -1.3505 409.3036 183.9688 489.9696 239.7918 1.4667 1.5270 3.4745 -4.4847 1.4351 20.6274 -1.5623 0.9584
Car -1 -1 -1.3476 358.2594 178.9961 426.2974 224.3290 1.7067 1.6778 4.5867 -8.7405 1.4737 29.4022 -1.6344 0.9058
Car -1 -1 -1.4476 464.5847 179.1317 514.5498 217.2028 1.5133 1.6046 4.1112 -5.0040 1.2726 30.6539 -1.6084 0.8921
Car -1 -1 -1.1691 210.2265 165.1513 314.3486 216.4329 1.7023 1.7304 4.6123 -12.4615 1.0374 26.1965 -1.6093 0.8535
Car -1 -1 -1.5863 578.9623 177.6745 608.3463 205.6629 1.4564 1.5301 2.5646 -0.8115 1.0651 38.7114 -1.6075 0.8460
Car -1 -1 -1.4876 501.3091 180.6111 534.6872 208.3390 1.4724 1.5540 3.5281 -4.9774 1.2291 39.9637 -1.6111 0.7457
Car -1 -1 2.2146 0.0000 194.6888 161.1125 320.2469 1.3737 1.5450 3.8831 -8.2766 1.5341 10.1203 1.5419 0.7026
Car -1 -1 -1.2754 347.4625 180.2516 399.1321 210.3150 1.5432 1.6155 3.7822 -12.6175 1.2895 38.8010 -1.5881 0.6477
Car -1 -1 -2.3257 0.0000 185.0067 144.5941 248.4461 1.4692 1.5635 3.7558 -13.7459 1.4655 17.7206 -2.9783 0.6418
Car -1 -1 -1.1284 216.5991 188.6716 339.2673 249.4747 1.4109 1.5335 3.4620 -8.4455 1.5100 18.6232 -1.5490 0.5284
