Pedestrian -1 -1 -2.4675 835.9440 169.7709 858.5719 210.0911 1.7395 0.6806 0.6599 10.4503 1.0743 31.4725 -2.1500 0.2162
Pedestrian -1 -1 -1.5503 611.6331 167.0951 626.0761 202.1391 1.7109 0.6990 0.7687 0.5196 0.8274 35.4885 -1.5361 0.2061
Pedestrian -1 -1 1.7799 226.8134 176.8097 257.1826 230.1812 1.5593 0.5180 1.4921 -11.1129 1.3148 21.7858 1.3130 0.1213
Cyclist -1 -1 1.7490 227.2998 175.8965 256.2541 230.3938 1.5900 0.5273 1.4540 -11.0978 1.3192 21.7407 1.2818 0.2419
Car -1 -1 -1.6096 545.7568 189.3690 727.2405 352.2354 1.4211 1.6138 3.7764 0.1644 1.4810 8.2698 -1.5910 0.9512
Car -1 -1 -1.5716 567.0986 175.7308 653.1030 251.5817 1.4318 1.6236 3.7294 -0.0081 1.2539 15.4317 -1.5725 0.8302
Car -1 -1 -1.5365 562.6055 175.3935 618.3986 225.7871 1.4795 1.6393 3.6734 -0.5302 1.1923 22.9470 -1.5597 0.7527
Car -1 -1 -1.5634 596.4489 172.6635 628.3068 202.7999 1.4733 1.5579 3.5995 0.2165 0.8608 36.9483 -1.5580 0.4206
Car -1 -1 -2.7724 423.9097 161.3958 535.5977 203.0593 1.4608 1.5750 3.7104 -4.6964 0.6267 26.3310 -2.9472 0.3258
Car -1 -1 -2.7016 284.0952 160.8531 380.3656 192.3001 1.5060 1.6245 4.1293 -13.5548 0.3404 35.3911 -3.0649 0.2247
Car -1 -1 0.1457 618.7670 177.4050 678.7230 198.6988 1.6433 1.5947 4.5403 3.2319 1.0417 56.7093 0.2019 0.1859
