Pedestrian -1 -1 -0.1003 487.0585 176.9252 524.7399 243.1316 1.7166 0.6283 0.9283 -2.5694 1.5991 19.0368 -0.2380 0.7809
Pedestrian -1 -1 -0.4033 817.1129 163.5336 845.1765 206.9764 1.8386 0.5964 0.9874 9.8127 1.0792 30.7452 -0.1019 0.2826
Pedestrian -1 -1 -3.1977 706.1002 158.2961 753.1090 248.4235 1.7531 0.7281 0.8779 2.5140 1.3030 14.3798 -3.0331 0.2818
Pedestrian -1 -1 1.6971 408.0301 150.1796 456.1099 254.9014 1.7675 0.7128 0.9506 -3.0033 1.2402 12.6325 1.4629 0.2595
Pedestrian -1 -1 -1.0603 175.1008 152.6561 351.4683 374.0000 1.6340 0.7726 0.8722 -2.3424 1.4546 4.9667 -1.4878 0.2431
Pedestrian -1 -1 1.6383 428.1112 145.7012 446.0048 193.3273 1.9346 0.6815 0.5898 -6.7687 0.4814 29.5224 1.4100 0.2233
Pedestrian -1 -1 1.9343 103.3566 134.9760 194.6875 292.9154 1.8323 0.6741 0.8950 -5.5807 1.2939 8.8346 1.3786 0.1928
Pedestrian -1 -1 1.3001 791.9656 147.4328 834.8220 222.9735 1.7366 0.5298 1.7314 5.0680 0.9546 17.3775 1.5748 0.1708
Pedestrian -1 -1 1.6665 1148.0074 95.6463 1238.0000 300.9376 1.7961 0.7332 0.6289 5.6000 1.0463 6.7627 2.3340 0.1543
Pedestrian -1 -1 -1.3281 735.2896 162.7900 774.7226 239.7084 1.6423 0.5950 1.2236 3.3995 1.2440 16.0147 -1.1275 0.1397
Cyclist -1 -1 1.3149 791.6434 147.0030 834.4504 223.3076 1.7536 0.5410 1.7756 5.0650 0.9620 17.3982 1.5891 0.3268
Cyclist -1 -1 0.3643 395.9006 163.1470 489.8860 262.0785 1.6746 0.6051 1.4881 -2.8021 1.3652 12.5626 0.1437 0.2992
Cyclist -1 -1 -1.3281 735.2896 162.7900 774.7226 239.7084 1.6423 0.5950 1.2236 3.3995 1.2440 16.0147 -1.1275 0.2125
Cyclist -1 -1 -0.1072 486.0376 176.4282 526.5465 243.5632 1.7399 0.6192 1.0004 -2.5587 1.6096 19.0353 -0.2445 0.1975
Car -1 -1 -0.1434 814.8405 200.9903 1221.5779 361.2846 1.4023 1.4722 3.5794 4.1819 1.6515 7.8609 0.3260 0.2925
Car -1 -1 2.6798 611.5117 163.0740 723.4541 202.3911 1.5821 1.6627 4.4627 2.7924 0.8416 30.4954 2.7653 0.1957
