Pedestrian -1 -1 1.0358 706.6630 132.2853 793.9895 282.4742 1.8174 0.7042 0.9657 1.8070 1.2356 9.1240 1.2268 0.7725
Pedestrian -1 -1 1.1479 643.0217 129.6621 721.4913 278.2004 1.7694 0.7217 0.7809 0.9101 1.1655 8.9021 1.2484 0.7256
Pedestrian -1 -1 1.3260 444.0319 144.9820 479.1810 218.0983 1.7967 0.6695 0.9329 -3.6822 0.9255 17.9338 1.1291 0.6769
Pedestrian -1 -1 1.1676 461.8512 136.8708 511.9985 242.6054 1.7211 0.5887 0.7590 -2.0525 1.0126 11.9821 1.0046 0.6098
Pedestrian -1 -1 1.1715 572.5331 137.6098 623.5062 243.1650 1.7475 0.6838 0.6262 -0.1699 1.0391 12.1237 1.1600 0.5678
Pedestrian -1 -1 0.2317 482.0204 146.9274 537.7399 248.1348 1.7885 0.5987 0.8885 -1.7608 1.1969 12.8325 0.1006 0.5238
Pedestrian -1 -1 0.6544 388.0166 143.8448 417.8175 198.8645 1.8742 0.6912 0.7232 -7.0387 0.6271 24.5358 0.3806 0.5070
Pedestrian -1 -1 1.2931 545.5500 148.3491 584.4664 242.0646 1.7223 0.5985 0.5776 -0.8038 1.1330 13.3598 1.2364 0.4979
Pedestrian -1 -1 0.4138 675.2172 142.9873 722.0601 242.5641 1.7853 0.6652 0.6515 1.6992 1.1144 13.1242 0.5415 0.4516
Pedestrian -1 -1 1.8301 598.3000 136.3214 629.3934 206.7400 1.8089 0.6275 0.8348 0.2041 0.6756 18.6443 1.8431 0.4458
Pedestrian -1 -1 -1.5381 118.5835 147.4382 167.7946 259.8040 1.7825 0.6494 0.7737 -7.6793 1.2597 11.7096 -2.1041 0.3970
Pedestrian -1 -1 0.8967 684.1962 146.5177 714.1571 205.2906 1.8182 0.5782 0.7795 2.9425 0.7685 22.3516 1.0277 0.3926
Pedestrian -1 -1 1.0344 531.0201 139.9532 574.4260 232.6960 1.7944 0.5586 0.7553 -1.0929 1.0115 14.1447 0.9612 0.3552
Pedestrian -1 -1 2.1623 1196.7577 189.5190 1224.0000 266.6560 1.8111 0.6954 0.8240 14.9938 2.0372 17.1445 2.8730 0.3370
Pedestrian -1 -1 0.3381 503.7284 151.0111 541.0009 223.2130 1.8363 0.4911 0.8438 -2.1735 1.0879 18.3109 0.2240 0.3310
Pedestrian -1 -1 0.1889 586.2733 150.3878 631.8994 241.8000 1.7695 0.5873 0.8118 0.0458 1.1883 14.0483 0.1941 0.3193
Pedestrian -1 -1 0.9036 249.7767 136.9383 344.1027 244.2979 1.6902 0.6085 1.5656 -5.1823 1.0060 11.7688 0.5009 0.1039
Cyclist -1 -1 0.8859 247.7863 136.0808 346.1114 245.7628 1.7262 0.6178 1.6287 -5.1848 1.0288 11.7749 0.4833 0.6464
Cyclist -1 -1 -2.2156 626.8049 157.7162 665.2311 205.1244 1.7254 0.5236 1.7007 1.5011 0.8977 26.5803 -2.1580 0.3188
Cyclist -1 -1 1.3260 444.0319 144.9820 479.1810 218.0983 1.7967 0.6695 0.9329 -3.6822 0.9255 17.9338 1.1291 0.1398
Car -1 -1 1.8438 0.0000 37.6023 277.5725 370.0000 1.7145 1.6805 4.5046 -3.0514 1.3957 3.9845 1.2298 0.4718
