Pedestrian -1 -1 -1.8285 690.8214 174.4293 708.5077 203.6150 1.6296 0.8134 0.8001 5.0295 1.7200 40.7852 -1.7072 0.1980
Pedestrian -1 -1 1.8923 1026.2029 106.9422 1096.2244 251.8469 1.8135 0.5953 0.7110 5.8791 0.9890 9.4846 2.4333 0.1709
Pedestrian -1 -1 2.7236 673.9963 171.5714 685.5754 195.7010 1.7481 0.7164 0.6020 5.0681 1.6555 52.7040 2.8185 0.1696
Pedestrian -1 -1 -1.7066 149.5709 112.4659 233.6805 312.5062 1.8776 0.6482 0.6923 -4.2605 1.3112 7.2415 -2.2230 0.1522
Pedestrian -1 -1 -0.0499 534.6649 180.4053 570.6505 222.1103 1.7862 0.6928 1.5325 -2.5506 2.1209 31.5037 -0.1307 0.1463
Pedestrian -1 -1 1.8809 387.9471 169.2527 444.9263 289.3561 1.8153 0.6412 0.8306 -3.0784 1.7613 11.3339 1.6206 0.1354
Pedestrian -1 -1 1.6869 734.1176 145.3990 754.4808 202.9479 1.8660 0.5874 0.6921 4.3903 0.9761 23.8094 1.8667 0.1063
Cyclist -1 -1 0.0628 530.4805 180.3998 569.5264 220.7338 1.7437 0.7308 1.6691 -2.6677 2.0798 31.7174 -0.0211 0.3953
Cyclist -1 -1 -2.0580 984.9583 98.8861 1138.9484 303.0788 1.6641 0.5065 1.5330 4.0304 1.0616 6.6529 -1.5328 0.1146
Cyclist -1 -1 1.4690 700.0077 162.7205 717.6167 203.8456 1.8761 0.6164 1.9654 4.5924 1.4142 33.9058 1.6020 0.1119
Car -1 -1 -1.9291 762.8525 178.1388 1093.2817 369.2655 1.4544 1.6200 4.2288 2.8736 1.5270 7.7326 -1.5868 0.9462
Car -1 -1 3.0641 481.6212 185.2151 576.0157 221.2170 1.4787 1.5669 3.9926 -3.6184 2.0397 31.5707 2.9503 0.1296
Car -1 -1 -1.2179 586.8204 161.1860 626.8804 185.9536 1.6023 1.6926 3.1960 -0.2081 0.8478 48.4668 -1.2224 0.1221
Car -1 -1 -2.1181 595.2859 165.3067 637.7920 188.4894 1.8717 1.7261 3.9970 0.4871 1.2627 60.4108 -2.1103 0.1039
