Pedestrian -1 -1 1.9119 0.0000 184.9869 27.3035 244.2378 1.8562 0.6994 0.6994 -19.3809 2.2548 23.2328 1.2222 0.1658
Pedestrian -1 -1 -0.7360 1068.5560 149.1021 1131.7010 244.6429 1.7759 0.5768 0.8236 9.2855 1.3348 13.7568 -0.1526 0.1430
Pedestrian -1 -1 1.9571 133.3505 147.1886 179.7482 233.3767 1.7544 0.6014 0.6954 -9.5156 1.2324 15.0782 1.4019 0.1420
Cyclist -1 -1 1.9145 294.8028 180.1949 312.2527 206.7487 1.6661 0.5349 1.5758 -19.7794 2.1478 46.5134 1.5142 0.4907
Cyclist -1 -1 -3.2963 817.6129 174.3754 886.5750 227.2487 1.5707 0.6687 1.9049 7.2936 1.6183 21.9423 -2.9801 0.3430
Cyclist -1 -1 -0.3936 83.6944 167.9812 133.4772 211.8398 1.8705 0.7092 1.6483 -22.0227 1.6630 31.6546 -0.9977 0.1755
Cyclist -1 -1 1.4263 826.8842 178.1807 842.1766 210.9247 1.7035 0.5218 1.8110 12.0204 1.9970 38.7733 1.7242 0.1531
Car -1 -1 1.5891 581.0507 177.1158 615.6367 207.2154 1.4142 1.6548 4.3567 -0.5926 1.6442 36.6962 1.5726 0.7837
Car -1 -1 -1.4756 518.8893 170.3133 547.1151 195.2098 2.0141 1.9142 4.8408 -6.4636 1.8089 60.7996 -1.5814 0.2349
Car -1 -1 1.3067 466.2667 180.8410 494.5162 198.6263 1.5810 1.5964 4.1772 -12.3295 2.3628 68.3670 1.1286 0.1891
Car -1 -1 2.1817 51.6224 160.2233 243.1684 244.6745 1.6586 1.6814 3.8269 -10.1435 1.4109 16.1260 1.6275 0.1855
Car -1 -1 1.0638 785.5334 184.9579 829.5123 205.8529 1.5148 1.6908 3.8053 15.4560 2.5013 56.7319 1.3280 0.1165
Car -1 -1 1.1705 732.9692 186.9506 768.1770 206.5018 1.6378 1.7454 3.9090 12.7096 2.9597 65.5515 1.3605 0.1146
