Pedestrian -1 -1 0.6172 207.4433 159.3014 253.2370 253.5245 1.7413 0.6970 0.4481 -7.2559 1.4912 13.7080 0.1380 0.2144
Pedestrian -1 -1 2.5631 464.7058 174.2625 483.7626 208.2820 1.7491 0.6576 0.7372 -7.1174 1.8239 37.6285 2.3770 0.2020
Pedestrian -1 -1 -1.5831 1019.5770 163.0170 1043.1238 213.1572 1.7958 0.7297 0.4940 15.2705 1.4438 26.2332 -1.0612 0.1382
Pedestrian -1 -1 3.5887 85.2414 156.4201 153.2013 277.1281 1.7127 0.5601 0.6417 -7.2211 1.4799 10.5574 3.0003 0.1285
Pedestrian -1 -1 -1.7639 1127.5281 154.6627 1203.3386 293.6859 1.7625 0.7145 0.4347 7.2384 1.5323 9.4944 -1.1280 0.1273
Pedestrian -1 -1 -1.5957 785.9911 152.3572 799.6230 189.6037 1.9776 0.6924 0.5516 9.7542 0.8897 38.6529 -1.3505 0.1165
Cyclist -1 -1 1.1687 704.5923 183.7392 728.9770 224.6651 1.6321 0.4766 1.4221 4.3759 2.0951 29.9175 1.3117 0.1897
Cyclist -1 -1 -2.5647 509.8928 178.3874 540.1494 207.9516 1.7332 0.6793 1.7059 -5.1273 2.0704 43.2351 -2.6825 0.1774
Cyclist -1 -1 1.6623 704.7321 188.1066 723.3141 234.4882 1.5793 0.5155 1.7319 3.7237 2.1497 26.0607 1.8017 0.1541
Car -1 -1 1.2958 711.0203 175.9900 911.2859 309.7856 1.4742 1.5860 3.7276 2.4613 1.5259 9.9301 1.5308 0.9719
Car -1 -1 -2.0133 788.0156 173.5715 1242.0000 375.0000 1.4523 1.5798 3.5163 2.4739 1.4596 5.1699 -1.5899 0.9238
Car -1 -1 2.3527 553.8946 166.1933 716.0626 233.8437 1.6165 1.6889 4.4772 0.7259 1.4577 19.3855 2.3888 0.7242
