Car -1 -1 -1.8779 761.0818 180.6579 1008.7567 332.7374 1.3988 1.5615 3.8504 2.9539 1.5148 8.7624 -1.5640 0.9595
Car -1 -1 1.8801 320.8055 192.8048 432.7040 260.7552 1.5102 1.6557 4.0806 -6.1230 2.1002 19.2784 1.5759 0.9295
Car -1 -1 -1.7204 703.3691 176.1400 812.7431 258.2793 1.4824 1.6216 3.9189 2.9112 1.5609 15.1652 -1.5353 0.9271
Car -1 -1 1.7814 481.3227 183.7272 520.7487 211.1368 1.4748 1.5597 3.5883 -6.3473 2.1376 42.1168 1.6323 0.8569
Car -1 -1 -1.6288 639.2971 172.6153 668.3685 197.9843 1.5352 1.6070 3.7273 2.6963 1.5212 45.5262 -1.5704 0.8274
Car -1 -1 1.7356 497.0043 181.7144 531.9924 209.2823 1.6879 1.6421 4.0642 -6.2773 2.2976 47.5579 1.6046 0.6760
Car -1 -1 -2.3193 955.1733 182.1617 1242.0000 375.0000 1.4746 1.5653 3.7207 2.7487 1.5311 2.4689 -1.5383 0.5607
Car -1 -1 -1.7787 434.6763 173.1544 468.4200 195.0411 1.5950 1.7134 3.9936 -12.0981 1.6191 54.8119 -1.9952 0.5174
Car -1 -1 1.8314 316.5327 186.4620 359.1843 212.3770 1.5929 1.6846 4.1236 -18.3449 2.5525 48.7233 1.4727 0.4486
Car -1 -1 -0.8580 795.0903 173.2952 843.4988 192.9638 1.4892 1.5772 3.7373 16.3431 1.5251 56.3857 -0.5776 0.3878
