Pedestrian -1 -1 -1.2319 532.5537 176.4205 553.8381 216.2885 1.6064 0.7118 0.5899 -2.7713 1.7545 29.5095 -1.3253 0.3043
Pedestrian -1 -1 2.3568 421.6777 162.9218 445.0255 199.7452 1.8772 0.5861 1.0761 -9.1871 1.3712 37.3919 2.1172 0.2840
Pedestrian -1 -1 -0.7322 419.6621 173.8298 432.4933 198.6566 1.7748 0.7341 0.5462 -13.2947 1.8462 52.0437 -0.9814 0.1631
Cyclist -1 -1 -2.0115 820.7790 155.1446 886.5221 237.6266 1.7838 0.6190 2.0130 5.5262 1.4012 16.6390 -1.6968 0.8964
Cyclist -1 -1 2.3386 422.5219 163.1606 443.7685 200.5672 1.9083 0.5855 0.9322 -9.1905 1.4142 37.3572 2.0986 0.1108
Car -1 -1 -1.6257 575.6082 174.5358 668.5230 263.4979 1.6710 1.7473 4.3697 0.0775 1.7135 15.8612 -1.6220 0.9191
Car -1 -1 -1.6887 590.4963 176.8330 627.0585 207.0725 1.4959 1.5115 3.5267 -0.1431 1.7160 38.0166 -1.6930 0.5117
Car -1 -1 -1.6899 592.3311 170.9670 616.5555 189.9505 1.5454 1.6045 3.6841 -0.5190 1.3922 60.6669 -1.6987 0.3733
Car -1 -1 -2.8992 443.4580 168.5075 550.1157 205.4744 1.4613 1.6397 4.0348 -4.6258 1.2898 29.5135 -3.0537 0.2847
Car -1 -1 -1.6319 475.3832 176.0223 510.2450 206.1603 1.4793 1.5682 3.8484 -6.2328 1.6551 37.8946 -1.7943 0.1740
Car -1 -1 -2.4637 273.8687 157.2612 368.0055 190.4178 1.5665 1.6127 4.2216 -14.2428 0.8302 35.4782 -2.8430 0.1586
