Pedestrian -1 -1 2.0616 607.2061 173.0830 634.9001 222.1389 1.7587 0.7029 0.8412 0.7003 1.4580 26.2889 2.0827 0.6769
Pedestrian -1 -1 1.7437 438.8672 167.6377 493.5768 270.6839 1.6608 0.7985 0.6189 -2.2692 1.4387 11.8913 1.5535 0.5708
Pedestrian -1 -1 -0.6418 805.2194 150.6556 825.2829 186.7593 1.9359 0.5856 0.8638 11.5868 0.2828 38.9404 -0.3593 0.2819
Pedestrian -1 -1 -2.6880 678.1364 170.8098 715.4366 229.5545 1.6861 0.8392 0.8084 2.7872 1.3804 21.1869 -2.5640 0.2318
Pedestrian -1 -1 1.3857 733.2872 185.4373 780.8627 280.8890 1.6596 0.6640 0.9617 2.7631 1.7349 13.0126 1.5851 0.2094
Pedestrian -1 -1 2.9476 476.5905 168.6357 513.0112 233.8569 1.7229 0.7188 0.8499 -2.9248 1.3842 19.4554 2.7951 0.1735
Pedestrian -1 -1 -1.6009 964.1605 202.8246 1052.7878 374.0000 1.5968 0.6597 0.6633 3.6205 1.8051 6.5237 -1.1172 0.1732
Pedestrian -1 -1 -1.8812 751.9380 194.3675 802.7083 294.9232 1.5661 0.6183 0.6632 2.7955 1.7822 11.6329 -1.6563 0.1681
Pedestrian -1 -1 -0.4318 1161.5527 68.9395 1238.0000 238.1202 1.8500 0.5243 0.7627 6.9255 0.6205 8.2006 0.2489 0.1432
Pedestrian -1 -1 -1.1422 691.2468 158.6226 732.6964 213.4044 1.6627 0.5782 1.8866 3.4927 0.9695 22.7495 -0.9967 0.1110
Pedestrian -1 -1 1.4516 751.5610 149.8365 773.8467 202.6762 1.7157 0.5219 1.6602 5.3898 0.6887 24.1730 1.6638 0.1099
Cyclist -1 -1 1.4516 751.5610 149.8365 773.8467 202.6762 1.7157 0.5219 1.6602 5.3898 0.6887 24.1730 1.6638 0.7347
Cyclist -1 -1 -1.1422 691.2468 158.6226 732.6964 213.4044 1.6627 0.5782 1.8866 3.4927 0.9695 22.7495 -0.9967 0.3143
Cyclist -1 -1 2.9476 476.5905 168.6357 513.0112 233.8569 1.7229 0.7188 0.8499 -2.9248 1.3842 19.4554 2.7951 0.1206
Cyclist -1 -1 1.9112 607.7615 173.3418 633.5285 221.9651 1.7422 0.6891 0.8904 0.6865 1.4510 26.2746 1.9318 0.1100
Cyclist -1 -1 1.2823 732.7957 188.6497 783.4814 286.6572 1.6886 0.6251 0.9948 2.7732 1.8242 12.9728 1.4830 0.1023
Car -1 -1 2.7518 592.0213 164.8634 687.8613 197.4289 1.5978 1.7336 4.5934 1.9650 0.7824 36.8275 2.7998 0.4338
