Pedestrian -1 -1 3.0235 388.6778 175.1206 404.8325 204.5880 1.8122 0.5025 0.9102 -13.2872 1.9547 44.8442 2.7367 0.5011
Car -1 -1 -0.3374 722.1835 184.3764 927.8223 265.3497 1.5144 1.6116 3.6777 4.2247 1.7639 14.6746 -0.0634 0.9589
Car -1 -1 3.5037 133.1912 178.4069 356.5007 252.8859 1.5023 1.6468 4.0165 -7.8466 1.6314 15.7115 3.0469 0.9557
Car -1 -1 0.6673 0.0000 181.9908 253.3870 291.6984 1.4493 1.5624 3.9862 -7.6398 1.5947 10.5623 0.0529 0.9070
Car -1 -1 3.8498 0.0000 182.1976 143.3502 333.6162 1.4339 1.6409 3.9597 -7.6677 1.5479 7.8574 3.0936 0.8916
Car -1 -1 -0.3284 697.1065 177.6328 878.2040 249.2986 1.5833 1.6575 3.8307 4.0787 1.7036 17.0873 -0.0989 0.8579
Car -1 -1 3.3393 218.7602 172.7318 370.4743 230.1113 1.5536 1.5847 3.7445 -8.9716 1.5506 20.6936 2.9346 0.8412
Car -1 -1 -1.7616 457.5951 177.8531 490.7173 200.9139 1.6157 1.7031 3.9139 -10.1548 2.0022 53.6070 -1.9483 0.6733
Car -1 -1 -1.5080 341.1689 166.1864 389.0162 211.4697 1.7846 1.6599 4.0851 -10.3627 1.5222 30.6199 -1.8321 0.6372
Car -1 -1 0.2160 260.3323 171.7226 398.9401 223.7982 1.5993 1.5697 3.9106 -8.9677 1.5649 23.2226 -0.1491 0.5198
Car -1 -1 -0.9463 1042.3109 166.4220 1242.0000 375.0000 1.5052 1.6303 4.0883 4.7885 1.4794 3.9487 -0.1015 0.5052
