Pedestrian -1 -1 2.6371 518.8773 166.7402 537.2032 199.4317 1.8965 0.6005 0.8899 -4.7068 0.8258 42.1999 2.5264 0.3967
Pedestrian -1 -1 -0.0243 445.8703 182.8559 460.7104 214.1129 1.7818 0.6232 0.8200 -8.9208 1.6484 41.3739 -0.2358 0.3327
Cyclist -1 -1 0.1017 462.8080 161.9443 513.8086 209.5324 1.7355 0.6358 1.8062 -4.4442 0.8880 26.5867 -0.0625 0.4758
Car -1 -1 -1.2835 300.5932 191.7390 443.7589 286.9342 1.4286 1.4712 3.3905 -4.0513 1.5607 12.7244 -1.5861 0.9499
Car -1 -1 -1.5648 561.5028 178.9056 601.0917 215.5147 1.5628 1.6904 3.8145 -1.2261 1.2945 32.6159 -1.6025 0.9266
Car -1 -1 -1.0905 0.0000 191.6435 363.1485 376.0000 1.4806 1.6411 4.0550 -3.2119 1.5462 5.1313 -1.6267 0.9256
Car -1 -1 -1.2312 241.1712 185.7143 347.0283 241.5127 1.4484 1.5795 3.8286 -8.9119 1.4652 20.6516 -1.6342 0.9237
Car -1 -1 -1.0382 0.0000 184.6770 154.1186 247.9077 1.3660 1.5514 3.9039 -12.9748 1.3555 17.5442 -1.6678 0.7818
Car -1 -1 -1.0613 59.6873 183.1652 272.2409 269.8252 1.3969 1.5670 4.1328 -8.1422 1.3650 13.6652 -1.5901 0.6267
Car -1 -1 -1.1442 304.8751 176.3896 370.5199 208.1881 1.4562 1.5853 3.6888 -13.0310 1.0532 34.8127 -1.5001 0.5294
Car -1 -1 -1.1254 205.6651 181.3921 294.8212 224.7512 1.4870 1.5321 3.5797 -13.0823 1.3570 26.4462 -1.5811 0.4513
