Pedestrian -1 -1 -1.8616 893.8223 137.2408 921.7203 192.5434 1.9072 0.6123 1.0950 10.6497 0.4169 24.9569 -1.4609 0.3707
Pedestrian -1 -1 0.9784 1058.1340 151.5605 1110.2808 231.7770 1.8010 0.6176 0.8574 10.9959 1.1529 16.3002 1.5646 0.3522
Pedestrian -1 -1 -0.0980 574.1589 172.9696 588.8791 199.8703 1.7888 0.5626 0.9351 -1.5739 1.2894 47.3495 -0.1293 0.2877
Pedestrian -1 -1 0.3814 450.9934 175.9189 467.0591 203.6167 1.7836 0.5354 0.8851 -9.4695 1.4899 45.8680 0.1808 0.2630
Pedestrian -1 -1 -2.0522 814.6942 148.0638 841.7265 187.1057 1.8157 0.5601 1.5743 10.6105 0.3087 33.7020 -1.7479 0.1189
Cyclist -1 -1 -1.1630 392.9051 181.7404 412.8557 214.3005 1.6577 0.3683 1.6644 -10.5529 1.7254 36.9065 -1.4377 0.7531
Cyclist -1 -1 -3.0998 628.5189 168.3611 656.2157 196.5776 1.8409 0.5499 1.7970 2.4605 1.0502 46.4835 -3.0456 0.6571
Cyclist -1 -1 0.0070 576.9597 170.6050 603.7249 197.3684 1.8445 0.5700 1.8448 -1.0107 1.1639 49.0205 -0.0119 0.6119
Cyclist -1 -1 -2.0779 815.0168 148.3772 841.7817 187.3158 1.8121 0.5489 1.5097 10.6176 0.3186 33.6931 -1.7734 0.2424
Cyclist -1 -1 0.9464 1055.8029 152.8213 1115.7858 233.8286 1.7999 0.6490 1.0387 10.9832 1.1865 16.2363 1.5338 0.1269
Cyclist -1 -1 -1.8616 893.8223 137.2408 921.7203 192.5434 1.9072 0.6123 1.0950 10.6497 0.4169 24.9569 -1.4609 0.1207
Car -1 -1 2.6438 901.0839 144.5249 1022.8218 183.0938 1.4394 1.5567 3.9195 13.6636 0.0983 27.2302 3.1061 0.9272
Car -1 -1 -1.4847 522.7100 177.0014 555.2186 202.0995 1.3968 1.5801 3.5047 -3.8057 1.2035 41.0999 -1.5746 0.8817
Car -1 -1 1.6158 340.6555 181.3018 371.5972 207.4641 1.5389 1.6204 3.9574 -15.3900 1.5923 43.8402 1.2821 0.3736
Car -1 -1 1.4765 653.9707 178.2075 678.0812 197.9353 1.5451 1.5913 3.8245 4.9265 1.3668 57.2884 1.5633 0.2818
Car -1 -1 -3.4409 807.6940 160.4320 861.2264 179.8018 1.5462 1.6066 3.8229 18.5886 -0.0562 57.3269 -3.1272 0.2658
Car -1 -1 -3.5308 866.1931 153.9924 930.2991 175.9587 1.7466 1.6866 4.5040 23.7913 -0.3731 57.4175 -3.1382 0.2637
