Pedestrian -1 -1 -1.2558 239.3382 141.3638 333.8364 321.2737 1.7113 0.7132 0.5744 -3.2544 1.4121 7.1810 -1.6683 0.4513
Pedestrian -1 -1 3.4145 363.3487 163.3286 384.6994 197.4168 1.8476 0.5038 1.0093 -12.9114 1.3317 39.3790 3.0994 0.4109
Pedestrian -1 -1 2.4842 759.2275 161.8648 776.1757 191.9280 1.9092 0.5688 0.9025 10.0811 1.2117 46.2697 2.6971 0.3873
Pedestrian -1 -1 -0.0510 429.2213 163.4743 447.2578 199.4153 1.8925 0.6057 0.9043 -9.1820 1.3990 38.4078 -0.2844 0.3606
Car -1 -1 3.0892 435.1573 169.8492 519.5211 204.5022 1.6069 1.6553 3.9058 -6.4403 1.4679 34.7151 2.9068 0.8708
Car -1 -1 0.7700 973.3991 158.6034 1037.0896 184.7846 1.8927 1.7311 4.1775 29.7029 0.8628 54.4097 1.2673 0.5823
Car -1 -1 -2.0607 730.7592 166.5446 776.1214 192.4484 1.7718 1.6724 3.5692 10.1246 1.3406 51.3012 -1.8673 0.5602
Car -1 -1 1.9495 96.2155 168.6694 149.3954 195.6972 1.7464 1.5781 4.0728 -32.8866 1.4764 48.7757 1.3586 0.5371
Car -1 -1 0.9717 905.6736 159.7472 967.5356 185.5854 1.7686 1.7661 4.5627 23.3249 0.8718 51.7869 1.3926 0.4909
Car -1 -1 -2.0884 771.6032 163.2164 827.3217 191.2006 1.9057 1.8114 4.5786 13.4404 1.2498 51.5808 -1.8352 0.3891
Car -1 -1 -1.9291 697.3286 166.3680 740.6839 190.9527 1.6478 1.6491 4.1282 7.5526 1.2134 50.5481 -1.7819 0.3853
Car -1 -1 -1.1797 61.1074 174.1262 116.7425 198.8717 1.6200 1.6260 4.1834 -35.8260 1.7119 49.6837 -1.8020 0.3245
Car -1 -1 3.5356 0.0000 175.4551 21.2846 261.1937 1.5625 1.6551 4.3721 -15.1744 1.6222 14.8460 2.7483 0.3219
