Car -1 -1 -1.7036 631.1312 182.2608 677.1539 214.5572 1.4493 1.6998 4.4236 2.0945 1.9482 35.9677 -1.6466 0.9521
Car -1 -1 3.6971 0.0000 193.1708 299.5377 323.6363 1.4354 1.6991 4.3259 -6.5379 1.7214 9.1887 3.0920 0.9477
Car -1 -1 3.4913 191.1653 179.6170 406.7982 255.9501 1.6007 1.6998 4.1250 -6.9109 1.7622 16.2422 3.0944 0.9396
Car -1 -1 -0.4662 838.5786 189.8763 1100.3253 290.7403 1.5708 1.5937 3.6998 5.9733 1.8828 12.3648 -0.0265 0.9358
Car -1 -1 -2.5790 45.9842 184.4713 342.6801 287.6381 1.5103 1.6193 3.9155 -6.6405 1.7136 11.6828 -3.0865 0.9306
Car -1 -1 -0.6395 910.5476 188.6611 1242.0000 315.7153 1.4813 1.6062 3.8611 6.2055 1.7131 9.6038 -0.0807 0.9186
Car -1 -1 -0.3705 729.6721 183.5673 890.1417 238.4262 1.4345 1.5893 4.0435 5.5063 1.7509 20.2711 -0.1097 0.9157
Car -1 -1 -2.3562 0.0000 183.9796 135.3808 358.0758 1.4396 1.5994 3.8890 -7.0504 1.5586 6.8813 -3.1344 0.9034
Car -1 -1 -0.2838 729.6962 171.9060 864.7284 226.5244 1.6527 1.6045 3.8119 5.7776 1.6244 22.7049 -0.0384 0.8859
Car -1 -1 0.1736 403.1266 182.9265 502.4343 218.5319 1.4135 1.5621 3.8191 -6.5161 1.8444 29.9812 -0.0391 0.8858
Car -1 -1 -0.4595 815.5420 181.1893 1042.2395 260.2745 1.5138 1.6385 3.9871 6.4456 1.6977 14.9441 -0.0603 0.8705
Car -1 -1 -0.6637 1002.2596 168.6073 1242.0000 339.0793 1.4702 1.6619 3.9477 6.2507 1.4340 7.1213 0.0358 0.8624
Car -1 -1 -2.7701 228.4174 162.9920 432.5907 237.9628 1.8557 1.8067 4.6170 -7.2005 1.6120 18.7828 -3.1319 0.7999
Car -1 -1 2.7453 760.0330 188.2910 952.7563 255.7942 1.4981 1.6283 4.0965 5.8180 1.8923 17.4318 3.0614 0.7947
