Pedestrian -1 -1 -2.9739 628.2056 170.5977 640.0355 194.5385 1.8236 0.5628 0.8248 1.8248 1.6521 55.3154 -2.9415 0.2023
Car -1 -1 2.0001 162.3083 180.2208 306.1699 255.6260 1.6030 1.5943 3.9759 -9.0915 1.8051 17.7468 1.5324 0.9635
Car -1 -1 1.7694 415.4991 171.3455 461.3397 205.1275 1.9287 1.7937 4.7140 -10.3206 1.8429 43.5767 1.5378 0.8051
Car -1 -1 -1.5156 542.6842 178.5505 570.6663 202.0740 1.4982 1.6744 4.0863 -3.6120 1.9017 49.0065 -1.5892 0.7267
Car -1 -1 -1.5681 587.3272 175.4282 613.9712 200.8575 1.5711 1.6625 4.2933 -0.6398 1.7474 47.1685 -1.5820 0.6600
Car -1 -1 -1.1651 179.6537 180.5352 353.8945 262.1536 1.4109 1.6467 4.3551 -6.9591 1.5952 15.0773 -1.5913 0.3392
Car -1 -1 -1.1940 621.0374 176.9812 657.0340 196.7882 1.5536 1.6500 3.9132 2.4113 1.9070 59.5984 -1.1542 0.3363
Car -1 -1 -1.6410 1200.8392 160.1421 1242.0000 208.3661 1.8264 1.5785 3.4037 24.9784 1.3453 29.1638 -0.9380 0.2556
Car -1 -1 -2.7387 271.8077 156.7293 357.4229 185.3885 1.6059 1.6842 4.2143 -16.8973 0.7027 41.3048 -3.1249 0.1913
Car -1 -1 -0.4979 729.2465 173.9397 799.9960 201.8755 1.5828 1.5944 3.7485 9.0157 1.6488 42.2800 -0.2896 0.1839
