Pedestrian -1 -1 -2.7894 448.3568 163.9950 467.6404 198.0197 1.8512 0.5799 0.8907 -8.3766 1.3695 39.6049 -2.9968 0.4585
Pedestrian -1 -1 1.6700 311.2976 142.1844 376.7602 299.4349 1.6840 0.6226 0.7171 -3.0402 1.3559 8.1483 1.3227 0.2880
Car -1 -1 3.0373 481.6169 166.1548 557.9926 196.7992 1.4786 1.5599 3.6356 -4.5547 1.1557 35.9842 2.9120 0.9053
Car -1 -1 1.1182 714.6688 162.9146 761.3296 188.6114 1.7329 1.6342 4.0146 8.9303 1.0630 50.8108 1.2909 0.6717
Car -1 -1 1.9428 0.0000 171.0272 53.0035 199.3844 1.6415 1.6469 4.1890 -35.8884 1.5361 44.0102 1.2616 0.5946
Car -1 -1 1.1924 745.4644 158.7706 790.1348 182.0158 1.6238 1.7010 4.3110 11.4294 0.6403 52.6656 1.4048 0.5602
Car -1 -1 -2.0099 787.2132 157.1024 839.5883 186.7917 2.0508 1.8348 4.6519 14.6343 0.9631 52.2849 -1.7387 0.4959
Car -1 -1 1.1485 928.9879 161.1338 980.7115 187.3443 1.8120 1.7049 4.3881 24.7900 1.0021 52.0903 1.5903 0.3929
Car -1 -1 2.6260 128.2519 168.5312 201.6830 196.2330 1.8470 1.6573 4.0675 -30.9760 1.5591 50.2856 2.0761 0.3663
Car -1 -1 1.8821 41.1142 167.6796 98.3230 197.6454 1.8445 1.7960 4.0493 -34.8524 1.5264 46.6170 1.2427 0.3077
Car -1 -1 0.8248 460.5905 170.9437 509.9739 190.2030 1.5355 1.5877 4.1852 -10.3175 1.3835 59.4243 0.6534 0.2915
Car -1 -1 0.7023 986.9680 152.0292 1057.5614 179.3903 1.9736 1.8083 4.5220 31.0125 0.4718 54.4760 1.2175 0.2813
