Pedestrian -1 -1 -1.8390 690.1537 169.3666 716.3959 218.5811 1.7480 0.7111 0.9592 3.3293 1.6245 26.1506 -1.7144 0.7330
Pedestrian -1 -1 -1.6141 1038.7744 146.3268 1084.1865 257.2188 1.7464 0.5921 0.6319 7.3067 1.3290 11.7798 -1.0705 0.3918
Pedestrian -1 -1 -1.9829 1212.8788 128.0225 1242.0000 188.5246 1.8593 0.6709 0.8290 19.5085 0.4819 22.6650 -1.2785 0.2733
Cyclist -1 -1 -1.2213 0.0000 187.2927 27.5095 248.0865 1.6335 0.3895 1.5454 -17.2078 2.0611 20.5545 -1.9121 0.3138
Car -1 -1 1.5333 446.1411 178.5891 492.2905 223.2429 1.4513 1.4818 3.1928 -5.0868 1.6689 25.6144 1.3387 0.9372
Car -1 -1 1.9285 6.7617 178.2118 135.6405 244.3944 1.6740 1.6595 3.9428 -15.3274 1.8440 20.7137 1.2974 0.9150
Car -1 -1 2.6971 628.6913 171.6240 698.0499 194.5439 1.5187 1.6746 4.4483 3.6256 1.4376 49.3956 2.7696 0.8895
Car -1 -1 0.8749 338.5257 180.4779 424.7627 213.5967 1.4503 1.6251 4.1374 -10.8960 1.8313 34.2212 0.5685 0.8677
Car -1 -1 -0.6070 516.5060 176.0950 589.2509 201.8467 1.5462 1.6837 4.4484 -3.6276 1.7620 45.9003 -0.6858 0.5403
Car -1 -1 1.9729 0.0000 180.2681 53.2067 235.4037 1.4343 1.5842 3.6068 -18.1810 1.6731 21.2504 1.2713 0.2546
