Pedestrian -1 -1 1.8970 352.8603 132.7773 433.6901 288.1512 1.8345 0.6892 0.9747 -2.7370 1.3617 9.0169 1.6096 0.2774
Pedestrian -1 -1 2.2936 46.9184 157.2681 82.7426 216.3272 1.8670 0.6858 0.6087 -17.5226 1.3746 23.1371 1.6508 0.1361
Car -1 -1 0.7407 2.3835 185.0459 252.9294 265.1880 1.5846 1.7427 4.6379 -10.5750 1.8739 15.8686 0.1603 0.9784
Car -1 -1 -0.5707 1167.3566 165.2382 1242.0000 288.6860 1.7252 1.7363 4.3136 11.6785 1.6191 11.3872 0.2140 0.6432
Car -1 -1 1.6424 0.0000 183.7792 33.5761 209.8475 1.5916 1.5763 3.8638 -39.3622 2.3464 47.7881 0.9560 0.1733
Car -1 -1 1.6859 165.4079 177.7112 202.0803 205.1044 1.6405 1.5905 3.6813 -27.1129 1.9635 45.9246 1.1549 0.1475
Car -1 -1 0.7507 33.1431 152.4097 181.3223 201.0115 1.4753 1.6094 3.8046 -16.0033 0.8550 22.9744 0.1476 0.1362
Car -1 -1 -2.1900 329.7693 178.6351 387.0704 204.1234 1.5555 1.5855 3.7931 -16.2864 1.9430 46.5658 -2.5250 0.1330
Car -1 -1 1.6580 140.7946 178.4737 167.3646 197.6173 1.5623 1.5875 4.0566 -39.3632 2.0650 62.3220 1.0964 0.1306
Car -1 -1 3.2428 76.9655 155.3286 172.8563 186.1971 1.7064 1.7274 4.4427 -27.9423 0.7380 41.6865 2.6551 0.1297
