Pedestrian -1 -1 1.9202 1182.0675 123.9039 1242.0000 256.4387 1.7774 0.6178 0.7334 8.5125 1.1213 10.1268 2.6049 0.3700
Pedestrian -1 -1 -2.4139 0.0000 190.1213 34.7437 271.6808 1.6964 0.5835 0.6695 -12.9291 2.0736 15.4388 -3.1027 0.2541
Pedestrian -1 -1 -2.4697 460.2578 184.1684 481.1049 218.9090 1.8047 0.7415 0.7998 -7.4353 2.4141 38.3271 -2.6606 0.1812
Pedestrian -1 -1 -0.6128 46.1188 177.2155 193.1651 312.4395 1.7469 0.5863 1.6986 -6.9681 1.8148 10.2741 -1.1971 0.1114
Cyclist -1 -1 -0.6898 53.7944 182.4313 193.0871 315.9547 1.7301 0.5567 1.6815 -6.9711 1.8797 10.3588 -1.2706 0.4453
Car -1 -1 1.9672 123.9761 178.6719 427.1368 371.8653 1.7485 1.7068 4.2063 -3.6784 1.8366 8.7653 1.5796 0.9743
Car -1 -1 1.6818 483.3966 182.6779 545.5656 230.1066 1.4609 1.6857 4.3073 -3.2992 1.8352 25.2896 1.5528 0.9039
Car -1 -1 2.4046 0.0000 196.0453 163.2789 375.0000 1.4778 1.6162 3.8092 -3.7492 1.6321 2.8494 1.5288 0.6575
Car -1 -1 1.2021 976.2070 106.9543 1190.0923 223.0564 1.5337 1.5687 3.5496 7.1550 0.6635 11.4154 1.7507 0.4517
Car -1 -1 -1.6909 672.8278 160.7072 708.6993 190.3928 1.6595 1.6489 3.6191 4.6396 0.9808 42.1512 -1.5823 0.2802
