Pedestrian -1 -1 -1.7892 975.8624 151.4068 991.9803 186.9438 1.9571 0.6840 0.5798 20.7430 0.7763 40.1001 -1.3150 0.1862
Pedestrian -1 -1 -1.5018 705.9892 175.0752 722.1685 210.1530 1.7767 0.7844 0.5669 5.2948 1.8919 36.9475 -1.3612 0.1772
Cyclist -1 -1 1.5390 968.3195 160.3645 980.1979 196.1224 1.7435 0.4706 1.5970 18.1322 1.1349 36.0027 2.0020 0.1913
Car -1 -1 -0.9658 87.1210 195.5780 184.1194 238.2551 1.4697 1.5081 3.4149 -18.6127 2.4195 28.4150 -1.5416 0.8390
Car -1 -1 1.9988 241.8075 189.2290 310.4984 224.6028 1.4493 1.5411 3.4503 -15.1742 2.2352 32.8846 1.5692 0.6297
Car -1 -1 -1.5335 131.1670 164.7714 165.8895 201.3381 2.3368 1.7837 4.7863 -31.0693 1.8206 48.6234 -2.0998 0.2597
Car -1 -1 0.2439 378.9917 187.0083 478.0305 221.3741 1.4664 1.6108 4.0242 -8.0991 2.1154 32.2570 -0.0006 0.2436
Car -1 -1 1.2394 768.6169 174.7571 812.7537 199.4772 1.5759 1.6282 4.0544 12.0334 1.7095 48.4092 1.4812 0.1769
Car -1 -1 2.3285 0.0000 185.5847 134.3718 238.6165 1.4015 1.5362 4.0262 -16.9003 1.8296 22.1537 1.6824 0.1748
Car -1 -1 1.9102 328.2961 185.5773 369.2388 209.3873 1.6091 1.6110 3.8884 -19.0861 2.5747 52.7905 1.5646 0.1615
Car -1 -1 1.9185 53.5135 175.2699 102.7182 199.4368 1.7051 1.6788 3.9629 -39.3730 1.8917 53.4714 1.2861 0.1281
