Pedestrian -1 -1 1.5444 525.8139 161.8769 547.8816 229.4234 1.8729 0.6004 0.7124 -2.1203 1.5689 20.3956 1.4415 0.3732
Pedestrian -1 -1 -1.6046 143.6675 174.2433 169.2210 230.5527 1.8355 0.7007 0.6253 -15.1305 1.8829 23.9939 -2.1624 0.2181
Pedestrian -1 -1 -1.9407 574.4271 161.8737 590.3901 200.3168 1.9150 0.6628 0.5098 -1.4272 1.3684 36.3053 -1.9801 0.1582
Pedestrian -1 -1 -1.4567 683.7408 176.0769 692.4111 198.4052 1.7892 0.6176 0.7471 6.2941 2.0522 58.3715 -1.3503 0.1450
Pedestrian -1 -1 -1.8740 511.8046 182.8072 529.3140 215.3077 1.7474 0.6028 1.2899 -4.9921 2.3085 39.9380 -1.9981 0.1412
Cyclist -1 -1 1.3448 512.8217 181.5641 529.7224 214.1225 1.7427 0.5966 1.5352 -4.9474 2.2345 39.8824 1.2217 0.1554
Car -1 -1 2.9224 382.3204 202.5524 461.9828 233.3970 1.6093 1.5744 4.3097 -11.1011 3.4311 42.5669 2.6681 0.4379
Car -1 -1 1.2795 962.4938 173.1297 1015.4631 201.5312 1.5552 1.6079 3.9953 21.7704 1.5722 41.6591 1.7578 0.3473
Car -1 -1 2.4820 997.3369 148.5915 1090.2948 177.9815 1.5459 1.6630 4.1707 23.3954 0.2701 39.0303 3.0187 0.2062
Car -1 -1 1.2842 495.1786 184.2631 538.1807 210.1175 1.4663 1.5836 4.0063 -5.8940 2.2118 44.9699 1.1542 0.1803
Car -1 -1 1.2377 466.5215 179.8916 506.0210 202.7549 1.6217 1.6726 4.1952 -9.4626 2.1784 54.7967 1.0671 0.1716
