Pedestrian -1 -1 1.4450 731.5601 160.6576 749.6760 196.7179 1.8791 0.8088 1.0923 6.8653 1.2439 38.1624 1.6213 0.4680
Cyclist -1 -1 1.4450 731.5601 160.6576 749.6760 196.7179 1.8791 0.8088 1.0923 6.8653 1.2439 38.1624 1.6213 0.1009
Car -1 -1 -1.8770 735.5188 180.5197 958.0374 315.0258 1.4008 1.5868 4.0105 2.8487 1.5265 9.7722 -1.6025 0.9620
Car -1 -1 0.5346 106.3242 179.8457 375.6990 283.5679 1.6191 1.6387 3.8103 -6.2430 1.7485 12.3493 0.0747 0.9557
Car -1 -1 -2.2817 0.0000 185.2941 274.5185 357.1733 1.4030 1.6145 4.2003 -5.8300 1.5498 7.2744 -2.9398 0.9347
Car -1 -1 -1.6996 679.3629 175.2184 739.5355 220.7361 1.4410 1.5919 3.4380 3.2936 1.5281 24.7384 -1.5694 0.9231
Car -1 -1 0.6645 0.0000 190.6652 313.1673 314.3780 1.4608 1.4937 3.6855 -6.1946 1.7248 9.7329 0.1096 0.9038
Car -1 -1 0.3220 354.1537 176.6449 497.4380 230.7397 1.5363 1.5972 3.8411 -5.4873 1.6549 21.5619 0.0752 0.8914
Car -1 -1 3.3168 396.9613 176.9099 511.0878 215.5391 1.4628 1.5947 4.1719 -6.1077 1.6275 28.3732 3.1062 0.8873
Car -1 -1 -2.9164 468.4833 173.7329 543.1522 202.2717 1.4902 1.6259 3.6942 -5.5897 1.5389 38.6953 -3.0593 0.6060
Car -1 -1 -2.9241 440.7220 173.9399 527.6297 207.3499 1.5375 1.6073 3.7951 -5.9515 1.5906 34.1497 -3.0957 0.5373
Car -1 -1 -1.7049 672.1301 170.9996 721.7771 208.9261 1.4718 1.5443 3.6552 3.4925 1.4002 29.8408 -1.5901 0.5204
