Cyclist -1 -1 1.5835 456.5268 184.1606 475.0208 236.4626 1.7747 0.6275 1.8613 -5.2041 2.1958 25.8735 1.3863 0.8370
Cyclist -1 -1 1.5524 481.3761 182.6725 498.8788 230.4570 1.7427 0.6254 1.8832 -4.6555 2.1333 27.6978 1.3868 0.7346
Car -1 -1 -1.7815 642.9941 185.3773 722.2157 244.3546 1.4679 1.5544 3.2586 1.9210 1.8519 20.3915 -1.6898 0.9464
Car -1 -1 -1.5622 389.3023 193.2125 445.5531 247.3860 1.4606 1.5872 3.4850 -6.0945 2.1562 22.7525 -1.8217 0.9451
Car -1 -1 1.2802 715.7085 184.3864 896.9904 305.0959 1.5044 1.6039 3.8879 2.7997 1.7180 11.3550 1.5147 0.9239
Car -1 -1 -1.6739 564.2554 186.9109 601.8743 217.5048 1.5063 1.6628 3.7022 -1.5464 2.3096 39.2647 -1.7137 0.9060
Car -1 -1 -1.9450 783.9322 168.4244 1242.0000 375.0000 1.5861 1.6988 4.5036 2.8044 1.5617 6.3039 -1.5449 0.9051
Car -1 -1 -1.7528 607.5178 184.7048 663.5962 228.8680 1.4940 1.5210 3.2578 0.8570 1.9671 27.0567 -1.7223 0.9016
Car -1 -1 -1.7343 537.9016 187.2165 571.1137 213.2109 1.6231 1.6564 3.8411 -3.8669 2.6477 49.3924 -1.8126 0.7255
Car -1 -1 1.7343 399.0083 192.8641 457.4094 236.6267 1.4547 1.5542 3.9812 -6.9899 2.2856 27.8992 1.4904 0.6267
Car -1 -1 1.2800 626.9880 172.6808 675.5699 202.3497 1.5618 1.6123 3.9695 2.2003 1.5531 40.0989 1.3339 0.4820
