Pedestrian -1 -1 -2.0642 760.0831 155.8305 829.5890 275.4740 1.7427 0.6695 0.9031 2.8959 1.3701 10.9799 -1.8177 0.7183
Pedestrian -1 -1 1.4432 675.8110 152.4571 703.3817 218.1270 1.7719 0.6548 0.7605 2.3877 0.9894 19.7638 1.5568 0.5099
Pedestrian -1 -1 0.1936 88.7268 158.3674 161.6267 316.4972 1.7176 0.6513 0.5778 -5.4723 1.4677 8.2104 -0.3854 0.3704
Pedestrian -1 -1 -1.7538 491.8645 158.6977 506.7085 192.4952 1.8765 0.6840 0.8242 -5.7463 0.6113 40.3800 -1.8991 0.3017
Pedestrian -1 -1 -1.4860 468.4708 159.8048 486.0497 202.9864 1.8725 0.7165 0.5630 -5.4489 0.9327 31.4600 -1.6611 0.2159
Cyclist -1 -1 1.8120 437.3653 158.4879 487.8087 255.8177 1.7754 0.5579 1.8067 -2.7178 1.3569 14.0158 1.6185 0.9040
Cyclist -1 -1 1.8570 348.0161 147.4940 416.6884 265.4502 1.7286 0.5450 1.8640 -3.4939 1.2315 11.4585 1.5619 0.7937
Cyclist -1 -1 -1.8948 1191.5359 154.5402 1238.0000 278.3977 1.6423 0.4798 1.8026 9.1912 1.2861 10.4482 -1.1909 0.2406
Car -1 -1 2.0922 0.0000 165.7159 83.9709 374.0000 1.4161 1.5580 3.7443 -5.6559 1.3427 5.4139 1.3031 0.5123
Car -1 -1 1.0302 980.0223 146.0862 1122.5531 203.1642 1.4761 1.5508 4.0419 12.6690 0.5614 20.5952 1.5711 0.3269
Car -1 -1 -1.7934 715.0080 149.0171 769.0671 186.2031 1.6127 1.6252 3.7238 6.3874 0.2049 33.0417 -1.6087 0.2570
Car -1 -1 -1.5624 586.7519 139.9563 632.3764 187.7896 2.0665 1.9718 5.1664 0.3741 0.2727 33.6279 -1.5562 0.2538
Car -1 -1 -1.3641 479.2328 154.2518 515.4700 181.4365 1.7630 1.6826 3.8665 -6.9801 -0.0038 48.5736 -1.5108 0.2466
Car -1 -1 2.1073 1033.3220 198.5883 1238.0000 374.0000 1.4588 1.5021 3.5178 6.3062 1.6642 7.2778 2.7980 0.2266
Car -1 -1 -0.9013 1190.1648 149.0048 1238.0000 263.1465 1.4513 1.6034 3.8342 10.7387 1.0395 10.1284 -0.1046 0.2240
Car -1 -1 1.3779 720.8784 177.8454 797.0137 225.5748 1.4254 1.6119 4.1793 5.0272 1.3174 23.5472 1.5808 0.1966
