Pedestrian -1 -1 -1.1216 13.4453 142.4561 52.4529 200.7127 1.9571 0.7670 0.8093 -19.8004 0.9362 24.7157 -1.7919 0.5565
Pedestrian -1 -1 1.8666 564.7498 176.9124 580.9009 200.9190 1.6453 0.7001 1.5881 -2.6281 1.9351 50.5933 1.8146 0.1319
Cyclist -1 -1 2.0825 562.9486 176.7802 582.8594 201.4947 1.6902 0.6863 1.6231 -2.6176 1.9702 50.5019 2.0305 0.7189
Car -1 -1 -0.2185 759.2208 174.2651 903.4497 230.8275 1.6104 1.6757 3.8385 6.4697 1.6548 21.5555 0.0686 0.9595
Car -1 -1 -1.7172 694.1827 183.0972 791.0652 255.8980 1.4369 1.6168 3.7865 2.8896 1.7013 16.6857 -1.5497 0.9521
Car -1 -1 0.4293 198.6537 179.1070 438.2455 267.3940 1.6112 1.6431 4.0700 -5.6843 1.7430 14.2293 0.0550 0.9125
Car -1 -1 0.4833 96.0867 192.2364 386.6227 297.1572 1.5735 1.6141 4.0199 -6.0299 1.9192 11.9942 0.0258 0.9098
Car -1 -1 0.3806 295.2858 175.6811 470.0054 241.2441 1.6278 1.6170 4.0722 -5.9470 1.7063 18.9646 0.0802 0.8822
Car -1 -1 3.9080 0.0000 130.6885 132.4111 342.8864 1.6528 1.6489 3.9886 -6.9129 1.3248 6.4999 3.1123 0.8067
Car -1 -1 -2.3491 954.6771 72.3661 1242.0000 375.0000 1.5014 1.5615 3.5128 2.8181 1.3843 2.6027 -1.5787 0.7851
Car -1 -1 3.7306 0.0000 196.4727 250.1647 327.6573 1.4492 1.5957 3.8432 -6.9538 1.7789 9.1724 3.0956 0.7847
Car -1 -1 0.1970 410.2800 162.6017 506.7016 196.3425 1.5291 1.6283 4.1462 -7.0245 1.0648 33.5272 -0.0082 0.7408
Car -1 -1 -0.2539 688.5936 178.4401 777.1850 211.2444 1.5243 1.6411 3.9297 5.8589 1.8022 34.8551 -0.0893 0.7327
Car -1 -1 0.5293 256.9613 178.8948 432.6690 250.0464 1.5156 1.5166 3.5153 -6.1035 1.6639 16.6107 0.1818 0.6679
Car -1 -1 -1.6676 635.1208 179.2629 664.6993 203.1485 1.5604 1.6696 3.9705 2.7098 2.0249 50.2374 -1.6146 0.6237
