Pedestrian -1 -1 1.2902 868.3241 158.1141 922.3655 265.6718 1.7054 0.6504 0.6664 4.7517 1.3359 11.7484 1.6615 0.8440
Pedestrian -1 -1 2.1636 182.8027 154.1770 307.5721 347.9222 1.7445 0.6711 0.9455 -3.4760 1.4999 6.9803 1.7101 0.6878
Pedestrian -1 -1 -2.4996 781.2662 162.1754 826.5966 240.6943 1.8116 0.6679 0.7974 4.7802 1.3669 17.0903 -2.2362 0.6128
Pedestrian -1 -1 -0.1762 659.9612 170.9104 682.3409 209.9478 1.7802 0.6352 0.9261 3.1979 1.2982 33.1116 -0.0858 0.5531
Pedestrian -1 -1 -1.7964 740.8137 173.3796 836.6942 344.4682 1.5393 0.7192 0.7473 1.7084 1.4677 6.8357 -1.5664 0.5326
Pedestrian -1 -1 2.1825 0.0000 161.7240 230.6972 374.0000 1.7404 0.7092 0.9888 -2.3724 1.6647 3.2975 1.5875 0.4198
Pedestrian -1 -1 -0.7116 462.0268 171.4446 486.9118 214.1687 1.7985 0.6676 0.8106 -5.4506 1.3762 30.7608 -0.8906 0.4197
Pedestrian -1 -1 0.4564 800.6989 160.6094 832.8116 214.9292 1.7986 0.6469 0.8440 7.2610 1.1080 24.3056 0.7387 0.3857
Pedestrian -1 -1 2.3766 826.6970 158.9469 865.9655 217.1507 1.7645 0.5378 1.0848 7.5589 1.0819 22.2504 2.6955 0.3739
Pedestrian -1 -1 0.6912 577.5217 171.0541 595.1974 203.0494 1.8165 0.5337 0.8747 -0.8664 1.2242 41.2602 0.6653 0.3664
Pedestrian -1 -1 -1.2601 733.8786 163.6318 768.6974 234.1901 1.6886 0.6632 0.6907 3.6522 1.2622 17.6515 -1.0642 0.3588
Pedestrian -1 -1 0.2569 959.6349 118.4370 1050.6678 276.1391 1.7820 0.6460 0.8263 4.8028 1.0707 8.6320 0.7466 0.3109
Pedestrian -1 -1 2.2097 116.3864 159.4069 219.9297 270.5352 1.7279 0.5785 1.7100 -7.2505 1.3857 12.0463 1.6720 0.1132
Pedestrian -1 -1 -1.1018 403.6455 172.3320 459.8479 243.8043 1.7448 0.6408 1.8673 -4.3748 1.5222 18.5163 -1.3360 0.1002
Cyclist -1 -1 -1.0930 402.4746 168.1114 455.2194 238.2426 1.7199 0.5836 1.7635 -4.4589 1.3928 18.5401 -1.3311 0.5189
Cyclist -1 -1 -2.0971 908.5404 121.2597 1028.1372 266.0402 1.7252 0.5495 1.7800 4.7185 1.0087 9.4664 -1.6509 0.4940
Cyclist -1 -1 1.4944 1152.2144 146.3742 1238.0000 369.9662 1.6028 0.6175 1.7456 5.0420 1.3524 6.0431 2.1632 0.3964
Cyclist -1 -1 2.2207 105.2719 153.6256 210.3152 266.2865 1.7458 0.5714 1.7125 -7.4007 1.3151 12.0094 1.6727 0.2893
Cyclist -1 -1 -2.7069 781.2144 161.9253 826.4775 241.2959 1.8307 0.6430 0.8468 4.7791 1.3804 17.0847 -2.4434 0.1299
Cyclist -1 -1 2.2279 0.0000 151.7654 244.7822 374.0000 1.7741 0.7052 1.1688 -2.3590 1.6641 3.2946 1.6352 0.1093
Car -1 -1 1.7108 534.0851 167.9325 581.4081 206.6847 1.8659 1.8139 4.6984 -2.1813 1.2136 36.9971 1.6473 0.6950
Car -1 -1 1.5117 600.4678 170.4051 622.1147 189.8743 1.7186 1.7008 4.2644 0.9041 0.7396 65.5782 1.5205 0.3477
Car -1 -1 -0.7963 288.0902 172.3615 343.4706 194.8564 1.5291 1.5837 3.5936 -20.1310 0.9085 50.7879 -1.1768 0.2991
