Pedestrian -1 -1 -1.1811 304.7076 161.6779 329.9164 208.9207 1.8437 0.6865 0.7597 -11.6134 1.4079 28.5385 -1.5647 0.4849
Car -1 -1 -1.8597 713.0989 192.1509 870.6957 293.0603 1.4133 1.5660 4.0668 3.0053 1.8165 12.9804 -1.6384 0.9643
Car -1 -1 3.7072 0.0000 181.5375 270.5724 317.9688 1.4120 1.5711 3.9621 -6.4069 1.5256 8.4953 3.0758 0.9574
Car -1 -1 3.6265 0.0000 156.6451 320.9699 285.0843 1.7599 1.6996 4.0450 -6.7584 1.5381 10.8559 3.0803 0.9189
Car -1 -1 -1.6775 655.6415 173.7771 704.6463 215.5399 1.7475 1.7328 4.1745 3.0376 1.7919 32.3809 -1.5854 0.9089
Car -1 -1 0.8931 0.0000 219.1969 230.0341 375.0000 1.4038 1.6565 4.0596 -5.7190 1.8780 6.2140 0.1703 0.7497
Car -1 -1 -2.4840 916.1138 202.2074 1242.0000 375.0000 1.4903 1.6088 3.6628 2.7631 1.6701 2.4850 -1.7038 0.7304
Car -1 -1 -2.8829 383.7153 176.4872 499.0321 217.0840 1.4724 1.5919 3.9541 -6.3368 1.6139 27.1776 -3.1103 0.6150
Car -1 -1 0.1455 448.9699 168.9314 536.4691 202.3211 1.7648 1.7371 4.4679 -6.3266 1.5578 39.0344 -0.0145 0.5355
Car -1 -1 3.2083 449.8123 176.6002 521.2370 206.5417 1.4779 1.5648 3.4944 -6.3408 1.6744 36.8106 3.0385 0.5029
Car -1 -1 -1.6531 646.0585 176.4725 677.9717 203.2750 1.5218 1.5960 3.7856 3.0525 1.7492 43.3812 -1.5838 0.4098
