Car -1 -1 -0.5739 893.0707 188.7065 1184.8678 288.0190 1.3729 1.5144 3.6452 6.4282 1.6366 11.1176 -0.0620 0.9825
Car -1 -1 -0.4997 841.0993 177.5414 1070.7594 265.8554 1.5324 1.6170 3.5547 6.3376 1.6269 13.5494 -0.0713 0.9751
Car -1 -1 -0.3058 721.5723 177.4404 855.9003 230.9812 1.6366 1.7161 3.8533 5.6390 1.7909 23.2157 -0.0712 0.9668
Car -1 -1 -2.5123 0.0000 187.4927 311.4464 326.9489 1.4174 1.6205 4.1982 -5.9535 1.6053 8.3767 -3.1156 0.9427
Car -1 -1 3.3959 260.4064 168.9640 440.3567 237.7846 1.6092 1.6164 3.9020 -6.3472 1.5186 17.8368 3.0583 0.9191
Car -1 -1 0.4674 154.5459 174.5530 418.2715 273.2424 1.6459 1.5968 4.0488 -5.7480 1.6790 12.9757 0.0574 0.9153
Car -1 -1 0.5587 28.6272 182.3557 343.1026 298.8406 1.5689 1.5592 3.7916 -6.2044 1.7218 10.7192 0.0443 0.8954
Car -1 -1 -1.6533 637.7783 180.0793 673.8854 208.4991 1.3685 1.5659 3.6304 2.3006 1.7628 37.5055 -1.5931 0.8792
Car -1 -1 0.1957 420.4290 177.7977 514.8456 213.4549 1.4924 1.5450 3.7759 -6.1448 1.7118 31.1891 0.0023 0.8760
Car -1 -1 3.8770 0.0000 187.6020 146.2924 375.0000 1.3857 1.5632 3.9149 -6.3325 1.5252 5.8976 3.0786 0.8364
Car -1 -1 0.4879 217.9858 183.5037 438.0121 259.4090 1.4692 1.5672 4.0865 -5.9421 1.7102 15.2779 0.1223 0.8113
Car -1 -1 3.3430 348.4707 181.9240 474.6825 230.6244 1.4666 1.5495 3.6321 -6.2790 1.7666 22.9458 3.0782 0.6694
