Pedestrian -1 -1 -1.4389 1183.9863 122.1504 1242.0000 315.9452 1.7929 0.6587 0.8966 6.1906 1.3242 7.2192 -0.7503 0.3078
Cyclist -1 -1 -0.9933 0.0000 147.8107 71.0068 229.3999 1.6413 0.4313 1.8677 -12.4404 1.1379 15.4617 -1.6625 0.2896
Cyclist -1 -1 -2.0222 1035.9707 153.6456 1141.7650 284.7690 1.7521 0.5440 1.7651 6.8811 1.4958 10.5461 -1.4574 0.2328
Cyclist -1 -1 -2.1955 1144.3577 157.1706 1242.0000 299.2856 1.7533 0.4469 1.5346 7.8789 1.5602 9.6754 -1.5275 0.1662
Car -1 -1 -1.9145 755.5874 115.8362 1095.2744 359.9291 1.9397 1.7801 4.4360 2.9031 1.4870 7.9549 -1.5775 0.9536
Car -1 -1 1.4849 659.3194 164.7268 683.6627 187.4770 1.8061 1.6601 3.8158 4.9886 1.1612 59.1884 1.5682 0.5257
Car -1 -1 1.4029 678.4532 174.8395 704.2837 192.9392 1.5027 1.5722 3.9468 6.9765 1.6802 62.3603 1.5134 0.3433
Car -1 -1 -2.3896 0.0000 95.4788 268.8375 279.0069 1.5922 1.6222 3.9773 -5.8334 0.9213 7.2475 -3.0495 0.3424
Car -1 -1 -0.7046 754.7127 172.0463 833.0195 203.2095 1.5174 1.5843 3.7195 9.3121 1.4784 36.6635 -0.4582 0.2337
Car -1 -1 1.5687 557.4783 176.8619 573.8467 193.1239 1.4744 1.5039 3.7558 -4.2199 1.8648 68.2870 1.5069 0.1751
