Pedestrian -1 -1 2.1734 256.3643 143.5770 296.8769 207.1138 1.8093 0.6702 0.9181 -9.7652 0.9760 21.0544 1.7437 0.4132
Pedestrian -1 -1 -1.5231 286.2822 151.9974 302.3205 197.4386 1.8713 0.5795 0.7199 -13.2292 1.0127 30.1494 -1.9336 0.2254
Pedestrian -1 -1 3.4366 0.0000 174.2323 81.4759 355.8476 1.8111 0.5592 0.8911 -6.2625 1.8268 7.6225 2.7657 0.1711
Pedestrian -1 -1 -1.4474 948.9437 158.3690 1031.2974 359.2627 1.7179 0.5372 1.7224 3.6833 1.5943 7.0328 -0.9832 0.1009
Cyclist -1 -1 -1.0910 165.1624 146.7914 253.2561 262.5887 1.7636 0.5443 1.6670 -6.5711 1.3670 11.8246 -1.5891 0.1766
Cyclist -1 -1 2.8093 256.2788 144.1008 298.0515 208.9741 1.8399 0.6556 0.9441 -9.7437 1.0248 21.0239 2.3799 0.1646
Cyclist -1 -1 -1.5919 954.6261 164.6367 1023.8407 343.4965 1.5984 0.5407 1.6177 3.7384 1.5253 7.2927 -1.1354 0.1343
Car -1 -1 1.8899 126.2651 196.8485 373.2180 345.4375 1.4803 1.6994 4.4277 -4.7647 1.8968 10.2186 1.4627 0.9417
Car -1 -1 -1.6888 396.5345 178.0546 435.9098 207.3382 1.4887 1.6407 3.8101 -10.6817 1.7887 39.4890 -1.9517 0.8727
Car -1 -1 -1.9454 523.3683 151.1603 597.1691 196.9420 2.2538 2.0789 5.3724 -2.7834 1.1862 38.3891 -2.0177 0.3347
Car -1 -1 -0.4176 634.1177 149.2847 724.6401 185.1173 1.6567 1.6579 4.0169 3.2969 0.5673 34.7818 -0.3241 0.2091
Car -1 -1 -0.6234 707.4988 172.6678 856.3224 238.3762 1.6339 1.6560 3.6105 4.5678 1.6296 19.3995 -0.3963 0.1560
Car -1 -1 1.6414 395.7939 178.8190 420.9638 201.3915 1.5770 1.5304 3.8203 -14.9423 2.0364 53.5000 1.3699 0.1472
