Pedestrian -1 -1 2.1214 879.8232 155.9954 940.0806 261.4922 1.6775 0.6359 0.7219 5.0042 1.2895 11.7070 2.5174 0.5312
Pedestrian -1 -1 -1.0017 787.0081 163.4156 805.4152 197.5873 1.8080 0.6715 0.7181 10.2381 0.9055 37.8946 -0.7383 0.4204
Pedestrian -1 -1 -3.5343 982.1107 120.0891 1058.6000 248.5220 1.7324 0.4421 0.8046 5.6979 0.9192 9.8004 -3.0196 0.3856
Pedestrian -1 -1 -2.0701 878.1473 153.1150 900.2111 192.9537 1.8705 0.6559 0.8286 13.5011 0.5862 33.6424 -1.6899 0.3605
Pedestrian -1 -1 -1.5926 2.3269 165.6827 14.6184 198.4054 1.9127 0.5420 0.8121 -35.2839 1.0480 41.8076 -2.2881 0.3410
Pedestrian -1 -1 2.8629 510.5406 164.4742 522.0419 186.2351 1.8700 0.5245 0.8774 -7.6565 0.4940 61.1681 2.7408 0.2559
Pedestrian -1 -1 -1.3993 279.1661 178.3348 316.6439 260.7199 1.6379 0.5880 0.7059 -6.3147 1.5965 14.4631 -1.8013 0.2503
Pedestrian -1 -1 -1.3399 117.9757 153.2341 137.2152 193.3632 1.9451 0.6546 0.6248 -23.4248 0.6249 34.6732 -1.9279 0.2496
Pedestrian -1 -1 0.1889 773.8277 160.5640 793.0979 192.3416 1.8039 0.5425 0.9886 10.2384 0.6736 40.5872 0.4359 0.2346
Pedestrian -1 -1 -1.6658 984.8524 143.1023 1013.6592 211.5845 1.7168 0.4885 1.6996 10.3184 0.7808 18.5969 -1.1647 0.1197
Cyclist -1 -1 -1.9292 977.1736 145.2187 1024.4270 214.5350 1.7275 0.4698 1.7875 10.3113 0.8498 18.5347 -1.4270 0.4704
Car -1 -1 1.5984 439.4615 173.1770 476.9095 206.4261 1.5816 1.7314 4.0479 -7.3861 1.2347 35.7717 1.3983 0.8534
Car -1 -1 -0.8963 0.0000 205.3815 288.1364 370.0000 1.4872 1.5889 3.8700 -3.1455 1.6749 3.3173 -1.6072 0.8289
