Pedestrian -1 -1 -1.4839 971.0328 179.4059 992.5467 229.3379 1.6775 0.6026 0.7190 12.7504 1.9076 24.8246 -1.0149 0.1996
Pedestrian -1 -1 -1.3906 1098.5051 139.3843 1123.3694 190.0707 1.9905 0.7258 0.5778 19.9494 0.6765 28.7940 -0.7895 0.1439
Pedestrian -1 -1 -0.0437 915.0161 199.2986 941.6387 253.2267 1.7626 0.7755 0.7907 10.7899 2.6823 24.5769 0.3645 0.1332
Pedestrian -1 -1 -3.6216 1113.9701 105.8884 1216.0179 244.6680 1.8811 0.5787 0.9792 7.7222 0.9738 10.1398 -2.9847 0.1277
Cyclist -1 -1 -3.0508 743.0306 180.7039 771.1710 212.9191 1.7923 0.6862 1.5107 8.3164 2.2441 40.9496 -2.8525 0.1360
Car -1 -1 -0.8452 706.7712 198.3244 774.6498 232.8971 1.6080 1.5047 3.5788 6.8285 3.0014 37.7598 -0.6685 0.7310
Car -1 -1 2.0753 344.2416 162.0821 391.2468 186.1584 1.7401 1.8211 3.6080 -18.1344 0.9619 54.0851 1.7531 0.2594
Car -1 -1 1.2271 546.4623 194.6679 582.3079 215.2256 1.5954 1.8403 4.1143 -4.0439 3.5694 63.0276 1.1627 0.2358
Car -1 -1 -1.4569 965.3521 189.0691 1033.5786 242.3700 1.4232 1.5155 2.9760 11.8279 1.9536 21.9263 -0.9685 0.2267
Car -1 -1 1.7791 663.1259 190.2309 693.3480 211.4265 1.5753 1.6645 4.1508 5.6407 3.0625 59.5068 1.8725 0.1275
Car -1 -1 -1.1043 798.8973 179.7647 872.8167 224.8730 1.6283 1.5799 3.0073 8.8047 1.9141 28.1738 -0.8051 0.1120
