Car -1 -1 -1.7836 682.2120 176.4276 780.7210 243.7296 1.5193 1.6265 4.0967 2.9470 1.6222 18.6010 -1.6298 0.9554
Car -1 -1 1.9744 233.0016 193.0211 381.3785 281.9921 1.5301 1.5699 3.4628 -6.1469 1.9970 14.9437 1.5897 0.9531
Car -1 -1 1.8932 340.7694 190.5819 442.6923 252.2861 1.4790 1.5697 3.9690 -6.0990 2.0315 20.4590 1.6063 0.9341
Car -1 -1 1.8242 420.8551 181.8031 490.0410 224.2206 1.5102 1.6493 4.3829 -6.1197 1.8960 28.8520 1.6165 0.8525
Car -1 -1 1.5288 562.3654 178.6086 582.5978 196.0541 1.4740 1.6331 3.8993 -3.3908 2.0034 64.3104 1.4760 0.6052
Car -1 -1 1.5674 526.9463 179.7520 546.7542 200.1566 1.6335 1.6170 3.8483 -6.2257 2.2372 61.1106 1.4659 0.3571
Car -1 -1 -2.1441 1041.9210 148.8984 1097.8690 175.9203 1.9092 1.7453 3.6449 33.5621 0.2170 52.8071 -1.5804 0.3376
Car -1 -1 1.7869 458.7965 180.5943 509.2920 217.0120 1.6447 1.6083 4.0869 -6.1732 2.0487 35.5442 1.6157 0.3187
Car -1 -1 1.3937 673.4501 170.0180 701.7511 189.6211 1.6258 1.6637 4.3934 6.6143 1.3910 62.0901 1.4990 0.3135
Car -1 -1 1.6200 496.7332 181.6026 524.3466 206.2555 1.4697 1.5726 3.8588 -6.3919 2.0570 46.4151 1.4835 0.2657
