Pedestrian -1 -1 1.2520 751.7115 163.6395 819.9411 286.4153 1.6602 0.7067 0.8035 2.5413 1.4200 10.1413 1.4858 0.8947
Pedestrian -1 -1 -1.8593 646.4142 159.4913 678.0972 229.1158 1.8397 0.6898 0.6534 1.6033 1.2593 19.3700 -1.7831 0.5667
Pedestrian -1 -1 -2.6007 1143.9868 159.3255 1238.0000 374.0000 1.5939 0.7305 0.5751 4.7853 1.4324 5.6732 -1.9281 0.3917
Pedestrian -1 -1 1.0524 1193.7767 118.5504 1238.0000 196.0913 1.8683 0.6323 0.9621 15.3378 0.3528 17.8349 1.7505 0.2327
Pedestrian -1 -1 -0.7013 725.9620 166.7314 763.5255 232.2529 1.7294 0.5780 0.8157 3.8398 1.3407 19.4090 -0.5139 0.2159
Pedestrian -1 -1 3.2072 79.3376 155.4897 143.3019 304.0428 1.6925 0.6426 0.5899 -5.9030 1.3975 8.6076 2.6145 0.2136
Cyclist -1 -1 1.7852 384.1910 160.0374 429.5238 246.7599 1.7375 0.5555 1.8652 -4.1621 1.3087 15.3348 1.5191 0.8511
Cyclist -1 -1 1.7984 442.9583 160.5188 481.3536 235.1416 1.7747 0.5801 1.7004 -3.4902 1.2769 17.9406 1.6037 0.7790
Car -1 -1 0.9618 1136.0825 131.3462 1238.0000 255.7071 1.4167 1.5191 3.4182 9.2571 0.8467 9.9688 1.6921 0.6052
Car -1 -1 2.1204 0.0000 151.6279 81.3607 374.0000 1.4519 1.5756 3.6743 -5.9924 1.2951 5.7754 1.3334 0.5108
Car -1 -1 0.2847 976.0651 194.9307 1238.0000 374.0000 1.4576 1.5703 3.7732 6.0044 1.6308 7.1976 0.9566 0.3919
Car -1 -1 -0.0838 551.0580 152.5268 638.8159 188.3791 1.5852 1.7129 3.8673 -0.3491 0.3051 32.8027 -0.0991 0.2890
Car -1 -1 1.9306 509.3858 159.9209 548.8015 183.6070 1.7103 1.6419 4.0574 -5.3752 0.1528 54.0382 1.8271 0.2405
