Pedestrian -1 -1 1.0250 1030.4828 144.2501 1151.7719 319.6344 1.7433 0.7244 0.8364 4.9742 1.4593 7.5932 1.5867 0.8436
Pedestrian -1 -1 1.3486 531.4467 172.2683 560.6019 233.9359 1.6641 0.6273 0.8633 -1.8253 1.6486 19.9746 1.2579 0.6719
Pedestrian -1 -1 -1.6981 499.6970 149.3199 540.2893 246.2708 1.7538 0.6700 0.6694 -1.7375 1.3284 13.4577 -1.8249 0.2384
Pedestrian -1 -1 -3.7533 1147.7000 105.4833 1242.0000 318.7292 1.9052 0.6989 1.0198 5.8060 1.3037 6.8287 -3.0701 0.2235
Cyclist -1 -1 1.3486 531.4467 172.2683 560.6019 233.9359 1.6641 0.6273 0.8633 -1.8253 1.6486 19.9746 1.2579 0.1181
Car -1 -1 0.2337 353.3519 171.7558 507.3428 229.2387 1.7332 1.8066 4.3943 -5.5931 1.7004 22.6689 -0.0060 0.9753
Car -1 -1 2.5766 625.2670 171.4837 736.7018 207.3544 1.5116 1.7099 4.7878 3.1572 1.4542 32.2475 2.6728 0.9287
Car -1 -1 2.1398 0.0000 202.8591 264.2146 375.0000 1.4437 1.5775 3.9552 -3.7661 1.7154 4.4747 1.4688 0.9146
Car -1 -1 2.5395 457.8257 182.4522 572.3176 223.1677 1.4522 1.6668 4.3486 -3.7632 1.8630 28.7816 2.4100 0.4589
Car -1 -1 -2.3855 9.0469 183.0509 99.7863 214.6562 1.7907 1.7111 4.2336 -32.8254 2.4087 42.6356 -3.0388 0.3361
