Pedestrian -1 -1 2.8299 672.9086 141.6110 705.5407 197.0566 1.8617 0.5272 0.9905 2.6512 0.8130 24.5837 2.9357 0.3695
Pedestrian -1 -1 2.2342 321.4748 159.0728 362.2849 222.9993 1.8071 0.6775 0.9359 -7.8206 1.4179 20.9426 1.8806 0.3460
Pedestrian -1 -1 1.4210 879.8130 92.3209 966.8224 293.9267 1.8150 0.6253 0.9129 2.9583 1.0903 7.0096 1.8051 0.3437
Cyclist -1 -1 1.8190 542.8604 173.6570 560.4988 204.9432 1.7700 0.5771 1.8816 -3.4060 1.8181 41.8447 1.7378 0.6855
Cyclist -1 -1 1.9011 554.1014 173.2616 573.5083 204.8925 1.8064 0.5710 1.8323 -2.7243 1.8311 42.1865 1.8365 0.6025
Cyclist -1 -1 2.9406 669.5118 139.9966 702.8764 195.2451 1.8583 0.5565 1.0395 2.5475 0.7535 24.5951 3.0422 0.1014
Car -1 -1 -1.1131 83.6029 180.2680 377.2035 341.2761 1.5773 1.6262 3.9957 -4.5231 1.6935 9.2599 -1.5569 0.9671
Car -1 -1 -1.7048 669.1140 176.1719 747.0038 235.1172 1.4469 1.5951 3.7451 2.5428 1.5470 19.8002 -1.5797 0.9628
Car -1 -1 1.7581 413.8829 181.5287 487.9790 234.8723 1.5165 1.6193 3.8204 -5.0328 1.8174 23.0681 1.5450 0.9590
Car -1 -1 -2.1644 857.4714 177.0633 1242.0000 375.0000 1.4327 1.5465 3.5610 2.6254 1.4652 3.7137 -1.5863 0.8567
Car -1 -1 1.6887 490.5928 183.3395 529.7382 213.4707 1.4849 1.6336 4.0128 -5.3754 2.0811 38.9826 1.5521 0.6668
Car -1 -1 1.7313 531.1246 179.9712 559.4200 200.8971 1.5789 1.6263 4.1412 -5.1889 2.1724 58.0060 1.6421 0.5407
Car -1 -1 -1.5885 633.1336 175.1408 654.2791 196.4606 1.7036 1.6810 3.8204 2.7516 1.9003 60.0017 -1.5434 0.4175
