Pedestrian -1 -1 -3.1370 750.9791 172.5739 782.5215 236.4683 1.7199 0.6264 0.8315 4.4077 1.5081 19.4256 -2.9158 0.3094
Pedestrian -1 -1 1.3525 759.6567 136.8095 796.2947 217.6997 1.8501 0.6492 0.9166 4.0188 0.8524 16.6299 1.5873 0.2364
Pedestrian -1 -1 -1.1026 2.0582 160.1712 27.7634 205.3996 1.8670 0.6723 0.4946 -24.6373 1.0293 29.4960 -1.7913 0.1622
Pedestrian -1 -1 0.3400 509.0406 167.3233 519.8625 187.7894 1.8656 0.5013 0.8659 -8.2723 0.6656 64.7834 0.2154 0.1390
Pedestrian -1 -1 -0.1991 240.8332 177.3328 256.4853 206.3646 1.6456 0.7636 0.6671 -20.4621 1.4675 40.5784 -0.6613 0.1325
Cyclist -1 -1 2.3181 421.5318 173.3190 444.7027 199.1599 1.6989 0.5583 1.6128 -11.4941 1.2281 47.3191 2.0830 0.6370
Cyclist -1 -1 -1.6934 1078.8553 123.3015 1115.2877 208.4512 1.7215 0.4165 1.7017 10.4787 0.5667 15.1418 -1.0960 0.1883
Car -1 -1 -1.5889 551.7094 165.9030 571.9033 184.9901 1.5003 1.5749 3.6065 -3.5192 0.3542 57.4282 -1.6479 0.4074
Car -1 -1 3.7741 15.8119 160.3141 109.2692 193.6784 1.6205 1.5999 3.4082 -26.9399 0.6415 35.1607 3.1266 0.3007
Car -1 -1 -1.9501 564.9767 166.2477 596.5356 183.5525 1.5151 1.6050 3.6782 -2.1994 0.2684 63.9083 -1.9825 0.2627
Car -1 -1 1.9268 564.1851 175.0286 601.7343 197.8590 1.6118 1.5500 3.7294 -1.5716 1.2268 51.9277 1.8983 0.1832
