Pedestrian -1 -1 -2.9068 1161.6968 178.5611 1199.6465 248.2621 1.6650 0.6252 0.6079 13.9805 1.8091 17.7371 -2.2480 0.1342
Pedestrian -1 -1 -0.5145 320.4210 167.4944 335.8971 198.1355 1.7752 0.7785 0.5301 -16.5390 1.4650 42.2504 -0.8858 0.1206
Pedestrian -1 -1 -1.3626 484.0880 164.4986 500.0088 198.5506 1.7792 0.6666 0.8664 -6.2682 1.3430 38.1459 -1.5247 0.1201
Pedestrian -1 -1 -0.4366 909.8811 144.6471 966.8045 230.8385 1.8381 0.6497 0.9400 7.0915 1.2369 15.7187 -0.0203 0.1153
Pedestrian -1 -1 2.9545 400.8982 160.0241 459.0750 214.4136 1.7756 0.6341 1.8088 -6.0844 1.3571 24.2191 2.7106 0.1060
Cyclist -1 -1 2.9545 400.8982 160.0241 459.0750 214.4136 1.7756 0.6341 1.8088 -6.0844 1.3571 24.2191 2.7106 0.4972
Car -1 -1 -0.4362 810.7875 169.7272 982.7372 232.6466 1.5244 1.6365 3.7405 7.1935 1.4490 18.4249 -0.0699 0.9805
Car -1 -1 -1.6654 611.4350 169.4304 646.3232 198.2007 1.5438 1.6066 3.7465 0.9846 1.3605 40.6403 -1.6417 0.8916
Car -1 -1 1.6616 651.9117 182.3930 684.4889 209.8435 1.4254 1.5014 3.8887 3.3070 1.9939 40.9275 1.7411 0.2034
Car -1 -1 1.5866 605.4683 174.1106 626.1573 195.8790 1.7211 1.6412 4.1560 0.4844 1.8286 59.3850 1.5943 0.1621
Car -1 -1 3.2649 331.9891 174.5855 455.7992 221.2766 1.5043 1.4980 3.8491 -7.2559 1.5657 24.3748 2.9781 0.1410
Car -1 -1 1.4104 666.7507 163.2747 694.6760 185.0359 1.8532 1.7393 4.5724 6.1872 1.0378 63.7819 1.5065 0.1242
Car -1 -1 -0.5305 672.8351 172.8647 752.7528 201.7976 1.4653 1.5738 3.9115 5.3804 1.4662 38.0136 -0.3914 0.1069
