Car -1 -1 -1.9923 744.3684 196.7658 1107.7089 375.0000 1.4764 1.6201 4.1405 2.6822 1.7925 7.3919 -1.6586 0.9811
Car -1 -1 1.9228 0.0000 207.4698 321.1855 375.0000 1.5033 1.6742 4.2474 -4.2507 1.9514 7.0944 1.3986 0.9529
Car -1 -1 -1.8347 672.3630 192.6239 825.1553 308.0605 1.5064 1.5249 3.5403 2.0537 1.8826 11.8785 -1.6691 0.9529
Car -1 -1 1.7523 269.8519 202.0116 393.9322 301.3558 1.4742 1.5468 3.5133 -5.1584 2.1021 13.6627 1.3968 0.9424
Car -1 -1 -1.7638 607.1489 179.4816 705.4241 255.3145 1.5731 1.6415 3.5790 0.9401 1.7486 17.1812 -1.7111 0.9287
Car -1 -1 -1.6334 568.2953 186.0219 615.9194 229.8633 1.5916 1.6773 4.2718 -0.8464 2.1746 29.7194 -1.6624 0.8392
Car -1 -1 -1.4586 386.2973 185.2665 450.9972 241.2150 1.6891 1.7083 3.8877 -6.5133 2.1502 24.7344 -1.7141 0.7944
Car -1 -1 -2.5384 980.4085 193.7221 1242.0000 375.0000 1.5203 1.5487 3.5827 3.1157 1.6485 2.5390 -1.7075 0.5958
Car -1 -1 1.7347 448.4124 186.8362 482.5683 212.9200 1.5298 1.5321 3.9452 -9.2884 2.4691 46.4533 1.5380 0.5795
Car -1 -1 1.7969 580.4213 184.9067 651.0505 233.4777 1.4375 1.5601 3.8982 0.2335 1.8812 24.4593 1.8055 0.5069
