Pedestrian -1 -1 1.9065 208.3834 163.3863 292.1219 317.2598 1.6660 0.6360 0.7813 -4.0330 1.4713 8.1995 1.4560 0.7944
Pedestrian -1 -1 1.1890 728.6937 163.3627 765.1456 236.7833 1.7217 0.5824 0.8420 3.4630 1.2976 17.3113 1.3783 0.7480
Pedestrian -1 -1 -1.7288 426.1831 171.3857 448.1732 226.3484 1.7033 0.5606 0.7696 -5.2264 1.3909 22.7203 -1.9576 0.6010
Pedestrian -1 -1 -1.5510 713.3070 158.8509 739.4603 225.5300 1.7727 0.6871 0.9896 3.3899 1.1717 19.6440 -1.3875 0.5777
Pedestrian -1 -1 -2.0817 598.0334 163.2820 671.8923 307.0724 1.6175 0.5811 0.7470 0.3414 1.4139 8.5433 -2.0489 0.5178
Pedestrian -1 -1 -2.8657 641.5934 167.8351 679.3411 230.2051 1.7027 0.6016 0.9241 1.6205 1.3308 20.0486 -2.7914 0.4619
Pedestrian -1 -1 -0.3809 592.4289 171.1537 612.6298 205.5620 1.8188 0.5720 0.9332 0.0534 1.2728 38.4091 -0.3846 0.3714
Pedestrian -1 -1 1.9215 725.8250 155.0749 746.9177 203.9386 1.8672 0.5867 0.7538 5.2286 0.8584 27.9199 2.1000 0.3687
Pedestrian -1 -1 -2.2125 658.2050 154.4449 749.6394 304.5432 1.7129 0.6125 1.0172 1.1888 1.4055 8.7886 -2.0877 0.3639
Pedestrian -1 -1 2.6345 765.9727 139.4377 818.3173 232.3225 1.7807 0.6664 0.7696 3.7206 0.9756 14.1896 2.8813 0.3498
Pedestrian -1 -1 -1.5667 709.4622 161.5044 725.4875 204.4331 1.7607 0.6498 0.7011 4.8050 0.9416 29.8560 -1.4135 0.3407
Pedestrian -1 -1 3.1015 366.0609 177.9845 383.5432 216.1326 1.7191 0.6400 0.7337 -10.3614 1.5616 32.7941 2.7926 0.3372
Pedestrian -1 -1 -2.6992 784.5228 136.4072 831.9225 221.7573 1.8572 0.5773 0.8601 4.6051 0.8772 16.1277 -2.4304 0.3192
Cyclist -1 -1 1.9852 91.9732 148.1707 297.5433 374.0000 1.6930 0.5426 1.7055 -2.6932 1.5082 4.8815 1.4966 0.9287
Cyclist -1 -1 1.6888 433.4880 167.6745 470.6465 258.0700 1.7401 0.5466 1.8006 -3.0814 1.4753 14.7468 1.4808 0.9062
Cyclist -1 -1 1.7665 387.6849 162.1781 453.1510 301.3990 1.7989 0.5815 1.6917 -2.5614 1.5506 10.1388 1.5192 0.7427
Cyclist -1 -1 -2.1663 0.0000 167.4698 80.1860 261.7813 1.6370 0.4761 1.8718 -10.3821 1.3947 12.9737 -2.8367 0.4101
Cyclist -1 -1 1.5991 711.7590 192.5808 749.9183 306.0403 1.6470 0.5569 1.7018 2.0377 1.8392 11.4869 1.7648 0.3871
Cyclist -1 -1 -1.4287 712.9352 159.5997 741.9697 226.0177 1.7592 0.6285 1.2228 3.4354 1.1803 19.7013 -1.2635 0.2011
Cyclist -1 -1 -2.9155 640.9031 167.6548 679.9826 230.7834 1.7255 0.5872 0.9842 1.6210 1.3482 20.0577 -2.8412 0.1203
Cyclist -1 -1 -1.0764 592.9326 171.0928 611.4413 205.2995 1.8039 0.6573 0.8735 0.0394 1.2559 38.4200 -1.0805 0.1036
Car -1 -1 -1.4724 482.0315 171.2514 519.2725 203.5883 1.7800 1.7347 4.4668 -5.8059 1.2166 41.8066 -1.6146 0.9121
