Car -1 -1 -1.7950 695.4498 184.5889 805.8901 258.1638 1.4157 1.5552 3.5642 2.9285 1.4048 15.6417 -1.6136 0.9726
Car -1 -1 -1.0402 70.5803 185.3358 276.1212 273.1594 1.4100 1.5783 3.7018 -7.8850 1.4137 13.3990 -1.5635 0.9680
Car -1 -1 -1.3264 333.7171 176.4750 470.0510 274.1288 1.5227 1.5397 3.4253 -3.5911 1.3875 12.9340 -1.5921 0.9528
Car -1 -1 -1.7114 640.6325 176.1353 684.8447 208.9538 1.5644 1.6443 4.1967 2.6912 1.1327 36.4120 -1.6386 0.9402
Car -1 -1 -1.3961 432.2372 177.2329 513.9341 234.4228 1.4978 1.6215 4.1498 -3.8418 1.2898 20.9016 -1.5759 0.9291
Car -1 -1 -1.4215 483.8622 177.1134 530.3568 214.0340 1.5477 1.5336 3.5327 -4.4456 1.2092 31.9050 -1.5592 0.9161
Car -1 -1 -1.2326 310.8791 178.4454 398.0902 226.3493 1.4426 1.5521 3.6382 -8.2010 1.2399 23.4677 -1.5655 0.8015
Car -1 -1 -1.6430 583.8905 175.4882 612.0010 198.4312 1.5132 1.6506 3.8329 -0.7312 0.8727 49.3880 -1.6581 0.7286
Car -1 -1 -1.6283 517.6285 179.8025 545.2964 205.0854 1.4859 1.4866 3.4143 -4.7310 1.1689 44.0497 -1.7350 0.5574
Car -1 -1 -0.6871 0.0000 201.7106 120.6764 376.0000 1.5134 1.6024 3.7757 -3.4011 1.6064 2.0471 -1.6584 0.5086
