Pedestrian -1 -1 1.0624 831.2188 163.8941 856.5668 205.1332 1.8264 0.6932 0.9820 10.4895 1.4299 32.5022 1.3715 0.6943
Pedestrian -1 -1 -0.9765 86.9420 161.0561 157.5811 267.0696 1.8246 0.6114 0.9585 -8.7485 1.6219 12.8971 -1.5632 0.1609
Pedestrian -1 -1 1.8846 259.3394 173.0320 289.7242 236.6947 1.8729 0.6488 0.6705 -10.0818 1.8787 21.5981 1.4522 0.1311
Cyclist -1 -1 1.0624 831.2188 163.8941 856.5668 205.1332 1.8264 0.6932 0.9820 10.4895 1.4299 32.5022 1.3715 0.1071
Car -1 -1 1.8132 455.9943 180.7126 568.3412 254.2687 1.4804 1.6576 4.2500 -2.2243 1.6921 17.1960 1.6856 0.9492
Car -1 -1 1.7128 579.0400 176.0273 622.9167 208.4713 1.4078 1.5329 3.7509 -0.4065 1.5648 33.6478 1.7003 0.8661
Car -1 -1 1.3478 870.1160 169.9074 905.1129 191.8066 1.5751 1.6253 3.8036 20.6609 1.3636 53.8923 1.7118 0.2623
Car -1 -1 -1.7935 548.3230 172.9208 577.2208 193.6272 1.6762 1.6261 3.7344 -4.0105 1.6824 60.4423 -1.8598 0.1996
Car -1 -1 1.5191 563.2855 176.4222 594.7321 204.0936 1.4521 1.5521 3.8022 -1.8074 1.6617 40.3352 1.4741 0.1555
Car -1 -1 1.0678 735.5707 172.8785 774.8511 192.3599 1.4837 1.5688 3.4257 11.3732 1.4860 56.8233 1.2640 0.1376
Car -1 -1 3.6417 78.3292 150.6383 259.9809 211.3861 1.4780 1.5654 3.6563 -11.1888 0.9378 18.4067 3.1017 0.1338
