Pedestrian -1 -1 -1.1159 306.7652 165.7585 353.3096 236.3416 1.6475 0.8520 0.6096 -6.7077 1.4822 17.1798 -1.4833 0.2275
Pedestrian -1 -1 0.5359 258.4734 166.3391 275.4460 196.9376 1.8948 0.5212 0.8020 -21.4130 1.4917 44.9740 0.0937 0.1683
Pedestrian -1 -1 -0.3890 1112.9227 76.5122 1242.0000 278.0175 1.8116 0.5203 0.8697 5.3245 0.9458 6.8443 0.2518 0.1649
Pedestrian -1 -1 -2.5042 954.5638 138.4542 984.3600 190.0467 1.8442 0.6793 0.7055 13.0358 0.6149 26.2581 -2.0479 0.1499
Cyclist -1 -1 2.0835 99.5831 175.7130 129.0824 210.9235 1.7858 0.5678 1.5652 -25.8015 1.9380 37.5264 1.4843 0.1430
Car -1 -1 -1.4718 509.1228 176.9436 552.4473 209.8273 1.3967 1.6138 3.6251 -3.5992 1.5939 32.9164 -1.5803 0.9234
Car -1 -1 -1.5410 567.6538 178.9945 620.3942 225.3710 1.3622 1.5862 3.7499 -0.5131 1.5791 23.5690 -1.5632 0.9076
Car -1 -1 1.7793 327.4345 175.5366 375.7908 205.1873 1.5669 1.7093 4.3174 -14.5666 1.7273 40.7873 1.4381 0.8561
Car -1 -1 1.7052 389.2477 173.9396 417.2265 194.2153 1.5564 1.6248 4.0273 -16.5245 1.6468 57.7195 1.4273 0.5731
Car -1 -1 1.5735 610.5673 176.3611 627.8901 193.3238 1.5504 1.6035 4.0171 0.8649 1.8950 68.8009 1.5856 0.1652
