Pedestrian -1 -1 0.6532 462.4585 169.8377 476.4449 194.6804 1.8567 0.4741 0.9410 -10.2030 1.0611 53.2616 0.4667 0.2227
Pedestrian -1 -1 1.7406 260.6851 165.8332 271.4753 191.5417 1.9300 0.6065 0.8125 -25.6573 0.8302 53.5475 1.2978 0.1771
Pedestrian -1 -1 -3.0890 603.3369 166.2923 625.2604 190.4666 1.8111 0.5700 1.6248 0.7134 0.7479 53.3039 -3.0740 0.1093
Cyclist -1 -1 -3.1179 602.3947 165.0697 625.0340 189.1866 1.8082 0.5838 1.6939 0.6703 0.6525 53.3300 -3.1036 0.6012
Cyclist -1 -1 2.0809 408.6307 177.9756 430.6190 206.8691 1.6428 0.4712 1.6830 -10.7642 1.5006 41.0688 1.8281 0.4218
Car -1 -1 -0.5591 842.6581 143.6255 943.8468 177.8516 1.5837 1.6557 4.2942 13.8493 -0.1307 34.0832 -0.1744 0.8115
Car -1 -1 -1.4966 537.3484 172.8445 565.0685 194.7017 1.4322 1.6000 3.8350 -3.6308 0.9319 48.2422 -1.5695 0.7776
Car -1 -1 2.7995 777.6557 156.9839 845.4268 182.0636 1.5752 1.6494 3.8390 13.2098 0.0995 45.3380 3.0830 0.4578
Car -1 -1 -1.5650 495.0480 168.4864 521.8553 194.4240 1.4584 1.4973 3.4368 -5.6659 0.7843 41.5501 -1.6976 0.3126
Car -1 -1 2.0101 378.5074 176.1918 419.7627 198.3209 1.5302 1.5151 3.4405 -14.7137 1.2336 50.7065 1.7310 0.2095
