Cyclist -1 -1 -2.7404 1085.0461 150.0979 1217.5928 256.7208 1.7106 0.5114 1.7682 9.2420 1.3459 12.4623 -2.1139 0.5153
Car -1 -1 -1.9311 779.2905 178.4122 962.3070 293.0703 1.5342 1.5811 3.4045 3.9132 1.6370 11.5546 -1.6133 0.9682
Car -1 -1 -1.7711 739.5301 179.3916 847.1287 254.1227 1.5038 1.6343 3.8905 4.0809 1.6745 16.8322 -1.5382 0.9659
Car -1 -1 1.8405 417.9482 183.7772 510.7237 241.5837 1.5064 1.6901 4.0942 -4.3009 1.8672 21.7005 1.6464 0.9300
Car -1 -1 -1.7320 712.1694 177.7179 785.1718 234.2387 1.5773 1.6077 3.7329 4.1524 1.7410 22.3388 -1.5514 0.9031
Car -1 -1 -2.0778 893.9333 194.3116 1242.0000 375.0000 1.4790 1.6473 4.2530 3.8179 1.7176 5.8429 -1.5231 0.9019
Car -1 -1 1.7828 470.8875 181.9582 534.7913 225.0515 1.4709 1.6074 3.9623 -4.0447 1.8441 27.5145 1.6376 0.8060
Car -1 -1 1.7085 500.5014 182.2980 547.3211 218.8956 1.4965 1.5578 4.0431 -3.8634 1.9501 32.5885 1.5909 0.7257
Car -1 -1 -1.4403 552.8173 177.7900 582.8906 202.0407 1.5571 1.5835 3.5969 -2.8520 1.9049 48.9305 -1.4986 0.7008
Car -1 -1 0.3278 363.9750 178.2949 447.6211 213.0180 1.4761 1.5420 3.2221 -8.9999 1.7227 31.7950 0.0537 0.5739
Car -1 -1 -1.7490 691.8549 178.2477 754.0964 220.9612 1.4729 1.6215 4.0328 4.1668 1.6936 27.4331 -1.6005 0.5597
Car -1 -1 -1.7161 684.9986 175.3181 724.9341 205.3102 1.5054 1.5985 3.4815 4.9514 1.6424 38.2570 -1.5889 0.5123
