Car -1 -1 -1.8566 727.0162 181.0088 967.9758 329.6028 1.4278 1.6404 4.2658 2.6583 1.5577 9.3127 -1.5881 0.9595
Car -1 -1 -0.2812 737.3798 177.6737 849.7490 218.6857 1.4220 1.5553 3.6412 6.5320 1.6021 26.0614 -0.0389 0.9358
Car -1 -1 0.4440 19.5734 177.8153 390.2631 286.4537 1.4500 1.6799 4.4999 -5.7941 1.5301 10.6523 -0.0442 0.9291
Car -1 -1 -0.3159 828.8823 178.7631 1050.9446 259.4598 1.4647 1.5903 3.6528 6.2929 1.5892 14.1955 0.0929 0.9191
Car -1 -1 3.7615 0.0000 166.9477 179.5801 306.7994 1.4219 1.5454 3.7970 -7.3761 1.3623 8.2774 3.0496 0.9116
Car -1 -1 -2.8613 355.1131 175.6937 497.6305 221.9084 1.4273 1.6041 4.1721 -5.8945 1.5227 23.2625 -3.1072 0.8694
Car -1 -1 2.7662 755.6055 174.8920 926.4256 237.9619 1.5464 1.6254 3.8931 5.8649 1.6024 18.7108 3.0647 0.8690
Car -1 -1 3.3504 305.8375 174.8086 461.3743 228.1961 1.4564 1.5711 4.0197 -6.4435 1.5155 20.7133 3.0520 0.8396
Car -1 -1 -0.2101 683.0581 173.7605 765.1574 205.1272 1.6147 1.7069 4.0176 5.9570 1.6642 38.1619 -0.0569 0.8306
Car -1 -1 3.8611 0.0000 212.8217 137.4687 375.0000 1.3935 1.5802 3.9534 -6.4396 1.7732 5.8837 3.0532 0.7589
Car -1 -1 0.3043 417.5924 173.1206 519.6010 214.6115 1.5530 1.4792 3.6009 -5.4836 1.5640 27.9524 0.1119 0.7316
Car -1 -1 -0.2788 724.0674 175.4625 826.1802 216.9893 1.5776 1.6007 3.6175 6.4152 1.6840 28.4291 -0.0597 0.6825
