Pedestrian -1 -1 -0.3558 828.3088 97.8505 918.9915 275.1413 1.7786 0.5644 0.7265 2.7740 0.9408 7.4924 -0.0177 0.2325
Car -1 -1 -0.7463 404.4393 175.2406 519.2210 219.3222 1.4674 1.5694 4.1171 -4.9864 1.2601 26.0344 -0.9388 0.9346
Car -1 -1 -1.5746 544.6724 171.5934 571.5983 195.8555 1.4185 1.5736 3.6819 -2.6590 0.8401 43.8858 -1.6396 0.7665
Car -1 -1 1.9903 327.0234 178.2553 389.9115 207.8875 1.4876 1.6329 4.1375 -12.8372 1.3256 38.1953 1.6631 0.7245
Car -1 -1 -1.4020 600.0143 169.9833 627.8484 190.6044 1.6646 1.7068 3.9578 1.1077 0.7355 60.0859 -1.3885 0.4070
Car -1 -1 -0.0954 0.0000 162.9345 129.8862 205.6332 1.7746 1.7410 4.6037 -23.9319 1.0040 32.0453 -0.7378 0.3395
Car -1 -1 0.0602 0.0000 162.9411 104.1514 202.2059 1.5497 1.5853 3.6306 -23.0168 0.8182 30.0216 -0.5946 0.2421
Car -1 -1 -1.3266 628.7802 187.9024 680.1728 221.3335 1.4459 1.6204 3.5274 2.5313 1.7647 33.7307 -1.2575 0.2140
Car -1 -1 -1.4097 579.0557 169.7481 602.8281 188.1044 1.6203 1.6007 3.7522 -0.8907 0.5834 65.3739 -1.4282 0.1946
Car -1 -1 1.4774 579.0092 178.7453 609.9984 206.2114 1.7797 1.6924 4.1543 -0.5013 1.6019 48.6984 1.4621 0.1906
Car -1 -1 -1.8038 614.1443 165.5212 640.8549 182.9704 1.5960 1.6078 4.0449 2.4670 0.1349 67.8440 -1.7725 0.1887
