Car -1 -1 -1.8452 712.6682 174.8042 892.4834 286.4229 1.4650 1.6225 4.1874 2.8067 1.5027 11.6703 -1.6159 0.9776
Car -1 -1 0.5343 170.8364 177.9177 395.5368 272.3170 1.7072 1.6230 3.7207 -6.3839 1.8143 14.1805 0.1177 0.9642
Car -1 -1 -2.4544 0.0000 191.5704 330.3936 322.0801 1.3938 1.6019 4.2044 -5.9544 1.6559 9.0452 -3.0235 0.9424
Car -1 -1 -1.6700 670.1882 174.6702 723.7191 216.5109 1.4377 1.5918 3.7218 3.1201 1.5103 26.8251 -1.5561 0.9152
Car -1 -1 0.5936 66.6638 192.2340 346.9228 296.4280 1.4728 1.5199 3.6848 -6.3569 1.8066 11.4791 0.0972 0.8787
Car -1 -1 0.3414 368.1711 176.9550 500.2184 225.8209 1.5071 1.6078 3.8485 -5.6976 1.6462 23.4191 0.1048 0.8181
Car -1 -1 3.8695 0.0000 198.0747 189.5729 375.0000 1.4182 1.5960 4.2064 -6.3050 1.6692 6.2908 3.1041 0.7887
Car -1 -1 3.2768 399.5692 173.7706 509.5110 209.9565 1.4662 1.5950 4.3279 -6.4842 1.5062 30.2387 3.0669 0.7789
Car -1 -1 -1.6526 667.7977 169.3707 709.7703 206.8717 1.5685 1.5580 3.3619 3.3908 1.4231 31.8735 -1.5481 0.7083
Car -1 -1 3.2671 442.1584 175.2385 522.0243 207.6918 1.5640 1.5860 3.7309 -6.3330 1.6856 35.7831 3.0927 0.5153
