Pedestrian -1 -1 1.3152 696.2346 160.9012 753.9987 275.3295 1.7388 0.6935 0.8723 1.9008 1.4271 11.3815 1.4713 0.7229
Pedestrian -1 -1 -1.5773 352.0495 161.6738 395.0776 276.0240 1.6497 0.5973 0.9422 -3.5052 1.3650 10.9013 -1.8871 0.7139
Pedestrian -1 -1 -1.8606 647.2448 164.4843 701.3324 276.8514 1.6704 0.6035 0.8695 1.0751 1.4188 11.1624 -1.7725 0.6919
Pedestrian -1 -1 -0.8131 478.2708 169.5703 508.3318 219.5931 1.7925 0.6799 0.8661 -3.9757 1.3661 26.2878 -0.9669 0.5696
Pedestrian -1 -1 -1.5502 742.3300 163.5287 763.0916 223.3439 1.8078 0.6158 0.8925 4.6544 1.2658 22.2106 -1.3511 0.5458
Pedestrian -1 -1 2.1811 763.9465 150.1221 802.0732 219.5580 1.7949 0.6291 0.8188 4.7906 0.9850 19.0728 2.4189 0.4839
Pedestrian -1 -1 -1.9485 692.3352 165.9815 718.4960 219.8782 1.6967 0.6320 0.6454 3.2992 1.2093 23.0005 -1.8128 0.4501
Pedestrian -1 -1 3.2101 214.5631 173.1573 251.5195 255.2228 1.6958 0.5012 0.6642 -7.8261 1.5246 15.2023 2.7362 0.4089
Pedestrian -1 -1 0.4390 721.6460 157.1328 755.9609 212.4106 1.8046 0.5941 0.9647 4.5585 1.0102 23.9696 0.6199 0.3851
Pedestrian -1 -1 0.3337 810.9489 162.6129 857.6013 242.9008 1.8035 0.6841 0.8572 5.3671 1.3804 16.6628 0.6354 0.3340
Pedestrian -1 -1 -1.3481 779.9799 146.2825 811.6125 208.8356 1.7553 0.5398 1.7393 5.6815 0.7682 21.0506 -1.0926 0.1718
Cyclist -1 -1 1.7860 490.4072 167.9783 534.6386 256.1832 1.7552 0.5918 1.6694 -1.8883 1.4874 15.1490 1.6586 0.8492
Cyclist -1 -1 1.7310 560.2568 169.6812 588.4978 232.1539 1.7705 0.5743 1.7529 -0.8132 1.4367 21.2592 1.6880 0.7448
Cyclist -1 -1 1.4020 523.8852 167.7524 552.1014 224.0864 1.7981 0.6192 1.8591 -2.1523 1.3604 23.9035 1.3079 0.6573
Cyclist -1 -1 -1.7677 671.8331 181.8539 705.0024 248.1083 1.6946 0.5351 1.7423 2.2825 1.7057 19.2704 -1.6568 0.4445
Cyclist -1 -1 -1.3379 779.7748 144.4940 811.3127 207.6945 1.7734 0.5106 1.7848 5.6775 0.7362 21.0615 -1.0827 0.3630
Cyclist -1 -1 -1.9739 465.2422 182.8275 495.0775 225.3916 1.6235 0.4978 1.7683 -4.8140 1.6784 28.3271 -2.1460 0.3244
Cyclist -1 -1 0.4390 721.6460 157.1328 755.9609 212.4106 1.8046 0.5941 0.9647 4.5585 1.0102 23.9696 0.6199 0.1061
Car -1 -1 1.5202 538.1424 169.9006 566.6695 195.7819 1.6064 1.6213 4.0455 -3.2166 0.8872 46.6904 1.4468 0.5995
Car -1 -1 3.7170 0.0000 215.2193 134.0350 374.0000 1.4650 1.5382 3.6767 -6.4973 1.8138 6.2558 2.9274 0.5503
Car -1 -1 -0.6983 207.4922 171.2314 273.1628 197.9092 1.7920 1.6614 3.9893 -25.2597 1.1029 50.4094 -1.1657 0.3964
Car -1 -1 -1.5178 364.9539 177.6850 407.7156 213.5161 1.4638 1.6064 3.6026 -9.3248 1.3089 31.2833 -1.8103 0.3214
