Pedestrian -1 -1 -1.9696 769.5768 172.7352 789.0785 211.1685 1.7604 0.6991 0.6011 7.7969 1.7553 33.4030 -1.7428 0.2433
Cyclist -1 -1 1.1044 0.0000 182.6044 83.2716 316.4547 1.7039 0.5718 1.8446 -8.1647 1.8470 9.9194 0.4287 0.2866
Cyclist -1 -1 -2.7717 495.6052 183.3830 535.4875 219.7457 1.6750 0.6845 1.7385 -4.4978 2.1807 34.0849 -2.9025 0.2172
Car -1 -1 -1.8685 732.0288 186.0492 984.6234 348.3392 1.4471 1.6223 4.0497 2.6241 1.6458 8.8021 -1.5892 0.9572
Car -1 -1 3.3746 375.8328 180.1164 461.6106 216.3907 1.5118 1.5179 3.3230 -8.2616 1.8341 31.1868 3.1173 0.9032
Car -1 -1 1.3708 680.5215 171.2498 721.5388 198.7368 1.6182 1.7080 4.1697 5.5398 1.5241 44.6191 1.4931 0.8964
Car -1 -1 -2.3172 909.9119 187.3942 1242.0000 375.0000 1.4989 1.5817 3.6547 2.7578 1.5953 2.9071 -1.6082 0.8288
Car -1 -1 1.6065 562.4059 174.8802 589.4619 202.0954 1.6396 1.5769 3.8959 -2.1537 1.7738 45.7144 1.5593 0.6665
Car -1 -1 0.2483 450.9633 182.3535 535.5831 213.8333 1.4504 1.5996 3.7497 -5.6294 1.9215 34.7853 0.0886 0.3862
Car -1 -1 -1.7073 669.7668 172.9120 699.1631 197.9688 1.7629 1.6251 3.7891 5.3728 1.7677 52.6935 -1.6066 0.2233
