Pedestrian -1 -1 1.3803 561.1174 140.2161 602.8043 235.5507 1.7790 0.6602 0.8229 -0.4978 1.0289 13.6638 1.3469 0.8026
Pedestrian -1 -1 1.3676 432.4234 139.2525 469.2318 225.4352 1.7794 0.6208 0.7985 -3.3373 0.9294 15.0840 1.1565 0.7657
Pedestrian -1 -1 0.8500 855.9005 130.1101 975.4731 322.6873 1.8082 0.6424 0.9447 3.0791 1.3367 7.1846 1.2412 0.7457
Pedestrian -1 -1 1.3557 521.5731 140.1632 563.3536 225.5473 1.8013 0.7275 0.9353 -1.4187 0.9520 15.4662 1.2682 0.6861
Pedestrian -1 -1 1.3150 596.3904 133.6356 640.8533 230.4277 1.8251 0.6587 0.9144 0.2129 0.9430 13.8489 1.3322 0.6756
Pedestrian -1 -1 -2.8974 679.2101 144.7331 710.3283 206.0797 1.8712 0.5576 0.8507 2.7611 0.7818 21.9753 -2.7722 0.6659
Pedestrian -1 -1 -0.8385 415.3973 149.8213 450.0826 206.0808 1.8293 0.6431 0.9640 -5.7648 0.8333 23.5616 -1.0733 0.6217
Pedestrian -1 -1 0.6727 883.6233 138.3176 1016.0771 345.5810 1.6720 0.6542 0.8169 2.9592 1.3334 6.2112 1.0999 0.5832
Pedestrian -1 -1 0.8591 809.3688 117.5068 939.5883 350.6529 1.6839 0.6144 0.7474 2.0469 1.2307 5.5620 1.1960 0.4963
Pedestrian -1 -1 -1.4259 111.4309 148.0780 166.7168 263.3187 1.8373 0.6509 0.8099 -7.7852 1.3220 11.7705 -1.9959 0.4336
Pedestrian -1 -1 1.2589 545.5109 155.4529 567.1045 200.3051 1.8092 0.6523 0.8616 -2.0270 0.8004 29.0362 1.1919 0.3674
Pedestrian -1 -1 1.2269 790.5695 154.9866 891.6946 351.0967 1.6797 0.6426 0.7659 2.0766 1.4629 6.4479 1.5264 0.3411
Pedestrian -1 -1 -1.4869 65.3125 151.3120 95.7852 214.3237 1.7927 0.6460 0.7731 -15.3131 0.9639 20.6087 -2.1166 0.3188
Pedestrian -1 -1 0.9864 244.3966 134.2727 336.7931 244.9795 1.7280 0.5882 1.6656 -5.2776 1.0081 11.7315 0.5760 0.1233
Cyclist -1 -1 0.9409 241.5763 133.3733 338.9643 246.2210 1.7635 0.5988 1.6993 -5.2816 1.0287 11.7322 0.5302 0.5434
Cyclist -1 -1 -2.6548 615.8519 155.5706 669.2393 200.3488 1.6294 0.6648 1.9086 1.3736 0.7238 26.4985 -2.6016 0.3211
Cyclist -1 -1 1.3135 603.8849 130.3023 646.6743 228.1697 1.8507 0.6223 0.9275 0.3446 0.9031 13.8881 1.3399 0.1355
Cyclist -1 -1 1.3803 561.1174 140.2161 602.8043 235.5507 1.7790 0.6602 0.8229 -0.4978 1.0289 13.6638 1.3469 0.1305
Cyclist -1 -1 0.8084 870.4504 117.7647 1006.7834 333.3181 1.8235 0.6299 0.9832 3.0048 1.2945 6.5458 1.2228 0.1260
Cyclist -1 -1 -0.8385 415.3973 149.8213 450.0826 206.0808 1.8293 0.6431 0.9640 -5.7648 0.8333 23.5616 -1.0733 0.1174
Cyclist -1 -1 1.3316 521.1154 143.3782 563.1001 229.8927 1.8279 0.7190 0.9167 -1.4275 1.0452 15.4833 1.2436 0.1069
Cyclist -1 -1 -2.8200 675.4775 144.3819 714.4929 207.5438 1.9198 0.5547 1.0834 2.7652 0.8236 21.9699 -2.6946 0.1050
Car -1 -1 1.8460 0.0000 17.7229 286.8966 370.0000 1.8143 1.6974 4.5646 -3.0417 1.4404 4.0607 1.2416 0.5216
