Pedestrian -1 -1 1.0726 755.8101 165.3388 804.6934 244.9384 1.8473 0.7417 1.0187 4.0281 1.6733 17.3335 1.2963 0.8440
Pedestrian -1 -1 -1.6043 531.0190 173.5789 546.4287 217.6390 1.6707 0.5626 0.8174 -2.7947 1.6995 27.8146 -1.7041 0.3887
Pedestrian -1 -1 -1.8956 983.2700 163.3363 1026.7567 241.2476 1.7805 0.6214 0.9470 9.2457 1.5633 17.0044 -1.4054 0.2370
Pedestrian -1 -1 0.9352 96.0505 197.5411 144.3390 264.7516 1.5764 0.5607 0.8888 -12.0209 2.1945 17.6387 0.3437 0.2065
Cyclist -1 -1 -1.6310 807.5169 154.1839 836.1797 227.2253 1.7497 0.5669 1.8944 5.2960 1.3028 18.2676 -1.3537 0.2868
Cyclist -1 -1 0.8260 754.8535 165.3550 805.2699 244.3471 1.8324 0.7118 0.9641 4.0276 1.6588 17.3304 1.0497 0.1130
Car -1 -1 0.5046 126.4509 180.2489 257.7496 218.5950 1.5245 1.7220 4.4369 -17.2934 1.8408 29.9246 -0.0158 0.9655
Car -1 -1 2.6574 615.4248 174.3791 702.5087 202.8365 1.5429 1.7367 4.6729 2.7604 1.6337 41.0468 2.7236 0.9450
Car -1 -1 1.8230 232.3192 186.4043 408.1746 311.1190 1.4459 1.5042 3.5117 -4.0831 1.6794 10.5865 1.4625 0.9400
Car -1 -1 2.6043 487.9474 178.7285 577.6798 209.5303 1.4870 1.7162 4.3904 -4.0200 1.8098 37.5982 2.4980 0.7193
Car -1 -1 1.2364 351.0302 182.3421 441.3491 236.1254 1.4294 1.4853 3.6671 -6.5653 1.7414 21.7732 0.9464 0.6644
