Pedestrian -1 -1 0.7783 35.1961 125.5448 132.4017 273.1021 1.8093 0.5720 0.8449 -6.7463 1.2295 9.1935 0.1588 0.5079
Pedestrian -1 -1 -3.3867 973.5688 117.2997 1099.0199 313.2486 1.8366 0.5904 0.9490 4.1455 1.3163 7.1678 -2.8806 0.2329
Pedestrian -1 -1 -1.7093 620.5993 155.5325 636.7920 197.3782 1.9280 0.6816 0.5551 0.8275 1.1303 33.5553 -1.6853 0.1982
Pedestrian -1 -1 -1.8581 883.3878 147.8907 902.0258 186.8880 2.0031 0.7764 0.5386 14.5981 0.7212 37.3595 -1.4884 0.1756
Pedestrian -1 -1 -2.9242 1018.3823 171.1417 1058.8805 258.6190 1.6950 0.6157 0.5819 8.5070 1.6622 14.4020 -2.4003 0.1746
Pedestrian -1 -1 -2.1797 1196.4031 92.6072 1242.0000 188.2820 1.8885 0.6108 1.1224 12.7308 0.3049 14.8260 -1.4795 0.1523
Car -1 -1 -1.3726 495.1557 166.3353 604.6496 244.4427 1.6244 1.7506 4.4690 -1.3325 1.4892 17.3275 -1.4490 0.9615
Car -1 -1 2.0378 0.0000 182.9530 388.2528 375.0000 1.5406 1.5738 3.7410 -3.4290 1.6588 6.5453 1.5709 0.9597
Car -1 -1 1.8346 367.5793 176.7622 480.8523 244.8235 1.4556 1.6261 4.2522 -4.4718 1.5641 17.8173 1.5916 0.9530
Car -1 -1 -1.4481 788.6501 167.7202 900.4426 262.9705 1.5165 1.5686 3.5853 4.4191 1.4351 13.4414 -1.1377 0.9501
Car -1 -1 -1.1152 828.2279 166.3907 974.9081 232.1394 1.4588 1.6529 4.4153 7.3550 1.3158 18.1008 -0.7354 0.8258
Car -1 -1 1.6269 488.3457 157.2523 513.9669 181.9408 1.8640 1.7629 4.0279 -8.5211 0.6864 56.5623 1.4779 0.1547
