Car -1 -1 2.0452 98.6272 199.8965 333.0402 326.7387 1.5420 1.6213 3.9048 -6.0495 2.0487 11.5548 1.5717 0.9539
Car -1 -1 -1.8286 814.6556 178.8172 1096.1652 371.9111 1.4075 1.5360 3.3131 3.0073 1.4810 7.1045 -1.4439 0.9374
Car -1 -1 -1.6928 644.0869 174.3875 684.3488 205.8023 1.5549 1.6322 3.8885 2.7574 1.6400 37.8868 -1.6213 0.9114
Car -1 -1 1.7964 452.0493 188.8912 501.8671 222.4780 1.4264 1.5607 3.5700 -6.2840 2.2272 34.1940 1.6154 0.8748
Car -1 -1 -1.1154 207.4467 198.9690 273.7929 227.7850 1.4218 1.7982 3.9881 -21.0577 2.9877 41.2434 -1.5853 0.8110
Car -1 -1 2.0370 258.5832 191.8649 321.4616 220.7643 1.4574 1.6614 3.9629 -18.1632 2.5931 41.0664 1.6226 0.6972
Car -1 -1 1.7780 473.4485 185.4260 517.5814 213.8150 1.4173 1.6291 3.9302 -6.2919 2.1461 39.7982 1.6218 0.6807
Car -1 -1 1.8165 165.3088 200.6064 222.1760 229.2607 1.4134 1.9455 3.9960 -24.1863 3.1139 42.0117 1.2966 0.5045
Car -1 -1 0.5738 846.5464 170.4330 916.6604 196.6725 1.5076 1.5927 3.6658 16.2558 1.3689 43.3989 0.9297 0.4777
Car -1 -1 0.8727 601.2672 175.1237 648.3331 195.9295 1.6458 1.6143 4.1210 1.1643 1.8405 59.6452 0.8917 0.4400
Car -1 -1 1.7099 499.0824 176.8863 532.9407 204.9075 1.7665 1.6621 4.3323 -6.2696 2.0488 48.2839 1.5810 0.4010
