Pedestrian -1 -1 1.8617 219.3599 172.9509 255.1210 243.6726 1.7503 0.5983 0.8062 -9.4964 1.7532 18.3065 1.3887 0.4284
Pedestrian -1 -1 1.1089 761.7289 165.5601 780.0602 199.4897 1.8505 0.6283 0.9528 8.8550 1.4531 39.8889 1.3254 0.4171
Pedestrian -1 -1 1.6518 363.9466 169.8644 377.1011 206.5041 1.8499 0.5719 0.8455 -12.2824 1.6993 36.9048 1.3323 0.1514
Pedestrian -1 -1 -1.7513 338.9892 164.7211 359.0746 205.7488 1.8558 0.7657 0.6341 -12.0140 1.4883 33.1014 -2.0972 0.1506
Cyclist -1 -1 -1.6774 837.3491 161.1035 851.2466 199.0087 1.7638 0.4485 1.6669 11.1348 1.2174 34.4329 -1.3675 0.2088
Cyclist -1 -1 1.1170 761.8113 165.6077 780.1527 199.7451 1.8618 0.6380 0.9443 8.8584 1.4670 39.8825 1.3336 0.1274
Car -1 -1 1.7844 518.4306 178.0507 577.0998 215.0149 1.4486 1.6744 4.1287 -2.6390 1.6880 31.0337 1.6998 0.9389
Car -1 -1 1.5965 567.6671 174.4706 594.0389 200.0763 1.5695 1.5998 3.7079 -1.8689 1.6778 46.3246 1.5560 0.6198
Car -1 -1 -1.8722 501.6700 168.5081 552.0286 196.8963 1.4733 1.6190 4.0169 -4.6530 1.2481 39.6076 -1.9887 0.2836
Car -1 -1 -1.5064 311.0153 162.8834 354.6997 204.7661 1.8781 1.6865 4.0338 -13.2363 1.4314 34.5285 -1.8702 0.2444
Car -1 -1 1.8167 499.4859 181.5949 533.6428 207.1656 1.5367 1.4427 3.1543 -5.9716 2.1160 46.1376 1.6882 0.2016
