Pedestrian -1 -1 1.9564 139.9510 172.3744 165.8808 215.9032 1.8537 0.6576 0.8973 -19.8128 1.8336 31.2229 1.3946 0.3858
Pedestrian -1 -1 -0.0935 666.9158 171.4991 679.6732 200.3958 1.8009 0.6361 0.7401 3.9379 1.7168 45.2863 -0.0078 0.1495
Car -1 -1 -1.5843 572.1921 173.5260 608.4039 208.4920 1.6181 1.6814 4.2879 -1.0460 1.6536 35.6484 -1.6140 0.8498
Car -1 -1 -1.5004 509.1156 163.4517 543.4640 193.3432 2.2611 2.3179 5.7625 -6.6270 1.5502 57.5063 -1.6149 0.3472
Car -1 -1 -1.7668 1196.3293 140.4861 1242.0000 178.7043 2.1731 1.7674 4.3409 36.8130 0.3330 43.3511 -1.0661 0.1888
Car -1 -1 -1.7892 753.9858 183.3468 802.2371 219.3958 1.4258 1.4974 2.3345 7.0006 1.8852 30.3891 -1.5656 0.1155
Car -1 -1 1.2788 540.3917 175.1873 571.8557 195.5172 1.6605 1.5580 4.1086 -4.6601 1.8673 61.6321 1.2033 0.1136
Car -1 -1 1.6251 514.8987 183.3185 551.7784 217.1994 1.4972 1.5766 3.7819 -3.7084 2.0333 35.0030 1.5198 0.1126
Car -1 -1 -1.2683 755.8765 165.3549 790.0251 188.0765 1.8323 1.6672 4.0280 13.6373 1.2279 60.3452 -1.0474 0.1100
Car -1 -1 1.9939 497.9123 175.5396 533.9081 196.3854 1.7448 1.6528 3.9283 -8.2034 1.9878 63.0562 1.8647 0.1007
Car -1 -1 -3.1286 659.7200 168.8178 721.9254 193.2251 1.5186 1.6534 3.8666 5.1140 1.2678 45.9481 -3.0188 0.1002
