Cyclist -1 -1 1.4016 392.5336 175.9993 424.4968 239.5794 1.7281 0.5778 1.8474 -5.8335 1.8227 20.6619 1.1292 0.7796
Car -1 -1 -3.5234 903.2577 181.4893 1242.0000 304.0684 1.4570 1.5849 3.6570 6.0445 1.5874 9.7929 -2.9845 0.9644
Car -1 -1 -1.8066 522.0005 177.9841 577.4733 216.7903 1.5732 1.6353 3.5455 -2.7431 1.8128 31.7016 -1.8928 0.9432
Car -1 -1 -1.9314 598.7993 179.6201 717.5768 250.9982 1.4805 1.6098 3.7083 0.9844 1.6625 17.3549 -1.8767 0.9339
Car -1 -1 2.4690 470.5911 176.1107 529.7225 200.5538 1.4948 1.5400 3.5855 -7.0709 1.7131 46.4507 2.3184 0.6420
Car -1 -1 -0.8404 571.2344 173.5352 631.2128 200.6788 1.5659 1.5456 3.7119 -0.5269 1.6092 43.6229 -0.8529 0.5841
Car -1 -1 1.4402 773.4188 169.9039 799.8741 189.0947 1.5811 1.6547 4.1588 15.0197 1.3384 61.5997 1.6780 0.4230
Car -1 -1 2.2300 666.9166 171.6028 717.0549 194.3035 1.5308 1.6007 3.6336 5.7370 1.4468 50.5143 2.3420 0.3942
Car -1 -1 -0.8812 620.0345 172.6078 673.6769 196.1168 1.4639 1.5137 3.6273 2.3890 1.4489 46.7769 -0.8309 0.3783
Car -1 -1 1.6082 781.7291 172.3169 809.4407 197.3656 1.5706 1.6302 3.6189 12.1401 1.5373 47.2051 1.8581 0.3721
