Pedestrian -1 -1 1.8347 358.6062 141.7281 431.1589 289.2786 1.7717 0.6979 0.7542 -2.7327 1.3983 9.0458 1.5485 0.3290
Car -1 -1 -0.0084 623.8511 179.4989 890.1183 270.3695 1.5052 1.7601 4.5339 2.5828 1.6407 13.3996 0.1769 0.9514
Car -1 -1 0.9699 0.0000 185.4271 86.9342 256.0279 1.4325 1.6912 4.1680 -14.4277 1.7434 16.4687 0.2584 0.7391
Car -1 -1 2.1763 16.1352 176.2053 87.4585 203.1232 1.7409 1.7663 4.2164 -38.1022 1.9805 49.3474 1.5212 0.2015
Car -1 -1 2.2599 164.1751 175.7300 221.2283 199.2535 1.6515 1.6365 3.7267 -30.6771 1.8714 53.1090 1.7380 0.1779
Car -1 -1 -0.7832 374.0724 170.1705 426.0753 193.7961 1.9020 1.7129 4.1855 -17.5259 1.6863 60.3318 -1.0650 0.1391
Car -1 -1 -0.2615 32.1377 185.0442 119.6876 214.6712 1.4916 1.5380 3.6063 -29.4163 2.1957 39.7657 -0.8954 0.1343
Car -1 -1 1.6493 144.1452 176.2735 170.4028 196.1354 1.6467 1.6145 4.0735 -39.3552 1.9548 62.7490 1.0909 0.1127
Car -1 -1 -1.1464 211.5341 167.9050 262.1264 195.1137 1.8565 1.7540 3.8500 -26.4390 1.5192 51.1961 -1.6211 0.1076
Car -1 -1 1.9659 99.1722 183.0317 150.2674 208.1189 1.6996 1.6806 4.0051 -35.4204 2.4738 52.7329 1.3765 0.1049
