Pedestrian -1 -1 -2.0581 863.5949 164.6328 899.9139 228.8917 1.7626 0.5700 0.9563 7.5887 1.5375 20.3012 -1.7057 0.8196
Pedestrian -1 -1 -1.9988 752.0025 168.4236 771.8199 207.3626 1.7537 0.5945 0.8262 6.8962 1.5546 32.9629 -1.7949 0.4932
Pedestrian -1 -1 -1.7731 898.5994 167.2753 928.9117 233.2051 1.7837 0.5460 1.1739 8.4213 1.6331 20.1454 -1.3830 0.2745
Pedestrian -1 -1 -1.9010 829.7936 178.5009 849.4575 219.2527 1.6702 0.5555 0.7788 9.5255 1.9090 30.0753 -1.5977 0.2521
Pedestrian -1 -1 -0.4144 1007.3937 166.7479 1071.6317 239.9887 1.7189 0.5988 1.1810 10.2311 1.5759 17.2944 0.1118 0.1324
Cyclist -1 -1 -1.8507 836.4949 158.6388 885.2209 243.4749 1.8470 0.5626 1.8190 5.7011 1.5379 16.6276 -1.5265 0.9371
Cyclist -1 -1 -1.9721 892.7662 166.0480 930.8925 230.9449 1.7655 0.5452 1.2203 8.4043 1.5807 20.2400 -1.5842 0.1563
Cyclist -1 -1 -2.0108 751.8422 168.5709 773.0159 207.8660 1.7640 0.6275 0.8788 6.9035 1.5721 32.8886 -1.8062 0.1447
Cyclist -1 -1 -2.0581 863.5949 164.6328 899.9139 228.8917 1.7626 0.5700 0.9563 7.5887 1.5375 20.3012 -1.7057 0.1113
Car -1 -1 1.2832 717.2346 176.7257 752.5433 197.7715 1.5815 1.6851 3.9633 9.8034 1.8990 57.0443 1.4521 0.2972
Car -1 -1 1.1525 1127.0468 181.0612 1183.8632 205.3056 1.6166 1.6486 4.2778 39.1303 2.2334 51.9150 1.7952 0.2327
Car -1 -1 1.3205 987.5117 178.4742 1017.7141 195.7510 1.5635 1.5990 3.9020 37.3419 2.1155 68.7368 1.8160 0.1957
Car -1 -1 1.2550 778.5655 171.3459 815.9931 194.1140 1.5639 1.5572 3.5030 13.2583 1.4607 51.3573 1.5059 0.1573
