Car -1 -1 -1.8237 710.8668 186.8925 874.2125 298.9885 1.4434 1.5785 3.7671 2.6914 1.7081 11.6748 -1.6038 0.9855
Car -1 -1 0.6431 0.0000 176.3668 334.9231 293.9213 1.4891 1.6650 4.2698 -6.3978 1.5443 10.2316 0.0956 0.9713
Car -1 -1 3.4985 180.9382 167.6642 411.6736 256.0164 1.7241 1.7048 4.0637 -6.4296 1.6232 15.0140 3.0998 0.9480
Car -1 -1 -1.6771 661.7408 177.4131 731.1715 236.6326 1.6620 1.7060 4.0017 2.5611 1.8176 22.5609 -1.5664 0.9280
Car -1 -1 3.3966 339.8761 180.3306 479.0867 233.7885 1.6056 1.6343 3.9425 -6.2864 1.8503 22.7445 3.1294 0.8876
Car -1 -1 -1.7318 637.8187 176.8942 678.8575 209.8381 1.6226 1.5936 3.4904 2.4483 1.8448 37.7954 -1.6682 0.8352
Car -1 -1 3.3185 401.7752 179.5488 497.6436 218.0668 1.6344 1.6542 3.8981 -7.0523 1.9385 31.8313 3.1017 0.8054
Car -1 -1 3.3728 300.7981 188.6126 462.6581 244.1912 1.4267 1.6264 4.0114 -6.2721 1.8849 20.0089 3.0722 0.7631
Car -1 -1 -1.6550 653.3672 182.2785 705.5943 225.4537 1.5462 1.7119 4.0762 2.6547 1.9491 28.7728 -1.5647 0.7485
Car -1 -1 0.4760 248.4796 190.5893 438.4225 255.4070 1.4425 1.6219 4.0856 -6.5174 1.9041 17.7010 0.1274 0.5218
Car -1 -1 0.1555 485.2511 178.8982 552.0059 204.0591 1.6549 1.7120 4.2678 -6.1755 2.0719 48.8156 0.0298 0.4680
