Pedestrian -1 -1 0.8610 730.0331 154.1231 759.2328 212.0246 1.7477 0.5438 0.7222 4.0978 1.1827 22.2253 1.0405 0.5487
Pedestrian -1 -1 0.1638 0.0000 179.6065 137.8474 375.0000 1.6732 0.5517 0.7791 -2.7041 1.7083 3.2865 -0.4865 0.2248
Cyclist -1 -1 1.6925 439.7849 170.9302 475.0490 252.8817 1.7448 0.5629 1.8096 -3.4716 1.7042 16.2850 1.4850 0.8527
Car -1 -1 1.9156 249.8854 183.9514 413.5715 280.6492 1.5845 1.6369 4.3555 -5.3981 1.8415 14.5039 1.5646 0.9515
Car -1 -1 1.8216 467.5625 177.5715 526.6777 211.7292 1.4353 1.6535 4.3479 -5.1456 1.6673 33.1806 1.6684 0.9118
Car -1 -1 -1.5132 646.0508 170.8656 685.4221 204.2875 1.5393 1.6962 4.1183 2.7477 1.4480 35.3818 -1.4369 0.8834
Car -1 -1 -1.3569 715.7573 155.9744 770.6916 192.8378 1.6075 1.6966 4.1003 6.2395 0.8718 33.6799 -1.1756 0.4568
Car -1 -1 0.9644 944.2840 146.4283 1061.2098 191.0557 1.4256 1.6373 3.8523 13.4481 0.5818 25.0556 1.4521 0.3222
Car -1 -1 1.5255 711.2780 175.0576 741.8480 201.5480 1.5033 1.6150 4.1705 6.9430 1.6430 43.4646 1.6824 0.2909
Car -1 -1 0.8731 691.3325 171.3320 733.9737 190.7793 1.6735 1.6790 3.8331 9.0726 1.5429 64.1581 1.0126 0.2444
