Pedestrian -1 -1 0.1155 836.2166 128.4559 900.9434 249.2598 1.7928 0.6045 0.8861 3.9544 1.1343 11.1693 0.4470 0.6798
Pedestrian -1 -1 -1.4420 769.6292 159.4724 808.1689 248.2283 1.8028 0.7094 0.6482 3.6942 1.5313 15.0821 -1.2072 0.4042
Cyclist -1 -1 0.0411 833.0249 127.6523 903.1964 250.2499 1.8214 0.5958 0.9984 3.9457 1.1502 11.1756 0.3718 0.1614
Car -1 -1 -1.4204 494.5254 181.3708 580.0630 243.6757 1.4163 1.6125 4.4172 -1.8613 1.6706 19.2631 -1.5162 0.9056
Car -1 -1 -1.5040 548.5570 177.7895 595.1955 218.5193 1.4365 1.5465 3.7851 -1.4516 1.6401 27.8101 -1.5563 0.8767
Car -1 -1 -1.6848 708.9711 180.1261 783.5501 236.4607 1.3877 1.5792 4.0015 3.6896 1.6138 20.3456 -1.5087 0.7840
Car -1 -1 -2.1682 904.1105 150.7688 1242.0000 375.0000 1.4650 1.6160 3.7944 3.4069 1.3815 4.6363 -1.5648 0.7642
Car -1 -1 -1.5592 690.5436 171.6460 728.6077 207.1045 1.4948 1.5956 3.7394 4.4420 1.4443 32.3813 -1.4246 0.6908
Car -1 -1 1.7806 671.3709 171.2289 705.0944 194.0463 1.5113 1.5831 3.6977 5.4049 1.4041 49.7925 1.8877 0.4197
Car -1 -1 -1.3160 309.2172 185.0577 433.0314 265.3027 1.5130 1.6772 3.8984 -5.2429 1.8211 16.1991 -1.6249 0.3058
