Pedestrian -1 -1 -1.4140 76.7704 147.9097 100.4330 194.5457 1.9006 0.6928 0.6933 -21.6195 0.8844 29.8684 -2.0364 0.3137
Car -1 -1 -1.7842 657.4744 175.1576 755.4988 246.3116 1.5848 1.6306 3.8303 2.2581 1.6495 18.1786 -1.6634 0.9652
Car -1 -1 0.2328 392.0761 174.9443 473.4067 208.1536 1.5323 1.5792 3.4721 -8.3942 1.6340 34.1912 -0.0065 0.6630
Car -1 -1 -1.6778 592.8060 175.5786 618.6986 195.8134 1.4959 1.6045 3.7533 -0.3862 1.7144 55.8208 -1.6851 0.6427
Car -1 -1 1.4512 416.0450 180.7865 475.1160 227.5374 1.4794 1.5682 4.0933 -5.9837 1.7871 25.7644 1.2247 0.6316
Car -1 -1 -1.3839 291.9971 183.1886 420.4191 285.8153 1.5382 1.5518 3.2420 -4.4272 1.7474 12.8696 -1.7096 0.6253
Car -1 -1 3.4459 292.6699 177.8158 429.7825 229.3705 1.4972 1.6058 3.6300 -7.5381 1.6544 21.9586 3.1184 0.5395
Car -1 -1 3.6716 0.0000 198.5014 83.3440 375.0000 1.4821 1.5575 3.7034 -6.3535 1.7160 5.2332 2.8150 0.4799
Car -1 -1 2.4124 656.2220 175.5160 721.0352 201.0747 1.5137 1.6216 3.9329 4.8838 1.6864 44.9102 2.5195 0.3464
Car -1 -1 3.3913 255.1812 177.6089 447.9988 251.6287 1.5957 1.6687 3.9007 -5.8902 1.7125 16.6775 3.0562 0.3260
Car -1 -1 3.3824 247.1590 180.1395 404.6326 237.6165 1.4401 1.5609 3.6574 -7.5531 1.6459 19.3366 3.0142 0.3069
