Car -1 -1 -1.8131 713.2927 188.3810 847.2418 284.2298 1.4356 1.5238 3.4473 2.8864 1.7558 13.1167 -1.6023 0.9729
Car -1 -1 0.4134 152.8991 171.6548 397.4948 270.0692 1.6477 1.5606 3.6408 -5.8918 1.6280 12.8735 -0.0085 0.9563
Car -1 -1 3.3775 243.6427 174.3312 429.7462 238.9798 1.4873 1.6705 3.9873 -6.6206 1.5261 17.7084 3.0242 0.9546
Car -1 -1 2.8911 700.6854 173.8746 815.4031 216.8280 1.7743 1.7637 4.5045 6.2291 1.8197 30.8508 3.0878 0.9315
Car -1 -1 0.5261 3.5209 180.5993 356.2190 295.3438 1.5309 1.6609 4.1956 -6.1685 1.6541 10.5880 0.0090 0.9049
Car -1 -1 -2.4680 0.0000 177.4046 249.6949 323.9867 1.4592 1.5921 3.7268 -6.3434 1.5157 8.0712 -3.1183 0.8765
Car -1 -1 3.1645 453.2054 170.3985 535.5604 204.8168 1.9277 1.8200 4.5910 -6.6652 1.7905 41.6203 3.0063 0.8547
Car -1 -1 -0.2539 769.4760 186.3682 921.6943 239.8124 1.4182 1.5804 3.8259 6.5464 1.8188 20.4783 0.0505 0.8074
Car -1 -1 3.8901 0.0000 224.3622 171.3336 375.0000 1.4283 1.6481 4.0997 -6.0424 1.8960 5.6191 3.0921 0.7760
Car -1 -1 0.2677 358.1335 164.6454 476.1788 210.8896 1.6740 1.6823 3.9594 -7.1865 1.3772 26.9754 0.0094 0.7719
Car -1 -1 -3.3605 734.8080 177.6251 856.1849 225.7659 1.4769 1.5414 3.5073 5.8274 1.6355 23.1085 -3.1171 0.5709
