Pedestrian -1 -1 -2.0672 1127.0947 87.8676 1242.0000 328.5467 1.8041 0.5599 0.8226 4.6777 1.1674 5.8549 -1.4174 0.1964
Pedestrian -1 -1 1.7396 813.1324 138.2128 832.5063 188.9421 1.8622 0.6097 0.5539 7.8831 0.5909 26.8659 2.0220 0.1684
Pedestrian -1 -1 2.4239 1040.2300 128.1800 1144.2135 271.3770 1.8399 0.5583 1.0502 6.3636 1.2662 9.6212 2.9939 0.1528
Pedestrian -1 -1 2.2318 821.9702 147.2316 867.4997 234.2451 1.8155 0.5840 0.7690 4.9958 1.2812 15.5104 2.5373 0.1313
Pedestrian -1 -1 -1.9302 776.9744 159.6828 816.2689 219.2440 1.6270 0.4801 1.7802 5.2630 1.2676 20.6185 -1.6843 0.1102
Cyclist -1 -1 -1.6077 1197.0269 89.2355 1242.0000 241.0401 1.7683 0.4959 1.7182 7.8183 0.7946 9.2358 -0.9206 0.4028
Cyclist -1 -1 -1.9302 776.9744 159.6828 816.2689 219.2440 1.6270 0.4801 1.7802 5.2630 1.2676 20.6185 -1.6843 0.3173
Car -1 -1 1.8742 344.8607 181.6914 516.9215 299.2135 1.6157 1.6482 4.1073 -2.8812 1.7931 12.3459 1.6486 0.9553
Car -1 -1 -1.7418 697.9716 177.4174 818.4010 272.4047 1.4562 1.4940 3.4153 2.4630 1.5493 12.9404 -1.5589 0.9244
Car -1 -1 1.6648 626.9713 168.9631 653.0811 193.6576 1.8606 1.6563 4.2733 2.3661 1.5678 56.5900 1.7060 0.7237
