Pedestrian -1 -1 -1.5419 1038.2865 142.1069 1076.9480 229.7248 1.8022 0.6841 0.7863 9.4794 1.1701 15.3540 -0.9976 0.3754
Pedestrian -1 -1 -1.8441 588.3537 150.5116 612.1406 200.3551 1.8775 0.7164 0.8181 -0.4218 1.0363 27.6704 -1.8597 0.2592
Pedestrian -1 -1 2.2119 498.4673 139.6415 526.1728 196.2997 1.8753 0.6724 0.6470 -3.3360 0.7764 24.3243 2.0768 0.1644
Pedestrian -1 -1 -2.5102 1159.7551 153.5773 1195.1101 214.4644 1.8201 0.6545 0.5697 17.1981 1.2442 21.9309 -1.8520 0.1379
Pedestrian -1 -1 1.8020 380.9605 134.1864 409.4229 195.2273 1.8947 0.6848 0.8579 -6.8378 0.6948 22.8410 1.5141 0.1278
Pedestrian -1 -1 2.4363 979.0693 173.4141 1052.6797 290.0307 1.7890 0.6064 0.8228 6.3798 1.7986 11.4519 2.9327 0.1232
Pedestrian -1 -1 1.4267 947.8677 170.5661 997.2513 274.9648 1.7381 0.6280 0.9289 6.2356 1.7003 12.5473 1.8777 0.1211
Pedestrian -1 -1 -0.6875 1011.8224 158.5862 1109.1508 297.1911 1.8350 0.5563 1.0146 6.1154 1.6465 9.9000 -0.1483 0.1174
Pedestrian -1 -1 1.5447 910.0145 149.9998 944.3146 238.9917 1.7969 0.6262 0.7511 6.5465 1.3358 15.0307 1.9477 0.1082
Car -1 -1 -1.8877 736.9364 180.1270 973.2709 323.3698 1.4509 1.6037 4.1969 2.8854 1.5699 9.6472 -1.6066 0.9766
Car -1 -1 2.7309 787.5283 190.2256 870.2075 220.8378 1.4262 1.4985 3.6132 10.7515 2.3085 35.6664 3.0207 0.2486
Car -1 -1 1.8416 330.9011 159.7686 386.1234 194.6283 1.6276 1.6822 3.5053 -12.3391 1.0170 35.4873 1.5091 0.1220
