Car -1 -1 1.9113 271.0734 193.5197 410.5554 274.4534 1.4794 1.6023 4.2483 -5.9636 2.0105 16.4000 1.5670 0.9657
Car -1 -1 2.4775 1000.3116 135.5212 1242.0000 235.4237 1.5970 1.5809 4.1248 9.1350 1.0006 12.4056 3.1008 0.9530
Car -1 -1 -1.7718 691.2418 174.3209 788.8632 236.9598 1.3994 1.6011 4.0832 3.1111 1.4411 18.2827 -1.6066 0.9397
Car -1 -1 2.0459 59.6201 200.5587 306.9953 331.6844 1.4251 1.5157 3.6545 -5.9296 1.8986 10.4698 1.5409 0.9344
Car -1 -1 1.8319 389.5372 189.7394 473.3910 242.5959 1.4990 1.6568 4.2018 -5.8471 2.1091 23.9337 1.5942 0.9342
Car -1 -1 1.7909 481.2576 184.4213 526.6421 215.2021 1.5041 1.5516 4.1736 -5.7052 2.1640 39.0017 1.6461 0.8724
Car -1 -1 2.6386 890.5496 151.7966 1084.7880 223.0920 1.6268 1.5884 3.8490 8.9209 1.1467 17.3217 3.1069 0.8710
Car -1 -1 -1.7081 677.1566 173.5965 743.6376 226.5178 1.5992 1.6213 3.9259 3.1800 1.6261 23.8247 -1.5777 0.8597
Car -1 -1 2.5760 961.3937 145.9603 1194.3690 225.9261 1.5563 1.5274 3.8012 9.4386 1.0332 14.8178 3.1341 0.8416
Car -1 -1 2.5032 822.7089 160.0590 995.8006 220.8085 1.5925 1.6444 4.3845 8.3264 1.2575 20.2586 2.8877 0.8182
Car -1 -1 1.7731 439.4142 185.8281 496.6894 225.2545 1.4598 1.5789 3.8855 -5.8571 2.0338 29.9484 1.5811 0.8155
Car -1 -1 1.4644 648.0012 173.3159 684.2751 205.8795 1.6910 1.5687 3.7990 2.9862 1.7178 39.4434 1.5389 0.7458
Car -1 -1 2.2899 0.0000 224.1440 137.4968 375.0000 1.4598 1.5669 3.7379 -5.8817 2.0160 5.9167 1.5299 0.7206
Car -1 -1 1.4066 657.2863 178.7596 703.1356 212.0573 1.4357 1.5198 3.7761 3.1852 1.7280 33.7316 1.4994 0.6841
