Car -1 -1 3.4084 323.6845 179.5775 485.1193 232.1205 1.4562 1.6033 4.2495 -5.9453 1.6600 21.0169 3.1355 0.9568
Car -1 -1 -1.7170 717.5303 181.1611 809.7658 254.9643 1.5478 1.6246 3.5453 3.5298 1.7688 17.3482 -1.5205 0.9515
Car -1 -1 0.4174 193.6781 176.2477 451.1749 264.4619 1.6082 1.6901 4.3961 -5.5705 1.6797 14.1754 0.0487 0.9192
Car -1 -1 -2.8826 393.9082 182.4965 512.1855 226.1655 1.5307 1.6360 3.9747 -5.7713 1.8988 26.6012 -3.0948 0.8905
Car -1 -1 -1.7130 700.5898 177.5024 771.7486 231.5430 1.5069 1.6189 3.7785 3.7686 1.6635 22.3512 -1.5488 0.8702
Car -1 -1 0.2236 509.8647 169.6364 566.9128 192.2949 1.5455 1.6206 3.6866 -4.9936 1.3264 50.2471 0.1247 0.7724
Car -1 -1 -2.3089 963.9616 187.4865 1242.0000 375.0000 1.4973 1.5520 3.5745 2.8634 1.5885 2.6655 -1.5420 0.7650
Car -1 -1 -1.6856 678.6003 181.5564 717.7585 213.0670 1.4427 1.5126 3.5961 4.2920 1.8969 35.8274 -1.5679 0.7640
Car -1 -1 -2.9412 432.0657 178.1944 533.9962 216.6976 1.6019 1.6609 4.0851 -5.4679 1.8394 31.1488 -3.1140 0.6959
Car -1 -1 -1.6776 762.9805 164.0308 808.4739 198.4029 1.4441 1.5546 3.8710 7.7710 1.0738 32.3310 -1.4441 0.5823
