Pedestrian -1 -1 1.3555 1182.7263 145.1079 1242.0000 274.2007 1.7115 0.6287 0.8757 8.4684 1.3440 10.0961 2.0388 0.3362
Pedestrian -1 -1 -0.2077 1118.6450 144.2613 1234.4279 311.0921 1.8084 0.5455 0.9428 6.4005 1.4988 8.2642 0.4335 0.2830
Pedestrian -1 -1 -1.5388 936.1655 175.8476 957.4517 226.1385 1.6645 0.6329 0.8467 11.3775 1.7685 24.4598 -1.1087 0.1561
Pedestrian -1 -1 1.9340 937.3353 133.1208 970.5457 196.2872 1.9029 0.7204 0.7139 10.5563 0.7063 22.2405 2.3720 0.1293
Cyclist -1 -1 2.2924 1166.5450 144.0750 1242.0000 273.0147 1.7332 0.6084 1.0475 8.4571 1.3467 10.0826 2.9757 0.1640
Car -1 -1 -0.3023 800.8375 165.8770 933.0854 217.2482 1.6113 1.6419 3.7347 8.2463 1.3928 23.5061 0.0307 0.9442
Car -1 -1 -1.6737 647.2815 166.6612 680.2880 192.3580 1.5713 1.6937 3.9744 3.3622 1.1929 46.1289 -1.6017 0.7187
Car -1 -1 -2.1299 1128.9244 158.2145 1242.0000 213.8430 1.7594 1.5742 3.4321 19.5445 1.2968 24.6081 -1.4648 0.5314
Car -1 -1 1.5260 679.8502 175.5233 705.7549 198.7685 1.5138 1.5812 3.8186 5.6039 1.7042 49.3944 1.6379 0.1888
Car -1 -1 1.2794 633.3148 166.7394 665.5701 188.9215 1.8222 1.7057 3.8182 3.2931 1.3202 61.3255 1.3325 0.1511
Car -1 -1 1.4638 550.4917 160.6279 575.7661 182.5629 1.8074 1.7168 4.1401 -4.0594 0.8003 61.6361 1.3981 0.1449
