Pedestrian -1 -1 1.5690 547.3087 155.3938 570.7662 219.6064 1.8391 0.6715 0.8890 -1.2747 1.0925 21.0372 1.5041 0.8125
Pedestrian -1 -1 -0.7483 985.8886 150.6998 1094.6781 304.7417 1.6272 0.6383 0.8193 4.8169 1.3032 7.9880 -0.2255 0.7248
Pedestrian -1 -1 0.9554 797.4927 146.6295 861.7085 253.5156 1.8141 0.6496 0.9503 3.9916 1.2235 12.7428 1.2478 0.7172
Pedestrian -1 -1 1.8098 571.1293 155.3909 608.3953 233.6335 1.7884 0.6846 0.9284 -0.3006 1.1928 16.9431 1.7871 0.7106
Pedestrian -1 -1 -2.5149 122.9246 174.5500 248.2166 366.4591 1.5934 0.5856 0.7499 -3.6740 1.5371 6.2938 -3.0317 0.6164
Pedestrian -1 -1 1.7872 535.6877 159.9751 555.0719 202.4768 1.8573 0.6737 0.9563 -2.4976 0.9176 31.9075 1.7047 0.6112
Pedestrian -1 -1 2.6807 493.2988 154.1634 535.2629 226.5782 1.7784 0.5704 0.8897 -2.2322 1.1083 18.1229 2.5547 0.5949
Pedestrian -1 -1 1.8380 708.8336 153.4402 738.9370 218.8288 1.7728 0.6546 0.7510 3.3748 1.0132 19.9500 1.9983 0.5762
Pedestrian -1 -1 -0.6493 789.7998 174.7108 825.0286 240.4776 1.5968 0.5902 0.6052 5.0743 1.4332 17.8253 -0.3812 0.5249
Pedestrian -1 -1 1.3557 592.1266 156.6418 613.0845 204.7987 1.8386 0.6427 0.8497 0.0213 0.8906 27.9075 1.3514 0.4871
Pedestrian -1 -1 1.6684 401.7314 168.7350 459.5831 310.2814 1.7210 0.6098 1.4439 -2.2718 1.5671 9.4880 1.4336 0.4735
Pedestrian -1 -1 2.6389 529.8132 154.9291 548.0019 193.2391 1.9319 0.5760 0.7380 -3.1986 0.5928 36.6665 2.5476 0.4234
Pedestrian -1 -1 1.5894 0.0000 175.6258 121.5806 374.0000 1.6866 0.5898 0.6692 -2.6190 1.6648 3.2836 0.9463 0.4148
Pedestrian -1 -1 1.0705 1152.9451 85.0411 1238.0000 290.3381 1.7808 0.5748 0.7365 5.5870 0.9455 6.6410 1.7456 0.4111
Pedestrian -1 -1 -1.4947 451.1687 179.8447 492.3300 264.4600 1.5767 0.7309 0.6640 -2.5123 1.5471 13.7518 -1.6777 0.4032
Pedestrian -1 -1 1.8270 663.6567 158.6741 683.7596 199.8930 1.7904 0.7020 0.8225 3.1803 0.7999 31.7052 1.9211 0.3284
Pedestrian -1 -1 1.6041 619.2964 160.5004 637.6469 207.6478 1.8147 0.6956 0.8353 1.0433 1.0074 28.0849 1.6358 0.3116
Pedestrian -1 -1 -1.4734 606.1207 158.5234 624.2472 204.2924 1.8240 0.6530 0.9374 0.5456 0.9094 29.1273 -1.4598 0.3060
Pedestrian -1 -1 0.0623 512.5236 176.3924 542.0824 237.6465 1.6582 0.5818 0.7776 -2.0633 1.5211 19.7514 -0.0458 0.2922
Pedestrian -1 -1 1.2342 816.1182 142.8268 989.5296 374.0000 1.7718 0.6073 1.8485 2.2046 1.5193 5.6418 1.5851 0.1667
Pedestrian -1 -1 1.5878 559.3669 159.5188 574.4990 206.1132 1.6929 0.5494 1.5985 -1.3045 0.8953 26.9056 1.5348 0.1425
Cyclist -1 -1 1.2576 841.7308 152.4181 1019.1631 374.0000 1.7034 0.6274 1.8854 2.3908 1.5173 5.5893 1.6391 0.4356
Cyclist -1 -1 1.5918 559.0281 159.5172 574.3633 206.1755 1.6952 0.5504 1.6252 -1.3137 0.8976 26.9175 1.5385 0.3998
Cyclist -1 -1 1.7515 399.9237 163.3333 460.7587 307.1517 1.7616 0.5555 1.3232 -2.2740 1.5404 9.4717 1.5162 0.3920
Cyclist -1 -1 0.9554 797.4927 146.6295 861.7085 253.5156 1.8141 0.6496 0.9503 3.9916 1.2235 12.7428 1.2478 0.1186
Cyclist -1 -1 1.7872 535.6877 159.9751 555.0719 202.4768 1.8573 0.6737 0.9563 -2.4976 0.9176 31.9075 1.7047 0.1137
