Pedestrian -1 -1 1.6739 459.6174 170.5198 487.0565 243.3273 1.8453 0.6132 0.8905 -3.5921 1.7865 18.7539 1.4865 0.2394
Pedestrian -1 -1 -1.4800 703.4471 172.5385 716.7008 210.7469 1.8033 0.5813 0.5302 4.7309 1.7887 34.3742 -1.3450 0.1938
Pedestrian -1 -1 -3.1581 704.9983 160.8842 719.6771 202.5972 1.8864 0.6314 0.6518 4.6349 1.3455 32.9809 -3.0201 0.1697
Pedestrian -1 -1 -2.7759 525.7488 169.0098 540.6382 209.1878 1.8460 0.6074 0.5043 -3.6040 1.6697 33.5062 -2.8827 0.1520
Pedestrian -1 -1 1.6762 386.5255 154.3923 429.2954 258.9677 1.8527 0.6695 0.8584 -3.7519 1.5260 13.2587 1.4049 0.1097
Cyclist -1 -1 1.9189 241.5867 172.7166 339.7685 318.9631 1.6301 0.5304 1.7547 -3.9474 1.6289 8.9309 1.5128 0.2564
Car -1 -1 1.5315 664.6625 184.8036 698.9133 218.8396 1.6115 1.6065 3.6602 3.6345 2.2614 37.3463 1.6271 0.8064
Car -1 -1 -1.6862 765.8234 167.6727 888.3582 298.6187 1.8521 1.5171 3.0438 3.3678 1.7792 11.8231 -1.4165 0.5641
Car -1 -1 3.6916 0.0000 192.7602 346.9467 323.8503 1.4124 1.5972 4.0511 -5.5859 1.6782 8.8167 3.1400 0.5077
Car -1 -1 1.5817 670.2322 175.6450 688.6603 194.1966 1.6020 1.6019 3.9540 6.2513 1.8616 64.9731 1.6768 0.2183
