Pedestrian -1 -1 0.3169 407.1749 156.9914 428.0630 194.2548 1.9483 0.6066 0.9215 -10.1788 1.1193 38.0512 0.0570 0.5163
Car -1 -1 -1.8205 719.8207 168.7051 913.7815 306.0265 1.6234 1.6664 3.9597 2.6950 1.5747 10.5124 -1.5774 0.9706
Car -1 -1 -1.7778 678.4947 178.7710 793.6510 257.5371 1.5370 1.7119 4.1908 2.6761 1.6905 16.5340 -1.6211 0.9637
Car -1 -1 3.5930 7.8467 188.1965 349.3248 304.6006 1.5219 1.6330 4.0154 -6.1845 1.7684 10.6258 3.0763 0.9515
Car -1 -1 0.6680 0.0000 198.0689 273.2402 348.2393 1.4498 1.5453 3.9796 -6.1703 1.7617 8.0779 0.0313 0.9251
Car -1 -1 -1.7228 655.6867 176.0429 715.9609 225.3187 1.6124 1.5961 3.4965 2.5781 1.7340 25.6278 -1.6244 0.9004
Car -1 -1 0.2934 363.0655 182.1589 494.5860 228.4791 1.4707 1.6275 3.9751 -6.0536 1.7947 24.1854 0.0502 0.8746
Car -1 -1 -1.6636 640.5576 177.8027 673.7145 206.8812 1.4918 1.4858 3.3579 2.4932 1.7733 39.2927 -1.6013 0.8507
Car -1 -1 0.8403 0.0000 230.0974 118.0305 375.0000 1.4266 1.5751 3.8142 -6.2389 1.9278 5.4929 0.0156 0.8244
Car -1 -1 3.5668 103.3743 193.0138 372.6011 281.8393 1.4558 1.6411 4.0392 -6.6518 1.8478 13.1215 3.1052 0.7476
Car -1 -1 3.3276 390.3558 170.6551 488.2604 212.4885 1.6444 1.6536 3.6203 -6.9043 1.5583 29.2652 3.0975 0.7044
