Car -1 -1 -0.3622 711.1072 176.9953 901.4548 250.5025 1.4920 1.6461 3.6679 4.1608 1.5888 15.7765 -0.1098 0.9862
Car -1 -1 3.4573 162.7160 166.2244 366.7443 235.6383 1.5104 1.5714 3.9715 -7.9060 1.3665 16.7162 3.0213 0.9453
Car -1 -1 0.6025 0.0000 174.9776 288.0498 274.9006 1.4902 1.5969 4.1987 -7.7037 1.5274 11.6528 0.0286 0.9159
Car -1 -1 3.7912 0.0000 173.0079 190.4521 302.2810 1.4259 1.6129 3.9823 -7.6833 1.4283 8.8627 3.0917 0.8910
Car -1 -1 -0.2552 690.4974 176.3034 860.4890 239.5781 1.5015 1.6253 3.8663 4.0187 1.5927 18.1076 -0.0410 0.7916
Car -1 -1 -0.9411 945.9172 176.9641 1242.0000 375.0000 1.4687 1.6053 3.8932 4.5696 1.5056 5.1518 -0.2442 0.7717
Car -1 -1 3.2413 231.8026 165.3526 377.9666 218.1015 1.4794 1.5540 3.8765 -9.0233 1.2694 21.5374 2.8486 0.7475
Car -1 -1 -1.7923 456.0638 170.5607 491.0293 193.1782 1.6430 1.7432 4.0838 -10.3956 1.4767 54.6312 -1.9797 0.5957
Car -1 -1 1.1504 1092.4393 171.3840 1153.6935 198.4373 1.5649 1.5523 3.9105 31.0273 1.4802 43.8016 1.7633 0.5476
Car -1 -1 0.1332 262.1004 160.5490 400.3330 210.9361 1.5992 1.5966 4.1352 -9.2556 1.2090 24.1450 -0.2295 0.4631
