Pedestrian -1 -1 0.2218 464.2097 180.1489 489.8739 230.2918 1.7035 0.6567 0.7473 -4.6374 1.9596 24.9519 0.0393 0.4001
Pedestrian -1 -1 -2.7111 491.5380 178.9067 513.5476 217.9919 1.6385 0.5629 0.7625 -4.6168 1.8999 30.7385 -2.8595 0.1893
Pedestrian -1 -1 -0.9657 664.3505 172.5941 677.5527 197.3199 1.7384 0.6506 0.7013 4.2976 1.7205 51.2035 -0.8828 0.1304
Cyclist -1 -1 -1.1665 379.0383 179.0108 411.3365 227.6722 1.6454 0.4588 1.7057 -7.6155 1.8708 25.4901 -1.4545 0.2808
Cyclist -1 -1 1.5905 77.8905 183.9495 97.2295 234.0636 1.6733 0.5094 1.7838 -18.3951 2.0772 25.3576 0.9677 0.1938
Car -1 -1 -2.7707 266.7206 178.3545 394.1593 229.4081 1.4936 1.5452 3.2969 -8.5258 1.6681 22.0564 -3.1359 0.9654
Car -1 -1 1.3552 689.2990 167.6362 740.5857 203.9085 1.6839 1.6767 3.9388 5.0609 1.4420 35.5202 1.4951 0.9364
Car -1 -1 1.6110 539.2487 174.5576 575.4310 205.4173 1.4754 1.6748 4.3062 -2.6769 1.5680 36.9130 1.5387 0.8653
Car -1 -1 -3.2618 670.9801 153.0207 745.3228 180.2445 1.7330 1.7167 4.6033 6.2919 0.4708 46.8164 -3.1292 0.2861
Car -1 -1 1.3820 707.5336 169.3339 750.8962 198.5897 1.5644 1.6664 4.0244 6.6164 1.3765 40.6160 1.5419 0.2814
Car -1 -1 1.4766 552.4417 175.5979 584.7094 202.3450 1.5733 1.6168 4.1848 -2.6640 1.7534 45.0788 1.4175 0.1315
