Pedestrian -1 -1 -1.5844 465.6194 175.3190 480.2581 213.6677 1.7839 0.6683 0.6747 -6.5028 1.9018 34.0102 -1.7724 0.3670
Pedestrian -1 -1 0.3518 191.0576 147.5132 212.6909 196.3196 2.0608 0.6248 0.6269 -17.4707 0.9911 30.8212 -0.1603 0.2660
Car -1 -1 -1.8423 695.3596 174.3627 896.5931 309.1676 1.4489 1.5552 3.7439 2.1946 1.4735 9.7082 -1.6277 0.9748
Car -1 -1 -1.7624 639.4926 171.4320 716.5587 226.1984 1.5437 1.6054 4.0857 1.9669 1.5040 22.4520 -1.6769 0.9657
Car -1 -1 -1.5248 475.0500 174.0576 532.6102 227.7334 1.5829 1.6568 4.3998 -3.4348 1.6265 23.6474 -1.6681 0.9448
Car -1 -1 3.7054 0.0000 185.5532 229.3479 270.2034 1.4383 1.5502 3.3819 -9.1882 1.6879 13.3314 3.1110 0.9356
Car -1 -1 -1.6759 621.0045 170.7435 660.4738 204.1785 1.7103 1.7011 4.0472 1.5711 1.6027 38.9819 -1.6364 0.8037
Car -1 -1 -1.6503 631.8836 171.7988 680.0282 213.2445 1.5224 1.5766 3.7769 1.7044 1.4840 28.4050 -1.5916 0.6951
Car -1 -1 -1.7278 512.9691 177.1913 555.1120 208.0530 1.4828 1.5892 3.7435 -4.0051 1.7192 37.2459 -1.8346 0.4659
Car -1 -1 -1.4466 486.0909 168.9299 538.6058 211.5335 1.5733 1.6091 3.6712 -3.8309 1.4287 28.4850 -1.5795 0.3090
Car -1 -1 3.3921 350.9050 163.7329 414.1806 185.0938 1.5906 1.7007 4.2867 -17.2250 0.9118 54.6885 3.0882 0.2727
