Cyclist -1 -1 0.8961 680.2585 136.8087 716.3805 184.4161 1.7604 0.5267 1.5208 3.3061 0.4279 27.4620 1.0145 0.4315
Car -1 -1 -2.5181 0.0000 169.9146 265.1817 295.0873 1.6311 1.6402 3.6460 -7.1733 1.5932 10.2659 -3.1161 0.9655
Car -1 -1 -2.4034 780.4285 176.1679 930.3746 239.8055 1.4751 1.5818 3.5545 6.2470 1.5709 18.8591 -2.0889 0.9605
Car -1 -1 -1.7649 630.2620 175.2702 680.2069 210.6236 1.4312 1.5312 3.3086 1.8614 1.5418 31.1876 -1.7064 0.9451
Car -1 -1 3.6171 42.8661 182.2264 339.2007 277.0206 1.4618 1.6769 4.0232 -6.9569 1.6325 12.2082 3.1081 0.8452
Car -1 -1 -2.8690 359.8791 176.0530 474.6479 217.1306 1.4708 1.5936 3.8284 -7.1377 1.5936 26.7844 -3.1274 0.8332
Car -1 -1 -1.6376 614.3309 173.3009 647.4131 201.2433 1.4995 1.5876 4.1466 1.1013 1.5265 40.8896 -1.6114 0.7658
Car -1 -1 0.3833 150.4385 143.6253 424.9746 254.3808 2.1051 1.8155 4.7688 -6.4236 1.5499 14.6743 -0.0232 0.7461
Car -1 -1 1.6630 491.9805 175.8527 524.3798 201.4821 1.5222 1.6434 4.1889 -6.4026 1.7204 45.4805 1.5235 0.6448
Car -1 -1 3.3810 281.1296 176.3222 433.4498 229.2801 1.5255 1.6641 4.0895 -7.6211 1.6362 21.9306 3.0498 0.5534
