Pedestrian -1 -1 -0.8892 663.3452 170.7936 676.6941 198.7729 1.8469 0.5687 0.7066 3.9695 1.7113 48.0775 -0.8077 0.2580
Pedestrian -1 -1 -1.3104 518.0836 181.5013 534.7042 213.7130 1.7232 0.6961 0.8880 -4.5910 2.2010 39.3483 -1.4263 0.2460
Pedestrian -1 -1 -0.5088 1145.5952 219.8969 1242.0000 375.0000 1.6552 0.5906 0.8215 6.0219 2.1578 7.3438 0.1569 0.2454
Pedestrian -1 -1 1.7363 509.1367 180.7257 525.4158 219.0246 1.8422 0.6502 0.9178 -4.5786 2.2336 35.3678 1.6079 0.2215
Pedestrian -1 -1 1.5115 497.0190 158.0619 513.6964 200.9298 1.8610 0.6817 0.7655 -4.6512 1.2192 31.7651 1.3669 0.1586
Pedestrian -1 -1 1.6867 528.6533 179.8274 542.2833 213.6422 1.8924 0.6752 0.8717 -4.2660 2.2933 40.9989 1.5831 0.1579
Pedestrian -1 -1 0.7063 55.3277 143.1290 173.5565 280.2412 1.6752 0.5818 1.1362 -6.3339 1.3124 9.1672 0.1150 0.1529
Pedestrian -1 -1 2.7536 760.5946 166.7725 809.5424 262.8102 1.8264 0.7175 0.7087 3.3676 1.7111 14.1295 2.9819 0.1406
Pedestrian -1 -1 1.6777 228.5038 149.6085 277.1737 267.7079 1.8437 0.6075 0.9973 -5.8922 1.4811 11.8334 1.2242 0.1402
Cyclist -1 -1 1.2112 1176.4827 136.7574 1242.0000 248.4913 1.8632 0.4946 1.7570 10.7811 1.2616 12.9404 1.8944 0.6461
Car -1 -1 1.7930 363.3533 179.8068 482.6921 267.3625 1.5792 1.6374 3.6171 -3.8202 1.7429 15.1268 1.5490 0.9667
Car -1 -1 -1.5692 647.5807 183.2042 682.1896 220.0768 1.6086 1.5566 3.4937 2.5652 2.1267 34.2865 -1.4958 0.5787
Car -1 -1 1.6805 629.1838 182.2809 652.6875 202.0458 1.5536 1.5906 3.5428 2.5921 2.3672 60.3712 1.7227 0.3843
Car -1 -1 -1.2761 522.5031 169.6882 571.9270 200.5361 1.6027 1.6472 3.8640 -3.4180 1.4385 39.5442 -1.3622 0.1927
Car -1 -1 -1.7248 673.8643 151.9963 717.0343 187.5021 1.7384 1.6298 3.8413 4.3212 0.7175 37.2750 -1.6106 0.1907
