Pedestrian -1 -1 -3.4558 991.0220 157.5210 1118.2416 324.0183 1.7524 0.6535 1.0371 4.9563 1.5014 7.9904 -2.9208 0.7606
Pedestrian -1 -1 0.8129 760.8020 164.6474 839.0355 293.2665 1.7293 0.5830 0.9351 2.7612 1.5040 10.2056 1.0650 0.7396
Pedestrian -1 -1 -2.3780 232.9986 174.2311 346.8506 337.8131 1.5592 0.6023 0.8909 -3.1981 1.4912 7.2818 -2.7848 0.7352
Pedestrian -1 -1 -2.0027 575.8314 180.7391 604.0484 231.2107 1.6335 0.6415 0.8288 -0.4100 1.6099 23.7588 -2.0251 0.6508
Pedestrian -1 -1 -2.5553 295.1989 183.0631 362.8752 276.9715 1.8314 0.6894 1.0739 -5.5187 1.8651 14.4756 -2.9193 0.6443
Pedestrian -1 -1 -1.6983 605.1751 178.8454 629.8889 230.7010 1.6924 0.7098 0.8831 0.5043 1.6068 23.9195 -1.6827 0.6055
Pedestrian -1 -1 -1.5802 495.4824 180.5725 517.3347 228.3870 1.6826 0.7632 1.0305 -3.4479 1.6510 25.8412 -1.7169 0.6045
Pedestrian -1 -1 -0.6658 633.3787 178.1981 657.5853 218.5410 1.6876 0.6513 0.7945 1.8569 1.5504 30.5402 -0.6108 0.5824
Pedestrian -1 -1 -1.2156 328.4890 180.9777 362.1846 244.8903 1.7001 0.6632 0.6895 -6.9599 1.6874 19.4535 -1.5604 0.5347
Pedestrian -1 -1 0.0485 621.3930 181.8667 663.6514 263.3346 1.8260 0.6163 0.9433 0.9131 1.8358 16.4539 0.0974 0.4737
Pedestrian -1 -1 1.4230 280.1336 172.5202 327.9064 271.5740 1.8008 0.7252 0.7864 -5.6690 1.6389 13.5809 1.0287 0.4129
Pedestrian -1 -1 -1.7865 1038.8877 159.4624 1093.2950 246.8292 1.8351 0.7420 1.2220 10.1497 1.3735 15.7861 -1.2279 0.4094
Pedestrian -1 -1 -1.5468 986.4066 160.3810 1025.5680 257.9642 1.6422 0.5808 1.6413 7.2520 1.2881 12.9425 -1.0500 0.3238
Pedestrian -1 -1 -1.7888 668.2235 184.0364 703.5557 246.4251 1.6398 0.5859 1.7602 2.2835 1.7143 19.8584 -1.6812 0.1621
Cyclist -1 -1 -1.6001 987.5895 160.8739 1028.7993 263.1541 1.7148 0.5630 1.7331 7.2629 1.3703 12.9414 -1.1026 0.6620
Cyclist -1 -1 -1.7888 668.2235 184.0364 703.5557 246.4251 1.6398 0.5859 1.7602 2.2835 1.7143 19.8584 -1.6812 0.5203
Cyclist -1 -1 -2.5341 295.5836 182.1811 363.0358 277.2948 1.8553 0.6794 1.0766 -5.5139 1.8707 14.4753 -2.8978 0.1322
Cyclist -1 -1 -1.7865 1038.8877 159.4624 1093.2950 246.8292 1.8351 0.7420 1.2220 10.1497 1.3735 15.7861 -1.2279 0.1174
Cyclist -1 -1 0.0485 621.3930 181.8667 663.6514 263.3346 1.8260 0.6163 0.9433 0.9131 1.8358 16.4539 0.0974 0.1140
Cyclist -1 -1 -1.6751 494.4476 180.2805 518.2895 230.4693 1.7630 0.7382 1.0528 -3.4480 1.7212 25.8302 -1.8118 0.1048
Car -1 -1 1.7900 364.2469 167.6554 473.1445 249.8885 1.9958 1.9165 4.7301 -4.8925 1.6610 19.8196 1.5456 0.8738
Car -1 -1 1.6891 432.1689 177.3232 492.8840 227.5517 1.6799 1.6823 4.4042 -5.0084 1.5413 26.2797 1.4974 0.7783
Car -1 -1 2.3153 0.0000 14.0742 308.6470 374.0000 1.5360 1.6539 3.9004 -2.6842 1.3986 2.5611 1.5489 0.6219
