Pedestrian -1 -1 0.0810 532.6044 162.9216 551.0031 197.1067 1.8384 0.5551 0.9506 -3.4307 0.8945 38.2996 -0.0058 0.5500
Pedestrian -1 -1 -2.2042 1043.0394 120.7099 1098.8451 201.7605 1.8056 0.5934 0.9943 10.6606 0.4752 16.2604 -1.6309 0.4117
Pedestrian -1 -1 -2.3805 889.4006 142.0856 930.7567 196.6137 1.8630 0.5800 1.2875 10.6860 0.5521 24.8583 -1.9772 0.3023
Pedestrian -1 -1 0.0022 474.7906 168.9502 488.0240 200.7322 1.7167 0.6559 0.7054 -6.7510 1.0942 38.5675 -0.1679 0.3019
Pedestrian -1 -1 -1.4650 429.9692 170.4718 457.5642 219.6099 1.6654 0.8685 0.5674 -5.5625 1.3270 24.2895 -1.6856 0.2890
Cyclist -1 -1 -3.0131 684.4262 161.7766 721.0483 194.5382 1.6999 0.6808 1.8396 5.1404 0.7298 37.2529 -2.8754 0.7455
Cyclist -1 -1 -0.1305 623.0626 164.0717 656.4677 195.2304 1.7712 0.5991 1.8518 1.9815 0.8387 40.5600 -0.0803 0.7330
Cyclist -1 -1 -0.5829 554.2933 166.8075 581.2092 195.2077 1.8506 0.5398 1.7753 -2.4601 0.9597 46.8097 -0.6333 0.7046
Cyclist -1 -1 -1.0680 355.6484 177.6836 387.7525 216.8808 1.6754 0.5224 1.8305 -10.2852 1.5565 31.1637 -1.3821 0.5779
Cyclist -1 -1 1.7876 376.4875 181.4781 386.5327 201.2031 1.5888 0.4614 1.5329 -18.2539 1.6711 57.8084 1.4849 0.2618
Cyclist -1 -1 -2.3805 889.4006 142.0856 930.7567 196.6137 1.8630 0.5800 1.2875 10.6860 0.5521 24.8583 -1.9772 0.1707
Cyclist -1 -1 -2.1015 1044.0692 120.9768 1096.0007 202.4790 1.8208 0.5882 0.9607 10.6557 0.4926 16.2834 -1.5290 0.1337
Cyclist -1 -1 0.0810 532.6044 162.9216 551.0031 197.1067 1.8384 0.5551 0.9506 -3.4307 0.8945 38.2996 -0.0058 0.1121
Car -1 -1 -1.4620 501.5020 175.1447 545.4350 209.2623 1.4775 1.6132 3.5755 -3.7000 1.2471 32.4046 -1.5729 0.9447
Car -1 -1 2.4549 1036.0127 125.9553 1224.0000 187.9619 1.5349 1.5690 4.3044 13.7778 0.1863 18.3888 3.0916 0.9287
Car -1 -1 -0.5000 910.5426 148.9652 984.8878 173.7219 1.6618 1.6931 4.3502 23.6848 -0.4770 48.9321 -0.0499 0.8096
Car -1 -1 -2.6266 962.0627 163.8392 1058.3513 196.2977 1.4742 1.6006 3.7212 19.4573 0.7190 34.1152 -2.1106 0.2876
Car -1 -1 1.6639 663.7133 173.2249 688.9916 194.8089 1.5992 1.5726 3.9807 5.5417 1.0615 54.4876 1.7664 0.2791
Car -1 -1 -0.3497 536.6538 175.9193 594.1032 199.1015 1.4841 1.4902 3.4840 -2.6132 1.1922 46.6294 -0.4036 0.2662
