Pedestrian -1 -1 -1.6610 483.3282 165.1904 509.5996 230.3335 1.7239 0.6295 0.8119 -2.8836 1.2934 19.4756 -1.8113 0.7541
Pedestrian -1 -1 -1.5060 674.5033 172.2798 701.4242 234.6353 1.7245 0.7080 0.9285 2.4328 1.4706 20.3824 -1.3941 0.5321
Pedestrian -1 -1 -2.1121 554.9830 171.9511 575.3125 205.2417 1.6592 0.7103 0.8079 -1.8443 1.1842 36.3338 -2.1675 0.4380
Pedestrian -1 -1 0.8147 366.8437 161.3550 419.7487 250.4928 1.7766 0.6264 0.8616 -4.3260 1.3763 14.8022 0.5297 0.4244
Pedestrian -1 -1 0.7915 839.0726 181.0645 914.7968 300.8306 1.7009 0.7333 0.7549 4.0487 1.6960 10.6952 1.1396 0.3423
Pedestrian -1 -1 -1.8877 798.6515 146.1859 826.1052 202.7631 1.8016 0.6126 0.8534 6.8124 0.6782 23.3107 -1.6113 0.3024
Pedestrian -1 -1 -2.8318 701.9493 171.8989 726.4429 206.1145 1.7665 0.6509 1.1245 5.9023 1.2717 37.6247 -2.6824 0.2984
Pedestrian -1 -1 -1.6868 376.4034 161.8114 395.3897 208.8047 1.7920 0.6158 0.7871 -8.3865 1.0422 27.8732 -1.9815 0.2877
Pedestrian -1 -1 -1.4529 734.1871 162.4049 750.7554 203.4087 1.8508 0.6930 0.4781 6.4205 0.9898 32.7529 -1.2658 0.2876
Pedestrian -1 -1 -1.8622 695.2722 176.2511 712.8109 208.7849 1.7416 0.7441 0.7768 5.5486 1.4614 38.8921 -1.7266 0.2789
Pedestrian -1 -1 -1.9982 774.2194 153.5484 800.1290 201.6967 1.8026 0.5911 0.9976 7.0667 0.7572 27.4346 -1.7534 0.2357
Pedestrian -1 -1 -2.3769 1141.6122 144.8745 1238.0000 278.7771 1.6898 0.4887 1.6315 8.3340 1.2290 9.9025 -1.6955 0.1777
Pedestrian -1 -1 -3.3159 722.9797 146.5592 813.0026 227.6508 1.7369 0.6370 1.8345 3.5908 0.9897 15.7391 -3.1003 0.1583
Cyclist -1 -1 1.9133 636.7851 171.1945 658.4026 206.5825 1.8550 0.5890 1.8312 2.4886 1.3156 38.6096 1.9722 0.5770
Cyclist -1 -1 -3.3159 722.9797 146.5592 813.0026 227.6508 1.7369 0.6370 1.8345 3.5908 0.9897 15.7391 -3.1003 0.4121
Cyclist -1 -1 -2.4130 1136.2261 143.9175 1238.0000 280.5870 1.7159 0.4938 1.7316 8.3257 1.2454 9.9104 -1.7325 0.3428
Cyclist -1 -1 -1.2033 4.6797 176.7469 169.8662 374.0000 1.6758 0.5546 1.9177 -4.6570 1.6401 6.5938 -1.8060 0.3216
Cyclist -1 -1 1.6583 578.8195 174.8441 591.5820 204.2823 1.6947 0.6190 1.6294 -0.9447 1.3123 42.1824 1.6310 0.2266
Cyclist -1 -1 -0.1127 661.7999 172.8958 701.3127 235.5467 1.7466 0.6074 1.0450 2.2298 1.5079 20.3329 -0.0103 0.1609
Cyclist -1 -1 -2.8318 701.9493 171.8989 726.4429 206.1145 1.7665 0.6509 1.1245 5.9023 1.2717 37.6247 -2.6824 0.1494
Cyclist -1 -1 1.3405 373.6638 165.3763 416.9001 252.7622 1.7379 0.6576 0.9460 -4.3101 1.4185 14.8568 1.0574 0.1060
Cyclist -1 -1 0.7915 839.0726 181.0645 914.7968 300.8306 1.7009 0.7333 0.7549 4.0487 1.6960 10.6952 1.1396 0.1005
Car -1 -1 1.4341 586.6403 173.0924 613.0700 193.0849 1.6423 1.6767 4.1453 -0.1408 0.9521 61.1771 1.4269 0.3602
Car -1 -1 2.4067 673.6315 180.6742 778.9602 221.3566 1.5501 1.6357 4.2220 5.0905 1.5196 29.1935 2.5726 0.2861
Car -1 -1 -2.7838 367.7838 179.7182 411.5258 197.6699 1.5518 1.5543 3.3493 -18.5169 1.3982 62.9812 -3.0736 0.2613
