Pedestrian -1 -1 -1.7921 778.0687 165.4085 805.7126 222.0385 1.7932 0.6689 0.9523 5.8265 1.5578 23.3280 -1.5509 0.6008
Pedestrian -1 -1 -1.6895 688.1672 167.8271 705.1902 203.8526 1.7674 0.6887 1.3234 4.2865 1.5212 36.0589 -1.5726 0.3790
Pedestrian -1 -1 -2.9303 757.9880 166.4317 777.2598 199.4704 1.7678 0.5788 0.9195 8.4981 1.4246 39.0582 -2.7180 0.2978
Pedestrian -1 -1 0.4050 735.0870 160.8821 750.8672 188.5416 1.9296 0.4633 0.9902 9.3330 1.0948 50.7995 0.5854 0.1514
Pedestrian -1 -1 -3.3666 960.9835 163.3185 1054.1421 246.7353 1.6985 0.5342 1.6344 8.2743 1.5047 15.1614 -2.8758 0.1337
Cyclist -1 -1 -1.6895 688.1672 167.8271 705.1902 203.8526 1.7674 0.6887 1.3234 4.2865 1.5212 36.0589 -1.5726 0.4210
Cyclist -1 -1 -3.3313 958.0291 163.2345 1055.7410 246.7313 1.6968 0.5593 1.7239 8.2667 1.5017 15.1824 -2.8414 0.3217
Cyclist -1 -1 -3.3122 1130.7065 186.1033 1162.5669 214.4260 1.8921 0.6958 1.6584 36.7887 2.8144 49.5218 -2.6767 0.2638
Cyclist -1 -1 1.5013 677.1857 175.1342 686.3178 199.3987 1.6827 0.5297 1.5875 5.0366 1.8467 50.9848 1.5988 0.2181
Cyclist -1 -1 -2.2635 758.1516 166.7759 777.7626 199.6945 1.7566 0.5867 0.9142 8.5076 1.4326 39.0407 -2.0509 0.1335
Car -1 -1 -1.8556 1118.7438 187.9173 1165.9988 213.2128 1.6236 1.6534 3.8360 37.4437 2.7297 50.8772 -1.2245 0.2447
Car -1 -1 2.2596 30.7959 184.4216 131.2805 219.3565 1.5432 1.7141 4.1614 -25.8589 2.1455 35.4106 1.6323 0.2363
Car -1 -1 2.4702 921.4628 194.4619 981.8761 216.3338 1.5447 1.6405 3.9882 25.8624 3.2209 54.6993 2.9091 0.1699
Car -1 -1 -1.5949 20.2282 172.6970 57.4321 201.8512 1.5941 1.5902 3.8625 -32.8697 1.5859 41.4448 -2.2624 0.1425
