Car -1 -1 2.6786 815.4160 195.7747 1107.2158 289.1941 1.4934 1.7114 4.4069 6.0793 1.9336 12.9148 3.1087 0.9733
Car -1 -1 3.4672 178.1490 188.7904 415.1265 267.4804 1.5039 1.7197 4.2536 -6.4902 1.8625 15.2071 3.0695 0.9489
Car -1 -1 -3.3235 698.0551 187.8213 795.6318 226.9426 1.6775 1.7709 4.0588 6.0645 2.3705 32.5005 -3.1414 0.9244
Car -1 -1 -0.5815 989.0478 198.9422 1242.0000 332.6581 1.3564 1.4474 3.6659 6.6281 1.6940 8.4839 0.0641 0.9211
Car -1 -1 -0.3635 777.4739 194.5237 920.7704 249.9485 1.4454 1.5659 3.5115 6.6378 2.0841 20.3753 -0.0538 0.9205
Car -1 -1 0.3642 365.7731 190.9329 500.8656 246.1975 1.5824 1.5345 3.7574 -5.4600 2.1667 22.3068 0.1261 0.9133
Car -1 -1 -2.1113 863.1685 218.7599 1242.0000 375.0000 1.4390 1.6035 3.8993 2.6374 1.7985 3.6585 -1.5257 0.8735
Car -1 -1 3.4328 282.9221 190.8089 463.3106 257.2707 1.5017 1.5834 3.8832 -5.7171 1.9602 17.5776 3.1221 0.8175
Car -1 -1 -0.2682 756.1102 185.5551 885.5134 235.7699 1.4968 1.5212 3.6242 6.5089 1.9099 22.6697 0.0072 0.7534
Car -1 -1 -2.9126 469.5784 188.3566 544.4880 217.5239 1.5634 1.6167 3.9178 -5.8087 2.4590 40.6866 -3.0541 0.7533
Car -1 -1 3.2931 389.0922 181.0746 502.4375 223.4053 1.5219 1.5648 3.9770 -6.1663 1.8429 27.2149 3.0719 0.7524
Car -1 -1 -2.2003 0.0000 221.6829 189.5939 375.0000 1.4528 1.6213 4.1597 -5.5575 1.8810 5.2093 -2.9925 0.7400
