Car -1 -1 -2.7227 194.2864 182.9238 404.8896 255.8043 1.4599 1.5929 3.8487 -6.6181 1.6886 15.5198 -3.1201 0.9620
Car -1 -1 -1.7617 661.7443 177.5552 752.2002 245.2389 1.7151 1.7464 4.3570 2.6195 1.8657 20.8243 -1.6392 0.9480
Car -1 -1 0.3975 253.2584 180.7168 450.8722 251.7408 1.6372 1.6635 4.2835 -6.3179 1.8420 17.8021 0.0606 0.7774
Car -1 -1 -1.7080 646.8751 180.9171 695.5409 219.3783 1.5426 1.6104 3.7645 2.5845 1.9184 31.6698 -1.6280 0.7728
Car -1 -1 -2.7302 306.5460 185.1019 463.9890 240.6154 1.4507 1.5854 3.9259 -6.3115 1.8129 20.3071 -3.0284 0.7589
Car -1 -1 -2.8794 365.4643 177.4711 483.7249 225.1843 1.5977 1.6214 3.6991 -6.4445 1.7643 25.1547 -3.1282 0.7544
Car -1 -1 1.3796 629.3974 178.5961 666.6219 207.0857 1.6159 1.5692 3.6631 2.2209 1.9787 43.6210 1.4296 0.7365
Car -1 -1 -2.9060 433.8998 179.6663 518.4741 213.8198 1.5676 1.6238 3.6863 -6.3747 1.9012 34.3864 -3.0884 0.6092
Car -1 -1 0.2347 368.8930 169.1979 501.1609 218.0062 1.7902 1.7506 4.5886 -6.5929 1.6565 27.3377 -0.0002 0.5959
Car -1 -1 -1.3168 441.6410 173.7514 500.4149 213.0970 1.5699 1.6285 3.4700 -5.8773 1.6106 30.6531 -1.5051 0.5082
Car -1 -1 -2.7539 333.5320 182.6152 462.4181 232.4284 1.4983 1.5626 3.6291 -6.7661 1.8236 23.0456 -3.0369 0.4737
Car -1 -1 -2.7776 0.0000 0.0000 1237.8513 375.0000 1.5674 1.5900 3.8471 2.7819 1.6477 1.5861 -1.8030 0.4198
