Pedestrian -1 -1 -1.6138 660.7279 163.6506 699.9597 250.0620 1.6531 0.7292 0.6737 1.4997 1.3129 14.0959 -1.5151 0.8020
Pedestrian -1 -1 -3.1978 1027.0983 123.7755 1173.0164 332.1440 1.6581 0.6428 0.9849 4.2264 1.2001 6.2356 -2.6268 0.7778
Pedestrian -1 -1 1.7110 507.1057 159.1411 533.5046 218.0946 1.7837 0.6917 0.9409 -2.5276 1.1083 22.2091 1.5939 0.7029
Pedestrian -1 -1 0.4920 164.9050 160.0192 227.6208 268.2193 1.6953 0.5146 0.7186 -6.5288 1.3600 11.5166 -0.0195 0.6880
Pedestrian -1 -1 -1.9329 27.0265 160.6509 165.0775 374.0000 1.6121 0.6063 0.7524 -3.7561 1.4740 5.2669 -2.5356 0.6797
Pedestrian -1 -1 1.5987 778.5485 138.2482 840.5359 290.7938 1.7427 0.6881 0.9227 2.4868 1.2499 8.7445 1.8624 0.6567
Pedestrian -1 -1 -1.3090 607.8356 161.9115 627.4105 203.8824 1.7915 0.6657 0.8101 0.6914 0.9563 31.1397 -1.2920 0.6187
Pedestrian -1 -1 -2.8241 616.2341 157.4104 643.4722 216.9792 1.7689 0.6793 0.6484 0.8368 1.0547 21.7588 -2.7913 0.5838
Pedestrian -1 -1 -2.3212 592.1060 158.4506 622.7788 214.8560 1.7368 0.5973 0.7730 0.1605 1.0282 22.6022 -2.3193 0.5138
Pedestrian -1 -1 1.4474 226.5623 161.1258 285.6543 291.9920 1.6808 0.6351 0.7230 -4.7150 1.4204 9.6992 0.9998 0.4952
Pedestrian -1 -1 -1.7477 120.1254 161.6770 161.9255 245.6678 1.7051 0.5967 0.8684 -9.7220 1.3039 15.1015 -2.3170 0.4091
Pedestrian -1 -1 -1.1636 342.9352 162.9466 379.9030 229.9502 1.7461 0.6620 0.8321 -6.4244 1.2638 19.1591 -1.4882 0.3897
Pedestrian -1 -1 -1.2548 282.9643 174.1121 318.6031 237.9746 1.6559 0.6476 0.8340 -8.0016 1.4655 19.0650 -1.6526 0.3886
Pedestrian -1 -1 2.0697 737.1353 170.5806 786.5222 256.9573 1.6262 0.6790 0.7284 3.0933 1.4219 14.0186 2.2775 0.3606
Pedestrian -1 -1 -2.1279 83.3008 136.4619 126.9250 211.4668 1.8089 0.6680 0.6063 -12.2932 0.7239 17.7485 -2.7317 0.3197
Pedestrian -1 -1 -3.0694 654.5111 157.5855 676.3961 199.9530 1.7393 0.5745 0.8702 2.6464 0.7585 29.8384 -2.9866 0.2655
Pedestrian -1 -1 0.4835 1101.3311 133.2424 1238.0000 275.6207 1.7685 0.5361 1.7034 7.8412 1.1705 9.8059 1.1399 0.1823
Cyclist -1 -1 0.4881 1097.0054 131.4079 1238.0000 277.6905 1.8120 0.5517 1.7767 7.8291 1.1929 9.8183 1.1431 0.3830
Cyclist -1 -1 -1.3259 501.9240 171.1428 517.9452 204.9894 1.6278 0.4435 1.4784 -4.4977 1.1306 35.3038 -1.4568 0.2868
Cyclist -1 -1 -3.2705 1020.9946 122.5720 1172.7040 331.6033 1.6721 0.6478 0.9927 4.2068 1.2021 6.2478 -2.7025 0.1368
Cyclist -1 -1 -1.5004 120.5075 161.7097 160.0948 245.4425 1.6977 0.6393 0.8975 -9.7232 1.2977 15.1085 -2.0696 0.1050
Cyclist -1 -1 1.6589 507.6539 160.1492 532.1666 220.5509 1.8223 0.6753 0.9592 -2.5343 1.1793 22.1593 1.5412 0.1044
Car -1 -1 1.8040 360.1010 142.9640 483.9011 237.5365 2.0076 1.8793 4.7377 -4.2315 1.1908 17.6195 1.5664 0.8037
Car -1 -1 1.6981 441.1542 157.1102 509.7602 219.5004 1.9032 1.7269 4.4837 -4.1583 1.1603 24.1891 1.5245 0.7342
