Pedestrian -1 -1 0.0253 600.4352 167.9911 619.6518 192.1367 1.9083 0.5499 1.5138 -0.0180 1.5243 57.3157 0.0246 0.2290
Pedestrian -1 -1 -3.1437 1061.4434 191.8284 1087.5887 245.8951 1.8018 0.7721 0.7498 16.0045 2.4720 24.9395 -2.5794 0.1121
Cyclist -1 -1 0.0661 600.3660 167.7751 619.4688 192.0107 1.9150 0.5296 1.4866 -0.0285 1.5140 57.3232 0.0652 0.3163
Cyclist -1 -1 1.6135 402.1567 176.0883 416.1320 208.6368 1.6868 0.6429 1.7885 -10.7515 1.8641 38.5223 1.3427 0.2709
Cyclist -1 -1 -2.0152 947.7109 181.2504 974.9093 222.4263 1.7324 0.4021 1.6195 15.2803 2.1087 31.4955 -1.5678 0.1516
Cyclist -1 -1 -1.9550 837.1396 169.0656 856.0599 200.7220 1.7206 0.4581 1.5113 13.0673 1.5151 39.9851 -1.6417 0.1296
Car -1 -1 -1.5338 584.4378 181.1908 617.9774 212.0876 1.4953 1.6247 3.5502 -0.4552 1.9518 37.6797 -1.5464 0.9352
Car -1 -1 -1.5326 533.1479 180.8038 561.1335 205.3581 1.4605 1.6387 3.9273 -4.0190 1.9921 46.2125 -1.6193 0.8840
Car -1 -1 1.9561 270.7697 180.3364 331.0831 210.2813 1.4457 1.5405 3.9059 -16.1384 1.8582 37.7785 1.5546 0.8743
Car -1 -1 -0.0393 584.8232 171.9210 636.0283 193.9110 1.7179 1.5699 4.0002 -0.0161 1.6453 57.2280 -0.0400 0.1744
Car -1 -1 2.1461 157.3375 177.5126 234.2622 208.2709 1.3658 1.5306 3.4643 -19.6682 1.5994 34.3480 1.6292 0.1029
