Pedestrian -1 -1 -1.2142 135.1930 182.4524 201.8279 303.9811 1.6296 0.6063 0.6447 -6.2202 1.7693 10.1035 -1.7548 0.6681
Pedestrian -1 -1 3.1623 520.2001 174.6305 530.8876 198.5522 1.8252 0.5133 0.8049 -6.5073 1.9627 55.3877 3.0455 0.4172
Car -1 -1 1.9815 127.1772 176.3105 394.4568 346.8244 1.7570 1.6027 4.0009 -4.2896 1.8125 9.5161 1.5676 0.9787
Car -1 -1 -2.0103 791.2371 176.4103 1194.4858 375.0000 1.4696 1.5828 3.7749 2.9386 1.5121 6.6175 -1.6098 0.9632
Car -1 -1 -1.8395 721.1771 167.3598 883.5084 272.9981 1.5525 1.6220 4.1439 3.1045 1.4721 12.7004 -1.6060 0.9606
Car -1 -1 -1.6571 496.0855 179.4663 527.8046 206.2632 1.5432 1.6300 3.5258 -6.0988 1.9677 44.3850 -1.7933 0.8977
Car -1 -1 2.2710 0.0000 178.6438 156.1706 375.0000 1.5726 1.5753 3.7293 -4.3780 1.6205 3.9827 1.4715 0.8287
Car -1 -1 1.3989 628.1074 172.2452 665.7570 200.2151 1.5543 1.5619 3.7474 2.0723 1.5209 42.0499 1.4473 0.5709
Car -1 -1 -1.6386 659.9469 168.1821 710.6912 214.7161 1.6570 1.6476 3.9812 2.7785 1.4910 27.7041 -1.5403 0.4702
Car -1 -1 -1.7967 601.1522 171.5269 635.8935 195.0111 1.5221 1.5546 3.6728 0.5063 1.4364 48.7233 -1.7868 0.3591
Car -1 -1 -1.6850 578.9969 174.4986 603.3048 193.8228 1.5664 1.6215 3.7811 -1.6409 1.7099 60.8086 -1.7122 0.2991
