Pedestrian -1 -1 1.0289 732.6994 158.0213 810.6138 282.8704 1.7895 0.7305 0.9973 2.5163 1.4543 10.8831 1.2453 0.8641
Pedestrian -1 -1 -1.4318 506.6502 172.9828 525.4653 213.3368 1.7656 0.7139 0.9202 -3.7983 1.3939 31.8933 -1.5545 0.5804
Pedestrian -1 -1 1.7609 454.7319 163.3362 475.3971 215.4809 1.7389 0.5810 0.6259 -4.6271 1.1343 24.2655 1.5694 0.3986
Pedestrian -1 -1 -0.9961 399.6866 170.8734 430.4023 225.2089 1.6539 0.5753 0.8166 -5.8185 1.3316 22.3409 -1.2532 0.3632
Pedestrian -1 -1 3.7006 0.0000 147.4086 56.8551 308.1891 1.7838 0.4651 0.7648 -6.8619 1.4069 8.2456 3.0164 0.2764
Pedestrian -1 -1 -0.9126 384.8321 163.6082 410.5440 215.3329 1.7645 0.6356 0.5803 -7.0811 1.1552 24.8893 -1.1921 0.2597
Pedestrian -1 -1 1.8669 414.6041 182.2624 433.4733 225.0872 1.6619 0.5381 0.7160 -6.9933 1.6933 28.2584 1.6212 0.2585
Pedestrian -1 -1 0.2173 564.2354 167.7191 582.3624 199.3419 1.8219 0.4686 0.9750 -1.6306 1.0287 41.6990 0.1735 0.2519
Pedestrian -1 -1 0.3738 193.8226 191.7794 307.6478 341.7782 1.6260 0.6312 1.0048 -4.0175 1.7496 8.1856 -0.0762 0.2472
Pedestrian -1 -1 1.6476 531.9738 169.3336 542.9250 200.0956 1.7932 0.5818 0.8788 -3.7642 1.0848 42.3154 1.5544 0.2458
Pedestrian -1 -1 2.9803 543.1451 170.6095 558.2043 196.0412 1.8572 0.4059 1.0509 -3.7132 1.0625 52.7751 2.9054 0.2431
Pedestrian -1 -1 0.0322 337.0487 141.3440 392.7954 238.9467 1.8042 0.7295 0.9900 -4.5561 1.0632 13.7658 -0.2870 0.2244
Pedestrian -1 -1 1.9440 141.4603 78.1348 273.6498 289.4813 1.7739 0.5262 1.6584 -3.7453 0.9077 6.8804 1.4559 0.1027
Cyclist -1 -1 1.5436 783.4824 163.9591 814.6600 247.8123 1.6559 0.5597 1.7221 4.0935 1.3107 15.0844 1.7988 0.4174
Cyclist -1 -1 1.9143 134.0170 65.9835 263.0755 287.9653 1.8123 0.5045 1.6683 -3.7457 0.8706 6.7249 1.4171 0.2420
Car -1 -1 1.8290 245.4650 185.7480 529.9547 374.0000 1.4977 1.6340 4.3493 -1.8663 1.5566 7.5438 1.5882 0.9224
Car -1 -1 -1.6150 601.2736 127.6338 686.1795 223.8142 2.2572 1.9837 5.1269 0.9605 0.9943 19.4197 -1.5713 0.4709
Car -1 -1 1.8942 573.4128 174.1991 611.9094 197.5612 1.5545 1.5748 3.7543 -0.5542 1.0694 49.8231 1.8782 0.2476
