Pedestrian -1 -1 -0.1661 999.4985 134.9821 1106.8597 287.2411 1.7980 0.6213 1.0338 5.5110 1.2622 8.8238 0.3780 0.8298
Pedestrian -1 -1 3.0435 617.9614 135.0784 729.7051 309.2948 1.8607 0.6515 1.1755 0.6922 1.3773 7.8795 3.1297 0.8179
Pedestrian -1 -1 -2.3310 163.6026 172.5248 233.8519 278.4508 1.7038 0.6137 0.8319 -6.8106 1.5772 11.7839 -2.8417 0.6431
Pedestrian -1 -1 -3.0329 606.9736 149.2013 677.2670 294.1092 1.7175 0.5706 0.8117 0.4198 1.3482 8.7204 -2.9845 0.3642
Pedestrian -1 -1 -2.0790 273.3929 177.5947 323.8461 259.9378 1.6255 0.5979 0.8795 -6.3101 1.5697 14.4582 -2.4808 0.3202
Pedestrian -1 -1 -0.7567 785.2802 162.4722 804.3503 195.9444 1.7730 0.6431 0.7508 10.1659 0.8195 37.9093 -0.4950 0.3019
Pedestrian -1 -1 -1.3454 117.4812 153.5308 138.2549 194.1331 1.9647 0.6986 0.7213 -23.4070 0.6611 34.6685 -1.9330 0.2797
Pedestrian -1 -1 -0.0175 772.0404 157.8720 796.5180 189.3578 1.7884 0.5556 1.3511 10.2755 0.5045 40.5793 0.2305 0.2419
Pedestrian -1 -1 -0.2822 816.5785 150.4724 942.3409 258.6703 1.6989 0.6493 1.7934 4.3810 1.2291 11.4879 0.0748 0.1154
Cyclist -1 -1 -0.2190 819.4790 152.3091 942.8757 261.2107 1.7012 0.6881 1.7584 4.4093 1.2625 11.5034 0.1397 0.9200
Cyclist -1 -1 -1.9792 977.2195 139.7421 1027.0328 208.5801 1.7242 0.4619 1.7773 10.3877 0.7049 18.6109 -1.4755 0.4402
Cyclist -1 -1 -0.2228 995.6212 134.3113 1108.3734 287.2644 1.8130 0.6126 1.0746 5.5034 1.2672 8.8357 0.3201 0.2290
Cyclist -1 -1 -0.0175 772.0404 157.8720 796.5180 189.3578 1.7884 0.5556 1.3511 10.2755 0.5045 40.5793 0.2305 0.1591
Cyclist -1 -1 -2.3173 164.9212 171.6532 236.9420 277.6099 1.7030 0.5897 0.9019 -6.7725 1.5624 11.7792 -2.8258 0.1464
Cyclist -1 -1 3.0545 618.0443 138.7311 724.7078 308.8095 1.8244 0.6909 1.1284 0.6686 1.3780 7.9271 3.1374 0.1044
Car -1 -1 -3.6072 967.6385 157.3060 1097.3524 198.9264 1.6316 1.6768 4.2013 17.2425 0.7239 28.7012 -3.0694 0.8542
Car -1 -1 -0.8795 0.0000 205.4478 288.8161 370.0000 1.4832 1.5958 3.8951 -3.1595 1.6708 3.2970 -1.5954 0.8121
Car -1 -1 1.7990 446.5519 171.2105 487.0587 198.0830 1.5907 1.6214 3.8676 -8.5136 1.0422 43.8138 1.6102 0.6403
