Pedestrian -1 -1 1.3441 724.2571 169.3169 785.0167 285.8463 1.7063 0.7632 0.6514 2.2581 1.5292 10.8532 1.5387 0.8129
Pedestrian -1 -1 1.7663 428.8083 172.4593 453.1707 229.6174 1.7690 0.6082 0.8057 -5.0772 1.4903 22.6401 1.5429 0.6323
Pedestrian -1 -1 -1.4968 368.2824 170.0898 391.0439 224.4612 1.7781 0.6672 0.8763 -7.4246 1.4061 23.9914 -1.7990 0.5475
Pedestrian -1 -1 1.5718 504.4688 175.8791 521.1198 217.5579 1.8148 0.7207 0.8626 -3.9332 1.5710 31.7481 1.4444 0.5431
Pedestrian -1 -1 1.8529 394.1474 177.3947 419.0194 230.4088 1.6289 0.5791 0.7037 -6.1047 1.5039 22.4249 1.5848 0.5250
Pedestrian -1 -1 1.4498 558.2760 173.2632 568.9344 203.7133 1.7575 0.5211 0.8208 -2.2085 1.2829 41.9081 1.3924 0.2858
Pedestrian -1 -1 -1.4110 284.6492 170.9771 322.3465 250.8656 1.6597 0.5645 1.2672 -6.4918 1.4423 15.6030 -1.8047 0.2505
Pedestrian -1 -1 1.9909 521.5892 175.5825 538.2739 205.5858 1.7473 0.6561 0.9419 -4.2128 1.4034 42.3798 1.8873 0.2255
Cyclist -1 -1 -1.4748 0.0000 188.5322 63.7988 339.0995 1.7462 0.5407 1.9599 -7.4995 1.8490 9.3897 -2.1411 0.5853
Cyclist -1 -1 2.2801 298.4617 138.1752 392.9747 240.8345 1.7298 0.6538 1.7176 -4.6317 1.0010 13.0199 1.9395 0.5049
Cyclist -1 -1 1.9464 59.7518 38.3686 228.7782 265.2289 1.6680 0.5801 1.8243 -3.9040 0.6170 6.2272 1.4001 0.3625
Cyclist -1 -1 -1.4110 284.6492 170.9771 322.3465 250.8656 1.6597 0.5645 1.2672 -6.4918 1.4423 15.6030 -1.8047 0.1692
Car -1 -1 2.0140 0.0000 197.6861 475.0982 374.0000 1.4859 1.6214 3.8949 -2.0538 1.6336 4.5195 1.6015 0.8289
Car -1 -1 -1.6522 589.5963 141.2217 677.4576 235.3551 2.1354 1.8325 4.7123 0.6617 1.2229 18.6934 -1.6226 0.4545
Car -1 -1 3.6782 0.0000 64.7897 201.6777 329.2113 1.5123 1.6009 4.0741 -5.5321 0.8462 5.3750 2.8973 0.2380
