Pedestrian -1 -1 -1.5213 868.9818 160.8464 889.8943 206.9717 1.7868 0.7427 0.6607 10.5652 1.3220 28.3979 -1.1689 0.3079
Pedestrian -1 -1 -1.5805 545.6785 166.6978 568.0593 229.7564 1.8031 0.6392 0.6449 -1.5956 1.6275 20.9778 -1.6562 0.2579
Pedestrian -1 -1 -0.1682 696.3970 170.6818 731.5168 233.0773 1.7914 0.5470 0.9311 2.9727 1.7294 21.0004 -0.0303 0.2177
Pedestrian -1 -1 0.2533 726.2900 179.7477 751.6858 226.8896 1.7168 0.7186 0.7793 4.7699 1.9790 26.9057 0.4261 0.2131
Pedestrian -1 -1 1.4839 522.5308 148.7843 540.5052 194.8800 1.8974 0.6908 0.6461 -3.3168 0.9070 30.0812 1.3747 0.1814
Cyclist -1 -1 -3.4886 1166.1102 159.7218 1242.0000 235.5166 1.6285 0.6438 1.6925 13.4931 1.3467 16.0871 -2.8000 0.3043
Car -1 -1 -2.2427 32.5443 171.8899 301.9742 288.8475 1.9079 1.8189 4.6001 -8.2773 1.8925 13.4190 -2.7869 0.9639
Car -1 -1 1.4005 369.1634 184.5065 446.3210 238.2518 1.4576 1.6515 4.1573 -6.5091 1.8617 22.7645 1.1245 0.9143
Car -1 -1 1.5922 295.8000 181.1529 349.0500 230.9072 1.4060 1.4572 3.3130 -9.0791 1.6893 22.7958 1.2168 0.6766
Car -1 -1 -2.7621 434.8650 152.4369 533.3069 186.8705 1.4735 1.5871 4.0072 -5.6110 0.6001 32.0620 -2.9342 0.5144
Car -1 -1 1.5874 746.5917 157.9864 793.2094 206.5775 1.8029 1.7009 4.2285 6.4115 1.2516 29.0219 1.8023 0.2282
