Pedestrian -1 -1 1.9955 980.4889 149.0440 1030.4785 245.0410 1.7270 0.5810 0.7074 7.3070 1.2990 13.4236 2.4843 0.4428
Pedestrian -1 -1 -1.9432 683.4019 172.1658 708.1437 218.6295 1.7739 0.6750 0.8915 3.2875 1.7480 28.0616 -1.8284 0.4265
Cyclist -1 -1 -1.7786 730.3981 165.1057 754.2521 211.6227 1.7106 0.4997 1.9206 4.9846 1.4260 27.4978 -1.6017 0.5196
Car -1 -1 1.4557 456.0760 179.3442 502.8181 217.6250 1.3990 1.4555 3.3199 -5.2939 1.6744 28.7759 1.2749 0.9240
Car -1 -1 1.8978 56.8269 179.7903 171.8835 239.3963 1.6363 1.7358 3.9903 -15.3041 1.8733 22.4590 1.3049 0.9021
Car -1 -1 0.7846 337.6620 181.4499 423.9922 212.4373 1.4632 1.6215 4.2997 -11.7184 1.9215 36.7237 0.4774 0.8971
Car -1 -1 -1.1632 0.0000 183.2018 109.2368 237.7758 1.5366 1.6282 4.1712 -18.0937 1.9041 23.3766 -1.8165 0.8589
Car -1 -1 -0.4507 635.3718 174.3651 700.4822 195.8928 1.4723 1.6356 4.3165 4.0757 1.5829 51.1078 -0.3720 0.8542
Car -1 -1 -0.5422 525.6901 176.0495 594.7506 200.6819 1.5472 1.6999 4.3000 -3.2995 1.7676 47.7498 -0.6112 0.7859
Car -1 -1 2.3064 0.0000 190.3567 102.0344 375.0000 1.5191 1.6254 3.9711 -5.9382 1.6993 5.3729 1.4958 0.6774
Car -1 -1 -2.4170 1015.6011 200.8713 1242.0000 375.0000 1.4759 1.5706 3.6564 2.7422 1.6220 1.8838 -1.5193 0.5060
