Car -1 -1 1.9983 137.4451 189.7421 391.4316 338.9503 1.5975 1.6522 3.9261 -4.5692 1.8815 10.1430 1.5841 0.9718
Car -1 -1 1.8513 324.8040 185.8021 465.1958 278.0177 1.5990 1.6697 4.3355 -4.3967 1.9127 15.2896 1.5751 0.9661
Car -1 -1 -1.6594 708.4561 171.6154 765.0605 223.0013 1.8873 1.8008 4.5386 4.9316 1.8421 28.8303 -1.4923 0.9016
Car -1 -1 1.7538 464.1986 187.4587 529.5656 235.7216 1.4525 1.5419 3.8481 -3.8527 1.9950 24.8360 1.6008 0.8951
Car -1 -1 1.7944 413.8125 189.3997 502.6541 250.6782 1.4628 1.5967 3.9217 -4.1912 1.9733 20.2662 1.5923 0.8911
Car -1 -1 3.6225 149.1890 181.1455 273.1194 222.3245 1.5897 1.7007 4.0501 -16.0531 1.9347 29.1004 3.1220 0.8304
Car -1 -1 1.7373 574.7987 179.2144 606.8132 203.4980 1.6264 1.6431 4.0344 -1.3577 2.0997 51.5411 1.7106 0.6390
Car -1 -1 -2.5190 369.3200 168.3255 455.5245 203.5987 1.5708 1.6024 3.6042 -9.2084 1.3695 33.5084 -2.7855 0.3947
Car -1 -1 1.8925 371.9557 180.6444 418.4328 207.6089 1.5117 1.5544 3.8198 -12.9245 2.0027 43.5029 1.6050 0.3681
Car -1 -1 -0.3070 843.4200 149.6031 927.9057 177.2900 1.5065 1.6397 4.0891 15.2644 0.2417 40.1860 0.0536 0.3411
