Pedestrian -1 -1 -2.8608 508.4678 155.7198 616.6919 325.1949 1.7787 0.6502 1.0642 -0.4641 1.5095 7.9693 -2.9232 0.8740
Pedestrian -1 -1 -2.0303 734.8268 168.8844 854.5488 374.0000 1.5913 0.6397 0.8436 1.5281 1.4962 5.9724 -1.7963 0.7431
Pedestrian -1 -1 -1.6917 421.8158 167.7499 479.6136 295.8971 1.6505 0.6616 0.8936 -2.1107 1.4748 9.7801 -1.9046 0.7413
Pedestrian -1 -1 -1.6703 504.1374 158.1550 550.5211 263.6172 1.6655 0.6750 0.8091 -1.2715 1.2982 11.8079 -1.7807 0.7296
Pedestrian -1 -1 -3.2219 681.9488 160.7154 772.7667 326.1485 1.6565 0.6169 0.8794 1.2501 1.4497 7.5297 -3.0689 0.6764
Pedestrian -1 -1 0.0177 548.5684 159.0370 588.6677 261.9948 1.8372 0.7427 0.7156 -0.6400 1.4376 13.1992 -0.0353 0.5369
Pedestrian -1 -1 3.0133 623.2935 159.4836 704.3290 283.8354 1.7449 0.7105 1.0856 0.8458 1.4373 10.4619 3.0863 0.5331
Pedestrian -1 -1 1.2655 441.9073 174.3589 486.4915 268.0531 1.6646 0.6196 0.7053 -2.5711 1.5390 13.2173 1.0714 0.5195
Pedestrian -1 -1 0.5063 549.6620 170.9879 628.5527 305.6267 1.6603 0.5834 0.8472 -0.2025 1.5321 9.3099 0.4792 0.5083
Pedestrian -1 -1 2.4777 67.1611 146.8845 131.8229 251.6675 1.7162 0.5530 0.7099 -8.5458 1.1506 12.1838 1.8709 0.4892
Pedestrian -1 -1 -1.6043 318.8059 158.5984 357.9257 251.0841 1.7820 0.7070 0.6319 -5.2682 1.3420 14.2644 -1.9576 0.4198
Pedestrian -1 -1 -3.1894 650.8776 150.6797 680.0142 209.1630 1.7846 0.5734 0.8665 1.9466 0.8453 22.2188 -3.1080 0.4136
Pedestrian -1 -1 -1.7849 587.2250 163.5028 612.7498 209.9977 1.7512 0.8129 0.8473 -0.0809 1.0744 27.5553 -1.7929 0.3727
Pedestrian -1 -1 1.6780 616.8342 167.4383 636.4952 213.1219 1.8129 0.7109 0.8549 1.0053 1.2559 28.9749 1.7072 0.2912
Pedestrian -1 -1 -1.6084 372.6265 144.7564 388.5760 185.7630 1.9325 0.6991 0.7147 -10.5586 0.2018 34.3027 -1.9095 0.2805
Pedestrian -1 -1 -0.1038 733.1953 141.9716 780.8651 193.5168 1.7349 0.5980 1.5340 5.2817 0.4055 24.5496 0.1010 0.1668
Cyclist -1 -1 -0.0433 733.6589 142.2238 781.9199 193.7156 1.7283 0.6184 1.5801 5.3036 0.4111 24.5406 0.1625 0.5636
Cyclist -1 -1 -2.0603 535.4684 159.8947 563.2357 195.8086 1.7546 0.6039 1.8024 -2.6302 0.6999 36.0136 -2.1376 0.2928
Cyclist -1 -1 3.0392 621.5649 157.9549 704.4617 284.2982 1.7739 0.7320 1.1254 0.8328 1.4446 10.4661 3.1109 0.1659
Cyclist -1 -1 -2.8878 507.4879 154.5830 616.8438 323.1945 1.7741 0.6618 1.0862 -0.4678 1.4922 7.9834 -2.9506 0.1344
Cyclist -1 -1 0.0301 542.3266 162.2421 593.7346 266.3742 1.8469 0.7833 0.9118 -0.6430 1.5066 13.1398 -0.0235 0.1059
Car -1 -1 1.6671 440.1335 173.4122 519.0601 238.1759 1.4902 1.6235 4.2895 -3.0878 1.3053 18.7222 1.5006 0.8919
Car -1 -1 0.0624 301.6132 171.7324 383.7056 202.2716 1.4578 1.5038 3.7391 -12.7387 0.9925 35.5343 -0.2844 0.3096
