Pedestrian -1 -1 -2.3480 75.7701 132.0222 150.7146 243.3989 1.8497 0.6513 0.8510 -8.5677 1.1720 12.3836 -2.9433 0.3535
Pedestrian -1 -1 1.9076 450.6417 169.1665 472.3279 208.9430 1.7197 0.5804 1.1780 -6.5814 1.5607 31.8156 1.7048 0.2675
Pedestrian -1 -1 1.4972 193.3462 162.2817 224.5948 232.1239 1.7975 0.6749 0.6771 -10.6316 1.5258 19.0350 0.9935 0.2231
Pedestrian -1 -1 3.2816 69.5540 173.9235 107.5313 262.6954 1.7675 0.6285 0.5450 -10.7220 1.7903 14.7776 2.6622 0.1892
Cyclist -1 -1 -1.2722 450.9477 170.5050 471.3302 209.9178 1.7025 0.5519 1.1983 -6.5912 1.6014 31.7880 -1.4755 0.1457
Car -1 -1 1.8543 320.5797 185.3027 471.2455 280.1450 1.4999 1.6581 4.1972 -4.0080 1.7794 14.0681 1.5809 0.9407
Car -1 -1 -1.5980 626.6389 169.6538 677.0383 218.8517 1.4822 1.5180 3.4987 1.2580 1.3862 23.5037 -1.5459 0.9227
Car -1 -1 1.7608 478.8425 175.1448 539.2560 215.2131 1.4958 1.6708 4.1426 -4.0552 1.5959 29.2876 1.6240 0.8511
Car -1 -1 2.4380 0.0000 208.7313 120.5993 375.0000 1.5261 1.6062 3.9395 -3.9047 1.7585 2.6489 1.5104 0.6386
Car -1 -1 2.6450 584.5862 172.2035 639.0950 194.3289 1.5983 1.6436 3.7266 0.1161 1.5516 53.7273 2.6468 0.2309
Car -1 -1 -2.7999 392.9588 158.9064 493.1647 199.2373 1.9738 1.7722 4.6060 -8.4302 1.2916 36.4561 -3.0259 0.1878
