Pedestrian -1 -1 -1.9717 1059.7798 165.9573 1085.6643 211.1205 1.8206 0.6769 0.6772 18.8537 1.5429 29.4726 -1.4076 0.1371
Pedestrian -1 -1 1.1332 911.2732 141.4978 964.5715 237.1350 1.8839 0.6546 0.9139 6.6030 1.2666 14.6746 1.5481 0.1211
Pedestrian -1 -1 3.5524 278.8610 169.1930 295.2352 196.2077 1.8302 0.5188 0.8845 -22.0240 1.5825 49.1431 3.1329 0.1045
Cyclist -1 -1 -1.2386 135.9291 167.5388 160.0150 205.6707 1.7975 0.4884 1.5787 -22.3328 1.5473 34.8350 -1.8054 0.2042
Cyclist -1 -1 -1.7032 846.3775 189.2374 857.3101 215.9891 1.6226 0.4492 1.5377 15.2251 2.6750 45.5346 -1.3832 0.1895
Cyclist -1 -1 -2.3252 885.2551 182.4427 914.0504 215.3753 1.7277 0.5583 1.5166 15.6605 2.2588 39.1277 -1.9477 0.1433
Car -1 -1 -1.6316 573.5107 179.5702 610.9517 209.2561 1.3793 1.6473 3.7906 -0.9804 1.7364 36.3690 -1.6589 0.8609
Car -1 -1 -1.5525 530.4955 178.6333 557.3840 202.7541 1.4454 1.6415 3.7544 -4.2171 1.8304 46.0918 -1.6436 0.8593
Car -1 -1 1.7075 417.3562 178.3500 440.3530 194.9531 1.4990 1.6099 3.8177 -17.1697 2.0359 68.4415 1.4624 0.1151
Car -1 -1 2.1289 78.0458 155.5049 159.5392 189.1360 1.5109 1.6180 3.4140 -23.1889 0.7318 34.1462 1.5359 0.1003
