Pedestrian -1 -1 -2.0565 686.2541 168.9249 713.6938 215.1853 1.7004 0.6288 0.9938 3.3291 1.5564 27.0957 -1.9362 0.6355
Pedestrian -1 -1 1.9398 1006.0084 144.8407 1053.1881 243.0876 1.6544 0.5237 0.6280 7.2471 1.1830 12.5492 2.4530 0.5063
Cyclist -1 -1 -2.0565 686.2541 168.9249 713.6938 215.1853 1.7004 0.6288 0.9938 3.3291 1.5564 27.0957 -1.9362 0.1275
Car -1 -1 1.9271 33.7717 178.3786 156.9979 241.9078 1.6819 1.6884 4.0012 -15.2857 1.8642 21.6211 1.3173 0.9459
Car -1 -1 2.7222 632.3295 173.2280 695.3448 195.7699 1.5198 1.6258 4.0574 3.7093 1.5469 50.1462 2.7952 0.9452
Car -1 -1 1.4988 450.1915 178.6748 496.8984 220.3719 1.4451 1.4900 3.4297 -5.2669 1.6812 27.3686 1.3100 0.9399
Car -1 -1 0.8250 337.3109 181.5293 424.6928 213.5129 1.4534 1.6343 4.2727 -11.3310 1.9021 35.5129 0.5179 0.8880
Car -1 -1 -1.0802 0.0000 182.5883 93.8175 235.4882 1.4395 1.6047 3.7887 -17.9422 1.7688 22.3768 -1.7503 0.7798
Car -1 -1 2.5304 522.9011 176.2097 591.6597 201.6893 1.5652 1.6734 4.2648 -3.4207 1.7927 46.8421 2.4575 0.7506
Car -1 -1 -0.8800 85.2929 188.0682 225.3004 248.7048 1.4403 1.4871 3.2611 -12.3268 1.8926 19.7149 -1.4330 0.4330
