Pedestrian -1 -1 1.5858 834.1411 127.6507 902.3094 304.6125 1.7150 0.6285 0.8891 2.7220 1.1945 7.4839 1.9180 0.8299
Pedestrian -1 -1 2.0509 580.8516 164.2410 657.1081 295.4095 1.7767 0.7125 1.0233 0.2230 1.5443 10.3471 2.0661 0.8097
Pedestrian -1 -1 1.9007 350.0924 148.8669 433.8945 310.3252 1.8391 0.7027 0.9508 -2.5493 1.4688 8.6709 1.6169 0.7563
Pedestrian -1 -1 2.2410 710.8376 149.9474 746.6841 212.2675 1.8319 0.6900 0.8457 3.8108 0.9055 21.6522 2.4081 0.7016
Pedestrian -1 -1 0.8175 6.2809 158.9948 130.9122 330.7498 1.7145 0.5515 0.9501 -5.6183 1.4912 7.5272 0.1870 0.6411
Pedestrian -1 -1 -1.7892 543.9504 166.5060 572.0412 225.9159 1.7879 0.6886 0.8602 -1.3718 1.3378 22.1243 -1.8556 0.6072
Pedestrian -1 -1 -1.6664 582.6904 168.5190 603.0439 227.4884 1.7656 0.5335 0.8901 -0.2958 1.3781 21.9775 -1.6849 0.5872
Pedestrian -1 -1 -1.8463 570.6542 166.6867 591.4976 210.8415 1.8114 0.7038 0.6869 -0.8669 1.2047 29.9008 -1.8802 0.5234
Pedestrian -1 -1 -1.7138 571.5672 168.8197 591.9178 220.7868 1.6458 0.5406 0.8163 -0.6670 1.2453 23.1960 -1.7474 0.4958
Pedestrian -1 -1 1.3676 951.3484 122.6371 1046.3558 315.4212 1.6669 0.5923 0.8546 3.6255 1.1593 6.6995 1.8421 0.4705
Pedestrian -1 -1 0.9614 480.1403 161.6221 511.7843 212.4725 1.7452 0.6343 1.0086 -3.7319 1.0641 25.2351 0.8110 0.4674
Pedestrian -1 -1 -1.8350 514.8940 166.8609 539.9286 219.3321 1.7075 0.6298 0.8256 -2.4900 1.2322 23.8725 -1.9430 0.4437
Pedestrian -1 -1 -3.0602 565.3646 169.7820 580.5377 203.7529 1.7391 0.6427 0.7371 -1.4740 1.1401 37.1075 -3.1047 0.4344
Pedestrian -1 -1 2.9065 503.7063 174.5273 517.6333 200.2332 1.7918 0.4680 0.8845 -6.3612 1.3064 50.4447 2.7767 0.4293
Pedestrian -1 -1 -2.0214 58.8943 202.8935 244.7479 374.0000 1.6266 0.8057 0.7001 -2.9628 1.7831 4.6771 -2.5685 0.3747
Pedestrian -1 -1 -1.9983 624.6390 165.1525 644.7430 205.6566 1.7283 0.6208 0.7276 1.4225 1.0317 31.1028 -1.9580 0.3439
Pedestrian -1 -1 -2.1027 822.3397 146.8999 869.8840 230.3000 1.6638 0.5929 0.8072 4.9882 0.9748 14.7863 -1.7878 0.2906
Pedestrian -1 -1 -1.9198 620.4934 164.5467 674.3467 246.8483 1.7301 0.6076 1.7897 0.9619 1.3749 16.0421 -1.8662 0.1412
Pedestrian -1 -1 1.0159 752.6522 151.0150 944.3588 374.0000 1.6931 0.5423 1.8164 1.8491 1.4870 5.8348 1.3040 0.1078
Cyclist -1 -1 1.8187 441.7678 165.4883 510.4063 292.2114 1.6911 0.5602 1.8481 -1.8385 1.4787 10.5254 1.6442 0.8968
Cyclist -1 -1 0.3448 469.1370 160.5130 518.6432 211.1974 1.7526 0.5476 1.6332 -3.8015 1.0280 25.2614 0.1920 0.5396
Cyclist -1 -1 -1.9198 620.4934 164.5467 674.3467 246.8483 1.7301 0.6076 1.7897 0.9619 1.3749 16.0421 -1.8662 0.4254
Cyclist -1 -1 1.0760 758.5118 157.9246 933.5939 374.0000 1.6752 0.4910 1.7951 1.8295 1.5161 5.8163 1.3619 0.3408
Cyclist -1 -1 -1.7254 673.8228 169.5627 689.7730 208.5282 1.6866 0.4134 1.8435 3.5593 1.1709 32.0208 -1.6206 0.3000
Cyclist -1 -1 2.4075 709.7072 150.3018 748.2354 212.8647 1.8393 0.6667 0.9400 3.8152 0.9232 21.6495 2.5748 0.1697
