Car -1 -1 -1.7878 692.2143 186.1487 793.6691 258.7805 1.4641 1.5822 3.5457 2.9639 1.8113 17.0132 -1.6193 0.9559
Car -1 -1 0.4848 73.1865 182.7005 358.9401 277.8283 1.4501 1.5417 3.8842 -6.4135 1.6238 11.9275 0.0003 0.9306
Car -1 -1 3.3555 321.7723 174.4918 464.2386 229.8284 1.5820 1.6501 3.8275 -6.4620 1.6337 21.6453 3.0682 0.9161
Car -1 -1 0.5633 0.0000 174.0887 327.7720 302.6819 1.5353 1.6866 4.2136 -6.1987 1.5533 9.4784 -0.0034 0.9046
Car -1 -1 3.7628 0.0000 184.0138 202.6432 352.8368 1.4350 1.6000 3.8774 -6.5528 1.5626 7.2425 3.0456 0.8820
Car -1 -1 0.3137 262.9281 171.9317 442.7229 246.8421 1.6539 1.5713 3.6230 -5.9188 1.6339 16.7523 -0.0215 0.8332
Car -1 -1 -2.2618 922.8834 174.7358 1242.0000 375.0000 1.5358 1.5725 3.6791 3.0691 1.5501 3.5064 -1.5843 0.8290
Car -1 -1 -0.2197 693.7957 177.6020 792.8138 212.7096 1.6310 1.6778 4.4198 6.3215 1.8659 34.7000 -0.0416 0.7871
Car -1 -1 -0.2155 764.5850 183.5657 880.2570 229.6998 1.4720 1.5958 3.4757 7.0502 1.8472 24.3441 0.0625 0.7416
Car -1 -1 0.2481 394.9319 165.2334 495.2177 203.7370 1.6002 1.6737 3.8910 -7.0431 1.2839 30.8706 0.0253 0.7402
Car -1 -1 0.4337 170.7810 188.8279 417.2261 270.2154 1.4954 1.6175 4.2468 -6.2640 1.8356 14.4730 0.0314 0.6828
Car -1 -1 3.1781 473.1945 173.6015 548.5323 204.6530 1.9134 1.8068 4.6320 -6.2580 1.9622 45.6413 3.0422 0.6454
