Cyclist -1 -1 -1.6656 992.6820 186.4939 1073.7740 373.3530 1.8759 0.5886 1.8590 4.7916 2.0526 8.3524 -1.1615 0.6294
Cyclist -1 -1 -3.2555 785.6498 200.9203 847.9280 259.1472 1.7247 0.6979 1.7803 6.3308 2.6123 22.3212 -2.9838 0.2529
Cyclist -1 -1 -1.8604 723.2257 153.2674 753.6029 209.1404 1.7178 0.4809 1.7019 4.0405 1.1160 23.0540 -1.6895 0.2073
Cyclist -1 -1 2.0673 274.4709 185.0756 298.2042 217.6238 1.6561 0.4847 1.5007 -17.0949 2.3140 38.0520 1.6473 0.1886
Cyclist -1 -1 1.4321 749.0999 167.5390 783.2228 248.7465 1.6920 0.4902 1.6924 3.3695 1.5816 15.8914 1.6364 0.1591
Car -1 -1 2.2468 0.0000 196.0163 149.7026 347.7476 1.4357 1.5650 3.6793 -7.8849 1.7923 9.2423 1.5545 0.8557
Car -1 -1 1.7376 493.5383 178.8207 522.5595 200.2261 1.5469 1.5618 3.9870 -7.7971 2.0210 55.2759 1.5977 0.5292
Car -1 -1 1.8904 284.6133 181.2957 346.7020 217.2455 1.6223 1.6152 4.1346 -14.4974 2.0647 35.6652 1.5065 0.3443
Car -1 -1 3.4752 0.0000 141.5239 120.4841 189.7607 1.4692 1.5889 4.0074 -18.4935 0.5153 23.3751 2.8114 0.1736
Car -1 -1 -1.6057 655.7054 187.0276 701.0710 229.0721 1.5025 1.6671 4.1076 2.6686 2.1194 29.2905 -1.5165 0.1685
