Pedestrian -1 -1 -1.5403 1014.2023 174.9339 1035.9138 230.5356 1.6634 0.5597 0.7179 12.6525 1.7287 22.0688 -1.0261 0.2734
Pedestrian -1 -1 -3.3347 758.5810 183.2799 778.3312 217.6155 1.7830 0.7472 0.8889 8.3216 2.3392 38.0803 -3.1219 0.2132
Pedestrian -1 -1 -1.4425 1143.8772 137.0723 1172.0627 190.6232 1.9061 0.7545 0.5267 19.8027 0.6328 26.1321 -0.7994 0.1160
Cyclist -1 -1 2.8895 754.8196 176.8652 776.9072 212.2042 1.8421 0.7286 0.9871 8.1849 2.0563 38.0811 3.0990 0.1277
Car -1 -1 -3.1993 974.9480 183.0702 1179.3661 254.4983 1.6228 1.7179 4.2737 11.8215 1.9128 18.6748 -2.6429 0.9354
Car -1 -1 -0.7501 710.2706 194.2553 784.5870 230.7208 1.6036 1.5117 3.4552 6.6672 2.6923 35.1258 -0.5649 0.8887
Car -1 -1 -1.6939 623.3282 180.4102 667.5910 223.6964 2.2551 1.9042 4.8970 1.9067 2.7110 40.9804 -1.6485 0.2441
Car -1 -1 1.4190 682.6354 153.2225 714.9651 179.5982 1.8099 1.7149 3.8589 6.2630 0.4631 51.4636 1.5393 0.1504
Car -1 -1 2.3447 658.9391 186.6719 707.1025 208.4866 1.5696 1.5511 3.7360 5.6601 2.6764 55.9800 2.4444 0.1409
Car -1 -1 1.8263 488.9852 180.4020 531.5084 209.0712 1.5572 1.5959 3.6075 -5.8005 2.0174 42.0678 1.6897 0.1099
