Pedestrian -1 -1 1.5451 376.6288 170.7912 392.8890 214.2064 1.8004 0.6345 0.7600 -9.5288 1.7152 30.3803 1.2433 0.2449
Pedestrian -1 -1 2.5939 196.8905 145.7631 250.3225 234.8085 1.8002 0.5800 0.8000 -8.1183 1.2528 15.0760 2.1070 0.2172
Pedestrian -1 -1 -3.2844 878.0465 150.9285 926.4984 215.4069 1.7824 0.6725 1.1822 8.2046 1.1767 20.4075 -2.9075 0.2167
Pedestrian -1 -1 -1.1300 76.1322 139.3137 121.5900 222.1002 1.7998 0.5827 0.6978 -11.4284 1.0710 16.0768 -1.7403 0.1805
Pedestrian -1 -1 -2.9510 805.6487 144.3231 847.4862 205.7065 1.8723 0.6248 1.1573 6.7228 1.0024 22.5479 -2.6651 0.1329
Pedestrian -1 -1 0.3189 396.9695 188.0793 424.4294 243.8314 1.6334 0.5323 0.6578 -6.0013 2.0949 21.5724 0.0501 0.1234
Pedestrian -1 -1 0.6478 964.2301 108.2915 1041.3838 220.4879 1.8043 0.5691 1.0005 6.5593 0.7664 12.1747 1.1319 0.1192
Cyclist -1 -1 -1.7624 744.9571 179.3402 759.3406 213.8158 1.6500 0.3799 1.6732 6.9836 1.9786 35.6809 -1.5713 0.1302
Cyclist -1 -1 -2.9510 805.6487 144.3231 847.4862 205.7065 1.8723 0.6248 1.1573 6.7228 1.0024 22.5479 -2.6651 0.1158
Car -1 -1 1.6370 578.4454 175.0238 603.3544 196.2366 1.4938 1.5908 3.7568 -1.4014 1.6596 53.1054 1.6103 0.6762
Car -1 -1 -1.3153 224.4431 156.8656 286.8148 194.0624 1.6290 1.6694 3.9019 -16.4887 0.9292 33.6728 -1.7677 0.1685
Car -1 -1 1.7473 332.3177 174.3729 361.9853 194.8149 1.6621 1.6624 4.1194 -22.2586 1.7958 61.1594 1.3994 0.1040
