Pedestrian -1 -1 -1.0805 270.6240 164.1145 336.5894 286.8470 1.7757 0.6830 0.6474 -4.6232 1.6496 10.7905 -1.4771 0.6884
Car -1 -1 -1.1987 126.5984 184.3817 474.0923 375.0000 1.5240 1.6298 4.3263 -2.7408 1.6784 7.4542 -1.5407 0.9606
Car -1 -1 -1.7375 659.5626 179.3243 737.0967 234.9810 1.4192 1.5843 3.7102 2.3938 1.6225 20.7314 -1.6249 0.9537
Car -1 -1 -1.7334 638.6824 179.6085 687.5781 216.0294 1.5417 1.6011 4.0794 2.3559 1.8748 33.4275 -1.6643 0.9006
Car -1 -1 -1.3556 330.5994 187.2629 475.3689 292.9413 1.4362 1.5676 3.5794 -3.3495 1.7153 12.1276 -1.6204 0.8874
Car -1 -1 -1.9945 781.7205 180.4278 1242.0000 375.0000 1.4878 1.6205 3.8015 2.4467 1.5625 5.1714 -1.5756 0.8835
Car -1 -1 -1.5753 528.9963 179.4756 566.5627 217.0836 1.6468 1.6853 4.4956 -3.0459 1.9870 34.7227 -1.6628 0.8817
Car -1 -1 -0.8350 0.0000 171.1869 290.3211 375.0000 1.5895 1.6317 3.7515 -2.7629 1.5884 2.5331 -1.6126 0.7207
Car -1 -1 -1.6989 625.3055 174.8566 656.8516 200.8503 1.7210 1.6747 4.0795 2.0902 1.8665 50.1976 -1.6580 0.6858
Car -1 -1 -1.3949 337.4026 188.2109 402.8331 237.9055 1.5123 1.5349 3.6031 -8.2763 2.0854 25.0152 -1.7118 0.4613
