Pedestrian -1 -1 2.7180 618.5099 168.1342 632.1966 190.1654 1.7947 0.5787 0.9711 1.2360 1.4106 59.2324 2.7384 0.1101
Pedestrian -1 -1 -0.6313 489.5885 172.1865 503.0279 198.4760 1.7019 0.7121 0.5540 -7.4623 1.6591 47.1559 -0.7878 0.1034
Cyclist -1 -1 1.6580 620.3829 170.9487 629.3912 192.5549 1.7479 0.6131 1.4864 1.2009 1.5941 59.1399 1.6778 0.1383
Car -1 -1 -1.5913 578.2151 172.0348 601.5280 193.3147 1.4772 1.5955 3.7852 -1.5091 1.4207 52.0142 -1.6205 0.6611
Car -1 -1 -1.5777 551.3381 171.9457 570.6351 189.9214 1.5183 1.6279 3.7039 -4.3052 1.4419 62.8488 -1.6462 0.3651
Car -1 -1 3.0300 479.7998 178.4036 533.0164 199.9175 1.5379 1.5513 3.7506 -7.7088 1.9586 53.4292 2.8870 0.2511
Car -1 -1 1.5475 304.3695 176.5245 327.7989 198.9785 1.7605 1.6958 4.0059 -24.2677 2.0744 59.4547 1.1613 0.1560
Car -1 -1 1.7922 331.1632 176.4679 377.9786 205.0602 1.4624 1.5666 4.0170 -13.9578 1.6712 39.5155 1.4545 0.1339
Car -1 -1 1.5238 927.6262 171.0534 949.8965 190.8356 1.7366 1.6400 4.0304 29.7988 1.5789 65.5143 1.9487 0.1336
Car -1 -1 2.1200 194.5671 188.6699 293.3643 230.4790 1.3909 1.5620 3.8554 -13.8641 2.0375 27.4918 1.6564 0.1169
Car -1 -1 -1.5623 450.5456 179.1427 475.7900 204.3629 1.5664 1.5770 3.8849 -9.7586 2.0022 47.8954 -1.7626 0.1063
