Car -1 -1 -1.9021 743.7110 178.3677 968.3186 312.8680 1.4391 1.5997 3.8740 3.0097 1.5298 9.8496 -1.6149 0.9757
Car -1 -1 2.0508 113.5034 196.6724 342.9261 314.9865 1.4849 1.5911 4.0391 -6.0355 1.9456 11.9065 1.5900 0.9513
Car -1 -1 1.8785 338.5490 179.4227 447.0765 243.8287 1.5775 1.6902 4.2220 -5.9819 1.7815 20.2350 1.5940 0.9450
Car -1 -1 1.7933 408.9372 179.4999 478.4257 227.2987 1.6052 1.6434 4.1102 -6.1354 1.8719 26.8551 1.5703 0.8810
Car -1 -1 2.3159 0.0000 193.3324 149.2480 375.0000 1.4719 1.5307 3.7147 -6.0132 1.7030 6.2686 1.5725 0.8398
Car -1 -1 1.7138 543.7639 177.6626 578.0892 201.6172 1.5266 1.7381 4.2764 -3.3175 1.8685 49.0585 1.6462 0.7496
Car -1 -1 1.7748 465.6947 182.1766 515.0372 213.4121 1.4664 1.6662 4.3937 -6.1698 1.9792 37.4313 1.6121 0.5696
Car -1 -1 1.6604 514.3915 179.9761 541.5616 202.9787 1.5703 1.6340 3.6840 -5.9349 2.1050 52.2676 1.5474 0.5502
Car -1 -1 1.6164 531.7787 176.9668 552.2222 196.1595 1.5214 1.5278 3.5521 -5.6318 1.8729 59.7808 1.5226 0.4020
Car -1 -1 -0.1486 911.7226 161.8177 1038.9402 203.4840 1.5223 1.6485 4.1611 13.8986 1.1194 27.7793 0.3108 0.4018
