Pedestrian -1 -1 -1.2044 167.1492 201.9965 192.8816 245.3463 1.6864 0.5903 0.9632 -17.4922 2.8912 29.2953 -1.7390 0.2545
Pedestrian -1 -1 2.7765 401.5026 173.5830 411.8987 195.7000 1.8916 0.4495 0.7509 -17.5302 1.9551 62.1378 2.5024 0.1482
Pedestrian -1 -1 -3.4292 1075.6877 142.5168 1128.3127 231.1220 1.7969 0.6733 0.7415 10.2050 1.1820 15.0605 -2.8430 0.1390
Pedestrian -1 -1 2.8238 801.5557 189.8302 847.8111 265.8917 1.7493 0.6345 0.8925 5.0221 2.1594 17.0748 3.1040 0.1037
Cyclist -1 -1 -0.4069 0.0000 193.9788 38.2996 237.6705 1.7968 0.7485 1.6471 -26.1139 2.7444 31.4480 -1.0958 0.1441
Cyclist -1 -1 -2.4663 979.8635 219.4576 1075.0978 321.9324 1.7260 0.4382 1.6497 7.8708 2.6705 13.7671 -1.9578 0.1424
Cyclist -1 -1 -2.3815 158.7009 200.5261 200.1624 245.4299 1.7519 0.7318 1.2989 -17.5029 2.8941 29.2680 -2.9168 0.1301
Car -1 -1 1.6852 511.4748 180.5908 534.0234 198.4503 1.5234 1.5931 3.8545 -7.8685 2.2431 65.1509 1.5651 0.5537
Car -1 -1 -1.1893 231.8412 191.4690 276.1714 214.8992 1.5249 1.6054 3.6583 -25.5458 2.9112 51.8344 -1.6454 0.1574
Car -1 -1 1.8094 211.3587 190.7673 249.3061 212.8249 1.6188 1.7738 4.3026 -31.0048 3.1409 58.9899 1.3271 0.1339
Car -1 -1 2.5188 158.1813 191.1358 210.9139 213.1163 1.7199 1.6311 3.6134 -36.3766 3.3347 61.7337 1.9880 0.1246
