Pedestrian -1 -1 -0.3406 593.9587 158.2431 670.1208 278.9601 1.7760 0.6636 1.0034 0.2772 1.5614 11.0846 -0.3176 0.6681
Pedestrian -1 -1 -2.4632 637.3214 163.4333 664.4506 207.7101 1.6333 1.0077 0.4991 1.4995 1.2861 27.1545 -2.4092 0.2271
Pedestrian -1 -1 -1.6218 0.0000 42.3784 148.5956 375.0000 1.7390 0.6216 0.6411 -2.7967 1.1599 3.6459 -2.2420 0.1415
Cyclist -1 -1 -0.2778 593.4969 158.0781 671.3474 279.8146 1.7944 0.6644 1.0510 0.2813 1.5769 11.0864 -0.2545 0.1645
Car -1 -1 -1.6134 650.2247 171.8608 776.2238 286.1752 1.4429 1.5883 3.7070 1.3989 1.4307 11.0151 -1.4915 0.7597
Car -1 -1 2.9545 661.1812 159.0707 728.3483 187.2738 1.5959 1.6002 3.6232 4.8404 0.8163 41.7566 3.0688 0.6154
Car -1 -1 3.5277 200.6447 165.4382 384.5451 224.8137 1.4968 1.6177 4.1392 -8.3157 1.3102 19.0380 3.1207 0.3472
Car -1 -1 -1.3822 255.5993 169.1230 323.5072 210.7683 1.4505 1.6100 3.9842 -12.0468 1.3209 27.2500 -1.7951 0.2544
Car -1 -1 -1.5736 620.3011 159.6643 648.3977 189.4002 1.7933 1.6944 4.1118 1.4961 0.9982 45.5917 -1.5413 0.2190
Car -1 -1 -1.6766 627.6198 164.6287 671.1315 202.8495 1.4259 1.4214 2.6311 1.4618 1.1194 28.2680 -1.6259 0.1536
Car -1 -1 -1.6980 692.3479 176.0584 747.2708 219.7897 1.5285 1.5950 3.5179 4.0367 1.6577 27.2489 -1.5531 0.1505
Car -1 -1 1.8308 488.1067 167.3028 525.5580 193.7581 1.8575 1.7276 4.0530 -7.5242 1.4681 52.7736 1.6895 0.1498
