Pedestrian -1 -1 1.8601 358.0520 151.4008 379.0150 198.0690 1.8448 0.6180 0.7127 -9.7047 0.9971 28.8862 1.5385 0.5715
Pedestrian -1 -1 2.1780 74.1055 128.4445 125.7893 222.4098 1.7560 0.5404 0.6351 -9.7963 0.9264 13.7988 1.5696 0.4361
Car -1 -1 -2.5860 40.8484 184.1609 314.7570 288.7179 1.5245 1.5717 3.4581 -6.8266 1.7188 11.5379 -3.1106 0.9788
Car -1 -1 0.2412 339.5058 183.9469 487.4374 235.0556 1.4761 1.5936 4.0968 -5.9640 1.8282 22.0389 -0.0206 0.9294
Car -1 -1 -1.6843 646.9847 182.6092 699.6048 224.7715 1.5756 1.7029 4.1012 2.5165 2.0097 29.9984 -1.6021 0.9279
Car -1 -1 3.5552 147.8105 180.7333 403.6167 271.2057 1.6499 1.7056 4.2359 -6.4662 1.8146 14.1763 3.1338 0.8427
Car -1 -1 -2.7404 241.6975 184.4403 439.5357 255.5090 1.5108 1.6177 3.9310 -6.1289 1.7914 16.5400 -3.0907 0.7911
Car -1 -1 0.1404 422.4571 186.1973 524.2665 220.9229 1.4395 1.6518 4.1812 -5.9476 2.0400 31.5325 -0.0450 0.7260
Car -1 -1 -2.5813 1017.3370 173.3460 1242.0000 375.0000 1.5128 1.5884 3.7825 3.0770 1.5158 2.0367 -1.6601 0.5484
Car -1 -1 0.3343 372.3725 179.2214 489.2469 220.7967 1.4592 1.5438 3.8847 -6.5928 1.7023 26.5603 0.0928 0.3407
