Pedestrian -1 -1 -1.6381 803.3690 165.5630 819.2432 207.6832 1.7851 0.5965 0.8793 8.6218 1.4764 31.0662 -1.3702 0.3210
Pedestrian -1 -1 -3.6591 1128.9686 139.1813 1170.2435 204.6208 1.8692 0.7197 0.6945 15.6525 0.9078 21.0052 -3.0255 0.2943
Pedestrian -1 -1 -0.1646 0.0000 117.5449 76.3005 301.1311 1.8703 0.6159 0.6805 -6.3201 1.3072 7.8069 -0.8286 0.2321
Pedestrian -1 -1 1.2443 826.4723 145.2890 863.3734 210.7596 1.9036 0.7029 1.1740 6.9621 1.1025 21.5694 1.5522 0.1641
Pedestrian -1 -1 -1.1828 587.8925 162.9271 605.8471 200.7631 1.8346 0.7493 0.4922 -0.6804 1.3536 35.3471 -1.2024 0.1352
Pedestrian -1 -1 -3.5445 1108.7865 159.5008 1137.0643 208.4264 1.7788 0.6527 0.6431 18.8714 1.2937 26.6158 -2.9333 0.1086
Pedestrian -1 -1 1.4034 985.6888 153.3641 1005.4119 198.3638 1.7931 0.5872 0.7246 15.5476 1.0168 29.1837 1.8885 0.1081
Cyclist -1 -1 -1.5773 376.9789 167.8123 388.6971 208.9064 1.6500 0.4499 1.4695 -9.4088 1.4479 29.7367 -1.8815 0.1886
Car -1 -1 2.1514 284.2597 180.9734 621.5143 363.9843 1.5042 1.6468 4.3266 -1.5065 1.6257 8.4453 1.9788 0.9754
Car -1 -1 0.8442 850.3190 193.8601 1242.0000 375.0000 1.4597 1.5284 3.5403 2.3791 1.5971 2.8749 1.4857 0.8109
Car -1 -1 -2.5725 474.9225 187.5028 627.2410 249.8052 1.4732 1.6139 3.8146 -1.6519 1.9003 19.4147 -2.6571 0.1499
