Pedestrian -1 -1 -2.0555 274.2258 178.9831 322.6594 260.2786 1.6039 0.5866 0.8412 -6.3048 1.5756 14.4372 -2.4575 0.3568
Pedestrian -1 -1 3.1938 121.6878 120.7958 197.8089 259.2506 1.8335 0.5993 0.8583 -6.2131 1.0445 9.8255 2.6468 0.3550
Pedestrian -1 -1 -1.3745 789.9871 160.9365 805.3174 194.9695 1.7950 0.6665 0.7016 10.2775 0.7646 37.7496 -1.1090 0.3303
Pedestrian -1 -1 -0.1372 510.6108 166.6722 521.2608 188.0835 1.8414 0.5321 0.8502 -7.6880 0.6534 61.1692 -0.2598 0.2587
Pedestrian -1 -1 -3.1367 770.7204 159.7071 799.3268 191.9749 1.8309 0.5518 1.5802 10.3223 0.6525 40.5785 -2.8877 0.2368
Pedestrian -1 -1 -3.2897 981.3288 147.6520 1028.9700 218.1071 1.7885 0.5686 1.0014 10.3567 0.9563 18.3858 -2.7823 0.2350
Cyclist -1 -1 1.0469 877.4639 147.6272 905.9324 185.3245 1.7417 0.4847 1.6522 13.5587 0.2244 33.5139 1.4299 0.6658
Cyclist -1 -1 -3.2227 769.6999 158.9278 800.4730 190.9970 1.8217 0.5659 1.6700 10.3196 0.5977 40.5776 -2.9738 0.5754
Cyclist -1 -1 -3.2897 981.3288 147.6520 1028.9700 218.1071 1.7885 0.5686 1.0014 10.3567 0.9563 18.3858 -2.7823 0.1807
Car -1 -1 -0.2603 795.9799 163.2657 943.0366 210.7347 1.5484 1.7193 4.3972 8.8834 0.9877 24.1119 0.0902 0.9651
Car -1 -1 1.9087 282.4719 178.2692 348.3299 211.3153 1.5977 1.7181 4.5379 -14.8508 1.4913 36.4830 1.5268 0.9191
Car -1 -1 1.5285 437.5612 174.2834 467.1752 201.1072 1.5553 1.6088 3.7301 -9.3211 1.1962 42.9969 1.3183 0.7965
Car -1 -1 -0.8506 0.0000 208.8885 292.8778 370.0000 1.4925 1.6097 3.8868 -3.1772 1.7049 3.2983 -1.5691 0.7937
Car -1 -1 1.8111 387.0641 170.1304 422.4859 192.7656 1.5709 1.5777 3.8540 -14.3936 0.8526 51.0160 1.5395 0.4302
