Pedestrian -1 -1 -1.8048 700.2086 165.7016 719.6804 206.2125 1.7398 0.6754 0.7774 4.3051 1.4330 31.4056 -1.6703 0.6996
Cyclist -1 -1 1.7009 502.2924 175.4869 529.0102 238.1035 1.7395 0.5438 1.8105 -2.7797 1.8199 21.0237 1.5703 0.7624
Cyclist -1 -1 1.7859 526.7629 172.2290 546.0059 210.1395 1.7840 0.5613 1.7743 -3.5847 1.7550 34.8652 1.6837 0.7007
Cyclist -1 -1 1.7267 468.1363 172.6042 502.7227 240.9623 1.8459 0.6852 1.8565 -3.5500 1.8395 20.4148 1.5560 0.6867
Cyclist -1 -1 1.5676 1084.7540 139.2782 1157.5332 300.6803 1.7080 0.6432 1.7358 5.9542 1.3531 8.5331 2.1603 0.3410
Car -1 -1 -1.9500 774.0317 171.5879 1141.9874 375.0000 1.5468 1.5327 3.4772 2.5720 1.5390 6.3600 -1.5829 0.9601
Car -1 -1 2.0203 94.0078 186.5682 354.8790 330.2630 1.5250 1.5969 3.7652 -5.0063 1.7496 9.9046 1.5624 0.9572
Car -1 -1 -1.5291 640.9765 178.2461 669.9645 203.4931 1.5280 1.7079 4.1578 2.9543 1.8938 46.7425 -1.4669 0.7622
Car -1 -1 1.6696 426.9413 184.1423 485.5722 229.6600 1.4060 1.6108 4.2563 -5.4059 1.8411 25.5803 1.4629 0.6642
Car -1 -1 1.8111 501.3957 179.8876 544.8693 208.2280 1.6134 1.6499 4.4569 -5.3310 2.0705 44.5347 1.6922 0.5789
