Pedestrian -1 -1 0.1109 671.5946 140.8053 703.8651 198.4714 1.8609 0.5146 1.0021 2.5048 0.8270 23.6399 0.2149 0.4375
Pedestrian -1 -1 1.1829 892.2197 82.7722 1014.8956 309.5253 1.8115 0.6837 0.7927 2.8470 1.0922 6.1667 1.5971 0.4117
Pedestrian -1 -1 0.8659 646.8878 163.1154 665.6459 199.9862 1.9236 0.4900 0.9506 2.4080 1.4159 38.1676 0.9279 0.3012
Pedestrian -1 -1 1.4026 554.7139 173.7892 568.4839 205.6740 1.7800 0.6345 0.8994 -2.7768 1.8340 40.8205 1.3346 0.2759
Cyclist -1 -1 1.8290 540.1933 172.8320 558.6144 204.6953 1.7454 0.6355 1.6233 -3.4168 1.7446 40.3767 1.7447 0.2635
Car -1 -1 -1.7061 670.8552 174.7502 751.8841 239.0588 1.5085 1.5928 3.5247 2.4937 1.5628 18.7935 -1.5771 0.9657
Car -1 -1 -1.0914 1.3918 180.6137 353.4266 373.6724 1.6393 1.6405 4.1049 -4.5593 1.7516 8.3483 -1.5786 0.9625
Car -1 -1 1.7941 403.3017 181.7156 483.9504 238.3732 1.5415 1.5885 3.8415 -5.0473 1.8375 22.1509 1.5720 0.9481
Car -1 -1 1.6882 485.5392 180.6446 526.4000 212.5162 1.5429 1.6550 4.1693 -5.4649 1.9770 38.0603 1.5460 0.8797
Car -1 -1 -2.2801 912.7891 181.9544 1242.0000 375.0000 1.4425 1.5274 3.4473 2.6463 1.5007 2.8550 -1.5831 0.7713
Car -1 -1 1.7668 528.0297 180.2730 556.6401 201.4468 1.5707 1.5646 3.6288 -5.3111 2.1737 56.7273 1.6734 0.4577
Car -1 -1 -1.5235 630.9735 174.4434 653.7397 195.8045 1.6809 1.6849 3.8873 2.6553 1.8158 59.0862 -1.4792 0.3188
