Pedestrian -1 -1 1.6722 233.1845 183.4892 280.9237 283.0747 1.6784 0.6740 0.8461 -6.2881 1.8748 12.7804 1.2226 0.6201
Pedestrian -1 -1 1.7158 190.2734 196.3146 240.6374 311.8447 1.6195 0.5588 0.6826 -5.8896 1.9813 10.6971 1.2224 0.3088
Pedestrian -1 -1 -1.7134 1079.0913 180.2042 1179.7517 363.2068 1.5282 0.6221 0.7280 4.6096 1.5998 6.5230 -1.1202 0.2910
Pedestrian -1 -1 1.9395 300.2181 194.1443 342.3756 276.5256 1.6054 0.5152 0.8793 -5.9322 2.0535 14.7285 1.5622 0.2335
Pedestrian -1 -1 -2.8590 456.4532 188.8122 481.6808 235.3257 1.6789 0.6130 0.7735 -5.2376 2.2754 26.6134 -3.0521 0.1980
Car -1 -1 -1.8560 714.0580 167.3079 913.6070 298.9713 1.6073 1.6775 4.1600 2.7511 1.5400 10.9221 -1.6167 0.9768
Car -1 -1 -1.9451 808.6555 193.6315 1229.4584 375.0000 1.4479 1.5475 3.4594 2.7298 1.6666 5.8179 -1.5271 0.9664
Car -1 -1 1.6783 504.8319 178.5034 566.9418 225.8861 1.4939 1.7073 4.4880 -2.5709 1.7118 25.5335 1.5784 0.9453
Car -1 -1 -1.7120 673.0510 164.9144 743.3936 224.7993 1.9215 1.7908 4.6153 3.3114 1.6671 25.4694 -1.5849 0.9405
Car -1 -1 -1.6931 658.5139 178.4073 704.1234 215.4052 1.5622 1.6101 3.7305 3.1560 1.8305 32.9175 -1.5990 0.5597
Car -1 -1 1.4464 648.4980 178.2982 687.1710 209.7790 1.5724 1.5746 3.9776 3.0188 1.8806 38.7618 1.5230 0.2906
