Pedestrian -1 -1 1.2339 843.8030 160.2152 878.5789 235.2284 1.8346 0.5723 0.8372 6.2313 1.5258 18.0654 1.5604 0.1738
Pedestrian -1 -1 -1.3722 1098.0142 106.9057 1167.6672 251.2777 1.7682 0.6230 0.6277 6.6691 0.9608 9.2762 -0.7638 0.1694
Pedestrian -1 -1 -2.4152 978.4623 125.8528 1033.6840 195.1226 1.9268 0.6489 1.2841 11.3435 0.6198 20.7821 -1.9215 0.1325
Cyclist -1 -1 -1.6737 713.4163 167.6908 727.7106 204.9597 1.7357 0.4840 1.8317 5.2431 1.4956 34.5265 -1.5247 0.1670
Cyclist -1 -1 -1.8645 1080.6222 158.8922 1132.8043 232.5501 1.8382 0.6259 1.7703 12.9593 1.4901 18.9416 -1.2722 0.1097
Car -1 -1 1.9491 358.8909 171.8088 417.1393 208.1623 1.9758 1.6980 4.3729 -12.7059 1.9193 41.4608 1.6532 0.8768
Car -1 -1 1.8473 370.5834 181.6071 435.3839 216.8530 1.3905 1.6229 4.2530 -9.0256 1.8006 31.6466 1.5713 0.8326
Car -1 -1 1.4573 580.1252 176.6161 610.4201 200.6926 1.5324 1.6173 3.7091 -1.0560 1.7957 48.4770 1.4352 0.6874
Car -1 -1 1.8788 371.7824 175.9161 450.5696 219.5883 1.4538 1.5740 4.1906 -7.2183 1.5754 26.4420 1.6144 0.1826
Car -1 -1 1.7852 475.8648 173.4832 504.3928 192.7903 1.6257 1.6028 4.1939 -10.4517 1.6828 63.0245 1.6212 0.1152
