Car -1 -1 2.1821 0.0000 208.7472 244.9984 375.0000 1.5153 1.6319 3.8442 -6.0033 2.0212 8.2344 1.5671 0.9420
Car -1 -1 1.8373 434.7666 187.2134 493.7002 225.5478 1.4702 1.5780 3.6000 -6.2140 2.1224 30.9053 1.6400 0.9280
Car -1 -1 -1.7112 646.0972 176.1755 692.6397 212.0943 1.6031 1.6659 3.9941 2.7478 1.7723 34.6244 -1.6332 0.9102
Car -1 -1 -2.0923 918.2896 179.0650 1242.0000 375.0000 1.4977 1.6039 3.7809 2.9409 1.5467 3.6801 -1.4571 0.8242
Car -1 -1 -1.0350 132.0661 197.7875 203.2693 228.5173 1.4470 1.7011 3.4776 -23.5889 2.8403 38.5573 -1.5812 0.7727
Car -1 -1 1.7390 464.2175 185.8239 507.4020 219.5184 1.5478 1.5512 3.6831 -6.2485 2.2357 36.4026 1.5696 0.7384
Car -1 -1 -1.1029 172.7841 197.9827 245.6201 229.0690 1.4173 1.8471 3.7377 -20.9763 2.8027 37.8665 -1.6061 0.6953
Car -1 -1 -1.1513 86.0363 200.3945 159.8075 231.0789 1.4044 1.8550 3.8959 -26.1413 2.9660 38.8256 -1.7410 0.5554
Car -1 -1 1.3238 812.0249 154.8970 847.1057 181.2144 2.1055 1.7322 4.4917 18.1821 0.6692 60.0060 1.6165 0.4819
Car -1 -1 1.8480 224.6189 191.3490 282.0307 222.4113 1.4363 1.7546 3.6021 -18.5413 2.4496 37.5859 1.3922 0.4195
