Pedestrian -1 -1 0.7006 85.4817 181.2980 129.5683 239.1735 1.7938 0.7191 0.8949 -15.9705 2.0666 22.8783 0.0964 0.6259
Pedestrian -1 -1 -1.0764 652.8665 168.5435 683.1404 222.7321 1.6687 0.6143 0.8698 1.7871 1.5363 22.7481 -0.9998 0.5698
Pedestrian -1 -1 -0.6674 664.9382 155.2909 700.7023 218.4222 1.7901 0.6457 0.8064 2.0659 1.2925 20.9462 -0.5710 0.5548
Pedestrian -1 -1 -2.3360 677.8896 161.2115 728.0020 219.2170 1.6902 0.5269 1.6154 2.7485 1.3513 21.8265 -2.2130 0.1449
Cyclist -1 -1 -2.5885 675.2251 161.7677 742.3150 229.3764 1.7349 0.4778 1.7865 2.5714 1.4508 19.2620 -2.4585 0.4547
Cyclist -1 -1 -2.6433 674.4068 160.1270 726.3810 217.9731 1.7053 0.5513 1.4826 2.6929 1.3305 21.9225 -2.5233 0.2838
Cyclist -1 -1 -1.5824 659.8517 169.1821 677.7944 224.0950 1.6820 0.5433 1.2517 1.8002 1.5699 22.7411 -1.5052 0.2680
Cyclist -1 -1 2.5189 385.2314 132.4287 443.1583 195.8537 1.7468 0.5231 1.5940 -5.6341 0.6338 20.6516 2.2556 0.2481
Car -1 -1 -1.3771 378.5485 173.8196 516.1301 274.3733 1.5773 1.6953 4.0689 -2.8782 1.5983 13.4010 -1.5854 0.9612
Car -1 -1 2.0550 138.8662 191.7052 260.3087 251.8900 1.5767 1.5989 3.8486 -12.4324 2.2043 22.0603 1.5466 0.9236
Car -1 -1 -1.6133 584.1406 175.2047 612.0574 199.5647 1.5002 1.6379 3.9011 -0.8402 1.6596 46.8158 -1.6316 0.6589
Car -1 -1 2.2163 0.0000 191.4385 111.0835 249.2220 1.3334 1.5377 3.6794 -15.6814 1.8889 19.6960 1.5503 0.2875
Car -1 -1 0.6325 1029.4103 160.7041 1114.6151 191.7295 1.7166 1.6253 3.9875 26.8144 1.0447 42.0711 1.1966 0.2842
Car -1 -1 1.6909 377.6154 176.4625 406.5977 200.0655 1.6606 1.5997 3.8732 -16.1221 1.9384 53.4301 1.3989 0.2752
Car -1 -1 -3.2227 695.3745 172.0793 822.9059 216.1519 1.4998 1.5162 4.3043 5.1493 1.4738 25.5512 -3.0267 0.2446
