Pedestrian -1 -1 2.2172 299.2978 146.1311 333.1889 203.6282 1.8610 0.6210 0.9004 -9.7547 0.9964 23.8665 1.8328 0.2920
Pedestrian -1 -1 1.0004 1095.9609 130.1195 1128.9995 187.9473 1.9710 0.7212 0.6070 17.2939 0.5148 24.9049 1.6019 0.1857
Pedestrian -1 -1 -1.9828 1190.8611 121.6846 1227.0846 183.4223 1.9072 0.6588 0.6750 18.7904 0.3268 22.7006 -1.2975 0.1425
Cyclist -1 -1 -2.1038 1089.6754 171.5946 1140.2664 234.1836 1.6340 0.4031 1.5102 13.6455 1.6015 19.6017 -1.5032 0.1564
Car -1 -1 -1.3063 280.5240 172.7865 475.5009 299.0201 1.5392 1.7016 4.0836 -3.2659 1.5388 10.8552 -1.5926 0.9644
Car -1 -1 -1.9806 819.5210 167.4887 1147.5925 366.2826 1.4992 1.5275 3.2784 3.2382 1.4591 7.0798 -1.5682 0.9587
Car -1 -1 -1.8649 715.3899 174.1069 891.1530 286.2176 1.5291 1.6489 3.8608 2.8965 1.5535 11.8602 -1.6321 0.9369
Car -1 -1 -1.6369 663.5389 175.0160 718.0348 221.6928 1.4792 1.6066 3.6306 2.6715 1.5596 24.8790 -1.5318 0.9262
Car -1 -1 -1.6971 620.0723 169.6091 653.0995 196.5221 1.7956 1.7727 4.2292 1.7789 1.5795 50.3239 -1.6623 0.3073
Car -1 -1 3.3327 348.2576 161.2019 521.2756 226.7183 1.5691 1.6656 3.9921 -4.3580 1.2904 18.1925 3.1004 0.1541
