Pedestrian -1 -1 1.8047 463.2277 182.5243 489.2496 231.8083 1.8512 0.6208 1.7331 -5.2790 2.2431 28.3267 1.6214 0.2706
Cyclist -1 -1 1.5295 489.8996 180.3950 507.6016 224.4472 1.7673 0.6548 1.8495 -4.7157 2.0939 30.2465 1.3755 0.7709
Cyclist -1 -1 1.7684 463.2345 181.9449 489.0147 230.7248 1.8331 0.6551 1.8077 -5.2887 2.2022 28.3584 1.5850 0.6801
Car -1 -1 -1.7759 643.3967 184.9881 715.5841 238.2785 1.4501 1.5300 3.3828 2.0131 1.8537 22.2062 -1.6875 0.9492
Car -1 -1 -1.9104 753.6451 150.9821 1070.5768 353.8300 1.6664 1.6991 4.3319 2.8647 1.4870 8.1007 -1.5830 0.9452
Car -1 -1 1.3216 705.6818 182.6908 850.2180 283.8871 1.5076 1.5803 3.8066 2.8014 1.7124 13.0587 1.5271 0.9234
Car -1 -1 -1.5625 406.1868 188.9261 457.2632 240.1317 1.5331 1.5754 3.3454 -6.0888 2.1206 24.5456 -1.8038 0.9207
Car -1 -1 -1.7251 564.5436 186.2101 603.2850 214.2047 1.4440 1.6478 3.6743 -1.5630 2.2405 41.0476 -1.7635 0.9126
Car -1 -1 1.3796 605.5597 177.9171 662.6805 218.4008 1.4935 1.5741 3.9217 0.8625 1.7133 29.1947 1.4081 0.8492
Car -1 -1 -1.6457 543.8849 186.8969 571.0808 210.8991 1.5632 1.6479 3.6627 -3.7860 2.5973 51.1830 -1.7197 0.7781
Car -1 -1 -1.5939 417.1546 188.6185 459.2458 228.2370 1.5099 1.6626 3.6519 -7.4745 2.2319 31.0479 -1.8288 0.5453
Car -1 -1 -2.3748 0.0000 0.0000 1242.0000 375.0000 1.8071 1.6820 3.9870 2.5275 1.1742 1.3247 -1.3732 0.5323
Car -1 -1 -1.9195 620.4800 182.1284 668.0703 209.9119 1.4768 1.5816 3.6507 1.8945 2.0379 41.6477 -1.8749 0.4274
