Pedestrian -1 -1 -2.0370 1015.5441 173.9390 1145.8464 353.4720 1.5396 0.7445 0.6941 4.2783 1.4762 6.5367 -1.4813 0.7804
Pedestrian -1 -1 1.5480 626.6229 166.3649 642.0274 212.6054 1.7907 0.5808 0.7802 1.2689 1.2056 28.2111 1.5874 0.7210
Pedestrian -1 -1 -2.9517 655.3141 167.7978 688.0658 222.6469 1.7336 0.6896 0.9421 2.2442 1.3016 23.1627 -2.8614 0.6440
Pedestrian -1 -1 -1.5709 585.3651 177.0183 600.6284 218.2027 1.6577 0.6145 0.8658 -0.3650 1.4784 29.3500 -1.5885 0.6292
Pedestrian -1 -1 -1.3338 505.1017 170.3569 536.8106 232.4672 1.7058 0.6923 0.9354 -2.2880 1.4010 20.2322 -1.4503 0.5876
Pedestrian -1 -1 1.6554 568.8729 167.4838 592.4299 219.1585 1.8479 0.7759 1.1272 -0.7727 1.3477 26.2676 1.6211 0.4488
Pedestrian -1 -1 0.5333 116.1561 99.1239 288.6336 346.6010 1.8071 0.7494 0.9304 -3.1404 1.2069 5.6348 0.0383 0.4172
Pedestrian -1 -1 -1.5282 315.8969 179.9373 358.4666 274.5800 1.6641 0.6987 0.7674 -4.8466 1.6379 13.0997 -1.8818 0.3462
Pedestrian -1 -1 2.2454 325.1971 163.4816 412.6295 297.9861 1.8409 0.7486 0.9998 -3.4007 1.5956 10.4287 1.9316 0.3319
Pedestrian -1 -1 -1.6980 648.2574 164.3188 660.8015 195.3992 1.8824 0.6723 0.7333 3.2453 0.8426 43.8893 -1.6296 0.2707
Pedestrian -1 -1 -1.6571 393.5147 165.0637 428.1223 243.5898 1.7569 0.6279 1.8325 -4.5748 1.3904 17.0375 -1.9209 0.1793
Cyclist -1 -1 1.5503 704.5634 167.4076 717.2022 206.8426 1.5951 0.4743 1.5582 4.5258 1.0260 29.8548 1.6944 0.6534
Cyclist -1 -1 -1.5597 395.0245 164.2524 423.3791 243.7754 1.7756 0.6148 1.8587 -4.5806 1.3917 17.0134 -1.8242 0.5044
Cyclist -1 -1 -1.5101 712.0485 153.4153 734.3167 215.2205 1.7173 0.5428 1.9073 3.5348 0.9381 20.9465 -1.3500 0.4505
Cyclist -1 -1 1.8724 562.0280 167.8963 590.1657 218.7747 1.8051 0.7092 1.1879 -0.9347 1.3235 26.1489 1.8318 0.1932
Cyclist -1 -1 0.5333 116.1561 99.1239 288.6336 346.6010 1.8071 0.7494 0.9304 -3.1404 1.2069 5.6348 0.0383 0.1022
Car -1 -1 -1.7090 761.8907 83.6390 950.0098 243.9088 1.7868 1.7872 4.3055 3.2992 0.6971 10.2734 -1.4106 0.3895
