Car -1 -1 -1.0839 0.0000 193.5581 337.7086 370.4935 1.3810 1.5375 3.7831 -4.3944 1.4936 7.6913 -1.5882 0.9620
Car -1 -1 -1.2606 293.6445 180.4795 427.9681 256.0788 1.4375 1.6093 3.9043 -5.2332 1.3486 15.6235 -1.5789 0.9481
Car -1 -1 -1.1306 216.1267 180.3627 316.2392 223.8566 1.4006 1.5369 4.1373 -11.8804 1.2455 25.2172 -1.5670 0.8961
Car -1 -1 -1.6105 574.6299 175.8715 614.0684 211.1633 1.5061 1.6318 3.4974 -0.6866 1.1084 32.4682 -1.6318 0.8647
Car -1 -1 -1.2941 315.9853 170.9031 396.0747 216.7541 1.4506 1.6361 3.6621 -8.5561 0.9989 24.6119 -1.6254 0.6296
Car -1 -1 -1.3026 375.9744 182.5885 432.5118 216.3945 1.4064 1.5172 3.4981 -8.9289 1.2982 31.6545 -1.5756 0.6187
Car -1 -1 -0.9964 101.3421 179.0193 281.5906 250.5263 1.3650 1.5682 3.7660 -8.8832 1.2479 15.6492 -1.5054 0.5502
Car -1 -1 -1.4603 462.5063 155.2353 524.3945 218.9720 2.2472 1.8354 4.7587 -4.3486 1.1913 27.7582 -1.6146 0.4714
Car -1 -1 -1.5191 505.7117 172.2585 536.1860 200.1201 1.5881 1.6116 3.8331 -5.1700 0.8507 42.9367 -1.6385 0.3999
Car -1 -1 1.4532 671.7175 174.2137 704.8068 201.3411 1.6619 1.6336 4.0182 5.0879 0.9890 46.0516 1.5621 0.3055
