Pedestrian -1 -1 -1.3208 744.6418 181.3376 777.8133 250.0946 1.6879 0.6583 0.7710 3.7967 1.9095 18.3217 -1.1207 0.5634
Pedestrian -1 -1 -3.2358 1138.6196 184.9545 1236.9021 318.8858 1.6428 0.6717 0.9360 7.5004 1.8111 9.4770 -2.5823 0.4335
Pedestrian -1 -1 0.8047 281.6631 171.5894 336.9520 262.1105 1.8227 0.6364 0.8693 -6.2951 1.7976 14.9920 0.4129 0.3506
Pedestrian -1 -1 -1.1650 2.4610 199.0388 130.6520 375.0000 1.5630 0.6598 0.6673 -4.6668 1.8017 6.1659 -1.7927 0.3271
Pedestrian -1 -1 -2.3017 99.6906 132.1905 186.5169 276.3574 1.8656 0.6866 0.7133 -6.3580 1.3397 9.7613 -2.8669 0.3148
Pedestrian -1 -1 1.7558 1195.1241 125.8022 1242.0000 229.9418 1.8317 0.6807 0.6782 11.1427 1.0045 13.1672 2.4471 0.2482
Pedestrian -1 -1 -1.6040 541.0273 185.7264 551.6763 213.1188 1.7860 0.6758 0.8538 -4.2629 2.6501 47.9442 -1.6928 0.2128
Pedestrian -1 -1 0.9050 204.8174 164.2946 275.8647 276.5876 1.8425 0.7142 0.8438 -6.3677 1.7024 12.3382 0.4369 0.1950
Pedestrian -1 -1 -1.7166 688.6016 161.6251 707.5258 206.0058 1.8262 0.5425 1.7389 3.6783 1.3645 30.5645 -1.5984 0.1818
Cyclist -1 -1 1.6715 934.3614 119.5388 968.7639 202.9703 1.6943 0.5215 1.6256 7.2935 0.6119 15.4824 2.1045 0.6187
Cyclist -1 -1 1.4376 688.9036 160.6886 707.6271 205.0801 1.8221 0.5562 1.7112 3.6759 1.3231 30.4738 1.5560 0.2508
Cyclist -1 -1 -1.6289 997.7516 170.2671 1020.0488 230.2400 1.6558 0.4525 1.6334 11.4148 1.5847 20.7532 -1.1325 0.2477
Cyclist -1 -1 -1.7306 1002.8236 181.2592 1028.0144 233.9561 1.6577 0.4546 1.6551 13.3273 1.9456 23.8234 -1.2265 0.2394
Cyclist -1 -1 1.6918 534.5651 190.4731 546.0496 219.6973 1.7114 0.5156 1.5473 -4.2741 2.8045 43.9697 1.5948 0.1971
Car -1 -1 1.7164 465.0027 187.1798 529.9942 243.8559 1.6472 1.6000 3.5664 -3.6544 2.1529 23.6604 1.5641 0.9647
Car -1 -1 -1.5826 646.2038 187.2992 674.4832 216.3747 1.5790 1.6020 3.4246 2.9177 2.4690 42.6789 -1.5155 0.4215
Car -1 -1 1.4524 1110.1453 177.1782 1150.1079 204.9218 1.7198 1.6448 4.1134 34.2305 2.0187 47.6101 2.0724 0.2866
