Pedestrian -1 -1 0.9421 54.9670 154.5812 134.9428 290.7055 1.7386 0.4979 0.7906 -6.8864 1.5056 9.5772 0.3316 0.4367
Pedestrian -1 -1 1.0803 719.2042 144.6384 743.9963 194.9215 1.8873 0.6611 0.7395 4.5938 0.8286 27.5355 1.2436 0.3228
Pedestrian -1 -1 2.2400 971.7133 107.3716 1069.3831 280.7549 1.7883 0.5789 0.7674 4.4092 1.1133 7.8568 2.7353 0.3009
Pedestrian -1 -1 -0.3217 868.4960 123.5992 958.5904 261.3350 1.8778 0.5612 1.0403 4.1961 1.2066 10.1454 0.0598 0.2670
Pedestrian -1 -1 -3.0814 743.8749 168.5489 786.6884 241.7506 1.8524 0.5709 1.0541 3.9742 1.7438 18.6701 -2.8758 0.2424
Pedestrian -1 -1 0.4981 668.8650 174.1357 690.2614 207.4010 1.7866 0.5411 1.0261 3.7523 1.8577 39.2993 0.5920 0.2385
Pedestrian -1 -1 -1.8647 1063.4230 88.2711 1184.5170 317.0169 1.8828 0.7207 0.5625 4.4094 1.1870 6.3100 -1.2766 0.1896
Cyclist -1 -1 -1.5863 701.1434 162.1223 713.6487 204.8132 1.7270 0.4832 1.7128 4.0095 1.2932 30.0644 -1.4555 0.2321
Car -1 -1 1.8361 303.6960 192.6507 466.0267 307.8634 1.4817 1.5521 3.7756 -3.5317 1.8590 11.8332 1.5512 0.9490
Car -1 -1 2.9477 396.4411 183.3070 488.3790 218.4106 1.5599 1.6863 4.0471 -8.0743 2.0848 34.6096 2.7197 0.9069
Car -1 -1 1.5877 518.3550 181.5811 547.7280 209.9160 1.5360 1.6376 3.9590 -4.5241 2.0741 42.4151 1.4815 0.5875
Car -1 -1 1.1343 622.8105 165.4844 656.8210 184.9238 1.7593 1.7118 3.8265 2.7324 1.0927 67.3923 1.1744 0.1983
Car -1 -1 1.5031 376.1633 165.7515 407.0471 195.7420 1.7960 1.6135 3.5281 -13.7263 1.3711 45.1435 1.2093 0.1840
Car -1 -1 2.7422 646.3486 166.8795 705.5560 193.1637 1.8291 1.6714 3.8708 4.6795 1.4137 51.5950 2.8318 0.1646
