Car -1 -1 -0.4487 835.9096 185.7896 1119.1052 276.2473 1.4679 1.5900 4.1868 6.2773 1.7108 12.7297 -0.0006 0.9761
Car -1 -1 -0.2661 823.0235 178.2899 1027.5321 255.3580 1.4983 1.5995 3.6431 6.4444 1.6208 15.1937 0.1273 0.9564
Car -1 -1 2.8296 731.4836 167.7787 888.5831 224.5585 1.7353 1.7434 4.5128 6.2581 1.5805 23.0332 3.0911 0.9525
Car -1 -1 3.5784 0.0000 176.1713 310.0211 301.6431 1.5478 1.6631 3.8826 -6.4871 1.5991 10.0231 3.0157 0.9517
Car -1 -1 -2.7847 254.1813 159.5039 443.9152 231.1581 1.8162 1.6965 4.4285 -6.8758 1.4782 19.1710 -3.1251 0.9509
Car -1 -1 3.3400 385.2657 174.8206 498.4676 219.3674 1.7163 1.7450 4.1385 -6.6832 1.7978 28.8096 3.1136 0.9463
Car -1 -1 -2.0881 830.1907 199.3137 1242.0000 375.0000 1.4395 1.5362 3.3971 2.8942 1.6963 5.2627 -1.6100 0.9267
Car -1 -1 3.1820 420.1320 169.6667 523.0009 210.5804 1.8453 1.8037 4.6084 -6.4567 1.7019 33.7706 2.9941 0.8938
Car -1 -1 0.3123 294.6137 179.1146 443.2255 232.8276 1.5388 1.5953 3.9324 -7.2029 1.7341 21.6648 -0.0055 0.6603
Car -1 -1 3.9671 0.0000 212.7758 139.5034 375.0000 1.4797 1.6058 4.2732 -6.1312 1.8153 5.2215 3.1271 0.6422
