Car -1 -1 3.5006 72.4610 173.7464 358.1368 272.2736 1.5234 1.6149 3.9262 -6.5295 1.5402 12.2151 3.0184 0.9660
Car -1 -1 0.2270 358.1235 179.6245 491.6787 225.9795 1.5680 1.6511 4.3156 -6.5132 1.8161 25.5281 -0.0208 0.9566
Car -1 -1 3.7926 0.0000 188.7564 284.3531 355.3116 1.4558 1.6093 4.0981 -5.7470 1.6341 7.2643 3.1408 0.9499
Car -1 -1 -0.7317 987.0873 177.5198 1242.0000 328.7132 1.4486 1.6552 4.0149 6.5078 1.5064 7.9210 -0.0627 0.9449
Car -1 -1 -0.3735 752.5562 180.1542 936.7653 247.3332 1.5239 1.6931 3.9145 5.5739 1.7119 17.5633 -0.0719 0.9420
Car -1 -1 0.6119 0.0000 185.5022 345.9661 309.3662 1.4813 1.5958 4.0854 -5.9615 1.6696 9.7701 0.0757 0.9270
Car -1 -1 -1.7094 634.1084 179.7584 681.3876 214.4460 1.4029 1.5594 3.7968 2.0114 1.7273 31.9092 -1.6476 0.9059
Car -1 -1 -2.7551 245.6714 185.1169 430.5978 249.4108 1.4469 1.5804 3.8674 -6.5182 1.7577 17.4131 -3.1088 0.8588
Car -1 -1 -0.9052 1151.4183 203.8920 1242.0000 375.0000 1.4485 1.5528 3.6790 6.5015 1.7275 5.5723 -0.0696 0.7513
Car -1 -1 3.5487 153.0185 186.4306 393.1435 263.2510 1.4502 1.6731 4.1428 -6.8184 1.7456 14.8020 3.1233 0.7321
Car -1 -1 1.5740 631.7220 175.2703 661.2277 202.4958 1.4549 1.5919 4.2223 2.0435 1.6000 41.0858 1.6228 0.5690
