Pedestrian -1 -1 -1.5844 759.9170 170.6589 777.6411 218.1071 1.7351 0.6290 0.7762 5.8546 1.6551 26.8245 -1.3725 0.6734
Pedestrian -1 -1 -1.8737 683.0411 169.2414 702.5356 201.8826 1.7289 0.7107 1.2149 4.4181 1.5379 38.8796 -1.7619 0.4350
Pedestrian -1 -1 0.1074 732.8509 167.1111 746.0912 191.4262 1.8331 0.4600 0.9457 9.7986 1.4005 54.7471 0.2833 0.2031
Pedestrian -1 -1 -2.9790 890.8539 163.9553 957.0184 231.4163 1.7225 0.5539 1.5364 8.2401 1.4956 19.0654 -2.5772 0.1934
Pedestrian -1 -1 -3.0301 745.3766 163.1775 762.2859 192.9558 1.7536 0.5761 0.9290 8.5206 1.1841 42.9021 -2.8356 0.1723
Pedestrian -1 -1 -1.9654 1104.0361 143.2054 1134.6893 194.4719 1.9901 0.7040 0.8736 20.0743 0.8396 28.5087 -1.3568 0.1423
Cyclist -1 -1 -3.0366 886.3455 164.8237 960.9640 230.9080 1.6841 0.6355 1.7575 8.2432 1.4798 19.0887 -2.6351 0.4227
Cyclist -1 -1 -1.8737 683.0411 169.2414 702.5356 201.8826 1.7289 0.7107 1.2149 4.4181 1.5379 38.8796 -1.7619 0.3579
Cyclist -1 -1 1.4529 676.6400 179.6068 686.2578 201.8498 1.6221 0.5205 1.6605 5.3109 2.1352 53.9576 1.5500 0.1491
Car -1 -1 -0.9360 98.0337 181.7459 178.7684 211.9821 1.5101 1.6501 3.9450 -25.5764 2.0189 39.2381 -1.5107 0.1709
Car -1 -1 -2.2061 1066.7714 158.6268 1133.1497 190.3932 2.3259 1.7831 4.6355 37.3412 1.2845 55.1803 -1.6139 0.1487
Car -1 -1 -1.8770 670.3990 175.2391 719.1292 205.2827 1.5044 1.5207 3.6894 4.4180 1.6381 38.3932 -1.7638 0.1218
