Pedestrian -1 -1 2.1032 541.9858 161.7246 576.0716 221.5579 1.8185 0.6663 0.9604 -1.4599 1.2494 22.0628 2.0399 0.6048
Pedestrian -1 -1 -1.2098 5.8598 148.5594 32.7655 194.1618 1.9373 0.7232 0.6063 -25.2275 0.5819 30.4340 -1.8948 0.5654
Pedestrian -1 -1 0.0871 279.1322 172.2754 314.1954 229.8660 1.6697 0.5805 0.9015 -9.1441 1.4328 20.9107 -0.3178 0.5108
Pedestrian -1 -1 -1.9595 1007.9641 146.5173 1033.9054 191.9844 1.8433 0.6567 0.8184 17.0965 0.4671 29.1099 -1.4314 0.3651
Pedestrian -1 -1 1.5140 409.9030 159.6639 438.5802 228.1213 1.8534 0.7215 1.0159 -5.0878 1.2909 19.7301 1.2673 0.3444
Pedestrian -1 -1 -2.1091 1087.2213 145.0154 1125.2766 190.2370 1.8143 0.5528 1.5599 20.6319 0.3921 29.1600 -1.4967 0.1333
Cyclist -1 -1 2.6616 730.9258 159.3320 772.2966 197.2175 1.7309 0.6587 1.7797 6.7942 0.7652 32.8571 2.8654 0.7633
Cyclist -1 -1 -3.3058 967.9276 139.5612 1051.8239 207.5832 1.6991 0.6185 1.7991 10.3827 0.6781 18.2528 -2.7942 0.6930
Cyclist -1 -1 -0.4327 894.7256 146.8658 963.6071 201.5227 1.7793 0.6799 1.9654 10.6661 0.6859 23.3602 -0.0077 0.6212
Cyclist -1 -1 -0.3428 284.0345 172.1517 360.3938 239.9424 1.7657 0.5887 1.8391 -7.7105 1.5498 19.2365 -0.7166 0.5712
Cyclist -1 -1 -1.5287 842.7906 158.6194 855.8049 198.5527 1.6494 0.4545 1.7764 10.3905 0.7471 30.1093 -1.1978 0.4692
Cyclist -1 -1 -2.1108 1088.0007 145.3411 1125.2617 190.3980 1.8082 0.5476 1.5116 20.6370 0.3987 29.1435 -1.4981 0.3254
Cyclist -1 -1 1.5139 411.0184 159.3018 439.3185 225.6401 1.8046 0.7147 1.0228 -5.0855 1.2295 19.8232 1.2685 0.2504
Cyclist -1 -1 0.0317 278.3552 171.7875 315.9200 230.2332 1.6915 0.5919 0.9984 -9.1301 1.4409 20.9151 -0.3726 0.1335
Cyclist -1 -1 2.1636 542.2736 160.6595 576.6701 219.6478 1.7968 0.6705 0.9255 -1.4496 1.1940 22.1009 2.1009 0.1299
Car -1 -1 -1.3644 387.9993 181.2910 500.7639 257.4473 1.4219 1.5646 3.8395 -3.3321 1.4426 15.1586 -1.5746 0.9609
Car -1 -1 -0.6671 1098.1848 140.4943 1224.0000 182.2158 1.7682 1.7409 4.4376 24.3174 0.0742 30.8362 -0.0026 0.8104
Car -1 -1 -0.5672 1005.1262 152.9675 1114.6600 187.4224 1.4569 1.6013 3.7236 19.6681 0.2942 30.6938 -0.0002 0.7996
Car -1 -1 -1.6374 476.2384 173.5309 500.4911 193.3296 1.5010 1.6360 3.8391 -9.1984 0.9739 55.6529 -1.7986 0.3107
