Pedestrian -1 -1 -2.4035 1163.8136 132.8774 1202.3800 193.9168 1.9999 0.8008 0.6319 19.0260 0.6905 24.0164 -1.7394 0.4891
Pedestrian -1 -1 1.4532 1008.1921 106.4844 1050.2872 196.9695 1.8651 0.6767 0.8105 8.8696 0.4974 15.3746 1.9685 0.2963
Pedestrian -1 -1 2.3192 919.2836 124.7462 974.1364 219.1514 1.8416 0.5861 0.8410 6.7151 0.9035 14.5052 2.7449 0.1687
Pedestrian -1 -1 -1.7449 865.9078 147.3712 881.9836 185.5473 2.0030 0.7059 0.5899 13.9364 0.6663 38.2052 -1.3977 0.1673
Pedestrian -1 -1 1.2776 650.6478 166.9948 672.6075 204.9251 1.8080 0.5877 1.7461 2.4762 1.5291 35.3067 1.3466 0.1042
Cyclist -1 -1 1.3060 651.3011 167.8952 672.1741 205.6167 1.7997 0.5849 1.7193 2.4833 1.5635 35.3221 1.3750 0.7757
Car -1 -1 1.5639 581.8213 175.9066 607.8619 200.7704 1.5555 1.6477 4.0081 -1.0494 1.7661 47.6618 1.5415 0.6251
Car -1 -1 -1.2385 238.1861 179.2906 379.0400 254.0374 1.4928 1.6743 4.4207 -6.9505 1.6653 17.0445 -1.6208 0.1899
Car -1 -1 -0.1014 1069.6647 164.4423 1151.7593 186.6984 1.4415 1.6657 4.3814 33.5366 0.8971 48.5139 0.5004 0.1667
Car -1 -1 -0.0254 93.0829 155.8856 189.5300 194.6634 2.2507 1.7730 4.8501 -28.5317 1.2662 43.9738 -0.5983 0.1552
