Pedestrian -1 -1 1.7384 481.0670 173.4140 499.6752 214.2212 1.7918 0.6725 0.9349 -5.3667 1.8175 32.1603 1.5739 0.6732
Cyclist -1 -1 -1.6020 502.6508 171.5584 518.0171 211.5767 1.8292 0.6553 1.8901 -4.7403 1.7703 33.9646 -1.7401 0.5311
Cyclist -1 -1 1.7384 481.0670 173.4140 499.6752 214.2212 1.7918 0.6725 0.9349 -5.3667 1.8175 32.1603 1.5739 0.1328
Car -1 -1 -1.6115 429.8841 180.9399 476.9613 223.3021 1.4478 1.5895 3.8868 -6.0734 1.7801 27.5338 -1.8271 0.9211
Car -1 -1 -1.2979 0.0000 194.6371 100.1266 262.2144 1.4622 1.5864 3.6923 -14.8717 2.0942 18.9131 -1.9576 0.9133
Car -1 -1 -1.7672 642.6199 172.4448 704.1793 217.8421 1.4585 1.4769 3.3287 2.0780 1.4457 24.9167 -1.6856 0.8987
Car -1 -1 -1.7601 608.7682 171.1956 655.3697 207.0113 1.4901 1.4592 3.2019 0.8824 1.4215 31.7148 -1.7330 0.8970
Car -1 -1 -1.8291 722.5082 151.5103 918.6433 286.7602 1.6371 1.6713 4.2447 2.8304 1.3791 10.8621 -1.5817 0.8945
Car -1 -1 -1.7503 567.6759 175.7986 604.9431 201.6388 1.4824 1.6206 3.6896 -1.5139 1.6696 43.8152 -1.7851 0.8859
Car -1 -1 1.3393 692.4189 176.3513 808.7003 251.5202 1.4187 1.5762 3.9638 2.8774 1.5056 15.8259 1.5150 0.7659
Car -1 -1 -1.6107 550.1016 174.0245 573.0269 195.6908 1.5590 1.5685 3.3920 -3.6693 1.6496 53.8772 -1.6788 0.6383
Car -1 -1 -1.6320 432.1837 179.4366 473.7112 216.2455 1.5923 1.6788 3.7213 -7.4747 1.9209 33.9516 -1.8475 0.5793
