Pedestrian -1 -1 -1.4939 503.4582 165.8253 534.5396 224.9048 1.6190 0.8112 0.7708 -2.3270 1.1906 20.0844 -1.6129 0.5273
Pedestrian -1 -1 -1.7564 298.5247 198.2725 413.8296 374.0000 1.5971 0.7753 0.7407 -2.0858 1.7489 5.9260 -2.0881 0.4930
Pedestrian -1 -1 -0.2708 0.0000 149.5964 45.4618 286.5921 1.6757 0.6416 0.4246 -7.4985 1.2868 9.1433 -0.9491 0.4103
Pedestrian -1 -1 0.0165 21.4331 159.3485 145.7899 374.0000 1.7528 0.7044 0.8418 -4.5451 1.5768 6.2767 -0.5969 0.3503
Pedestrian -1 -1 1.0730 673.7217 180.5907 702.2787 234.2370 1.5553 0.5640 0.7122 2.5290 1.5301 21.2594 1.1846 0.3358
Pedestrian -1 -1 -2.4221 685.6249 177.5696 721.0577 239.4013 1.6574 0.6467 0.7149 2.7675 1.5532 19.7339 -2.2900 0.2920
Pedestrian -1 -1 -1.6731 702.8192 169.6125 717.9819 205.7005 1.6910 0.6309 0.7580 5.1509 1.1349 34.0480 -1.5291 0.2507
Pedestrian -1 -1 1.1178 280.0779 203.6914 373.4088 374.0000 1.5609 0.5474 0.8022 -2.7138 1.7917 6.9518 0.7515 0.2033
Pedestrian -1 -1 1.6592 736.8937 175.6886 772.2108 257.1334 1.7992 0.7205 0.9211 3.4709 1.6720 16.4101 1.8589 0.1806
Pedestrian -1 -1 -1.7362 654.7015 168.6582 672.2802 209.1297 1.6160 0.4765 1.4352 2.5160 1.1043 29.4163 -1.6567 0.1257
Cyclist -1 -1 1.3357 710.4171 140.9890 732.1677 183.6744 1.8954 0.6724 1.3305 5.4151 0.0975 32.5832 1.4944 0.1879
Cyclist -1 -1 -1.7362 654.7015 168.6582 672.2802 209.1297 1.6160 0.4765 1.4352 2.5160 1.1043 29.4163 -1.6567 0.1778
Cyclist -1 -1 0.4462 252.8725 185.3371 407.9039 374.0000 1.6609 0.7000 0.9957 -2.2615 1.6961 5.9424 0.0901 0.1416
Car -1 -1 -2.2347 952.4622 39.9498 1238.0000 374.0000 1.5197 1.5615 3.5755 3.0455 1.2642 3.1333 -1.5098 0.6585
Car -1 -1 3.0024 444.5386 169.9502 512.2562 196.7450 1.5303 1.6465 3.7408 -7.2674 0.8714 42.3811 2.8287 0.2252
Car -1 -1 -1.2744 516.4601 175.5615 570.4875 214.8127 1.4870 1.4744 2.5536 -2.2861 1.2631 28.6145 -1.3586 0.2011
Car -1 -1 -2.2957 692.2581 153.4671 747.5646 183.7859 2.4773 1.8888 4.8567 10.0721 0.1873 61.2469 -2.1383 0.1996
Car -1 -1 -2.3018 683.3917 182.4219 815.9116 240.8820 1.5088 1.5777 3.7808 4.1148 1.5390 20.6261 -2.1127 0.1700
