Cyclist -1 -1 1.6261 507.5152 175.7579 527.1428 225.4922 1.6914 0.5935 1.7945 -3.3148 1.7983 25.5586 1.4978 0.9001
Car -1 -1 3.5386 92.5288 176.9938 360.4144 266.1747 1.5164 1.6385 4.0544 -6.9571 1.5988 13.3278 3.0653 0.9500
Car -1 -1 -1.7196 629.5401 180.3416 679.5473 215.4769 1.4546 1.6448 4.3043 1.9280 1.8207 33.0319 -1.6624 0.9478
Car -1 -1 2.6907 781.9614 185.7116 1025.1801 268.9303 1.5242 1.6585 4.2422 5.7484 1.8012 14.5214 3.0598 0.9452
Car -1 -1 -0.3800 745.0573 182.5222 932.7127 246.3512 1.4357 1.5697 4.0370 5.4136 1.6829 17.4685 -0.0850 0.9315
Car -1 -1 2.3903 1026.6642 185.9685 1242.0000 368.9861 1.4345 1.6153 4.0661 6.2585 1.5704 6.6135 3.1255 0.9263
Car -1 -1 -2.4398 0.0000 182.3460 259.1581 316.6400 1.4450 1.5415 3.9374 -6.6555 1.5729 8.7914 -3.0735 0.9262
Car -1 -1 -0.3344 745.7874 166.1163 899.7852 223.5763 1.5015 1.5779 3.7285 5.7041 1.3258 19.7474 -0.0577 0.9001
Car -1 -1 0.2581 366.8613 180.7224 486.4379 221.3008 1.4627 1.6132 4.0860 -6.8806 1.7684 27.1594 0.0118 0.8843
Car -1 -1 0.3838 153.4270 152.0988 404.9651 242.6958 1.8683 1.7882 4.6988 -7.1488 1.4407 15.8506 -0.0340 0.8676
Car -1 -1 -0.4579 906.0662 189.7362 1242.0000 324.5122 1.5372 1.6135 3.7361 6.0107 1.7816 9.4494 0.0936 0.8619
Car -1 -1 -0.4766 867.6261 182.7848 1151.5011 284.9235 1.5480 1.6174 3.7875 6.3827 1.7235 11.9083 0.0043 0.8514
Car -1 -1 3.8179 0.0000 193.5508 173.2022 375.0000 1.4109 1.6622 4.2143 -6.5053 1.6217 6.2868 3.0366 0.7882
