Pedestrian -1 -1 0.2047 701.2524 154.5541 742.0012 239.3475 1.7512 0.6818 0.7370 2.3295 1.3736 15.3455 0.3517 0.6808
Pedestrian -1 -1 -1.6409 730.1305 154.7446 759.0762 233.4933 1.7289 0.5770 0.8676 2.9823 1.3317 16.3009 -1.4638 0.4774
Pedestrian -1 -1 1.5140 685.1802 165.9797 712.2856 240.2035 1.6845 0.5461 1.4598 2.0420 1.5288 17.1171 1.6298 0.3401
Cyclist -1 -1 -1.7673 680.0490 166.7329 715.6944 240.9516 1.6848 0.5380 1.5584 2.0240 1.5462 17.1753 -1.6528 0.6337
Cyclist -1 -1 -2.6176 711.0831 148.9105 805.6053 247.2452 1.7629 0.5541 1.7061 2.7431 1.3340 13.7020 -2.4249 0.4535
Cyclist -1 -1 1.8565 387.5594 175.6362 400.7588 199.0171 1.6836 0.5127 1.5449 -15.8486 1.8909 52.9095 1.5665 0.3956
Cyclist -1 -1 -1.6409 730.1305 154.7446 759.0762 233.4933 1.7289 0.5770 0.8676 2.9823 1.3317 16.3009 -1.4638 0.1343
Car -1 -1 -1.2607 176.5289 176.4348 471.0009 375.0000 1.5752 1.6393 4.0813 -2.7418 1.6246 7.8269 -1.5883 0.9605
Car -1 -1 1.7395 447.2335 176.5564 479.1879 199.8596 1.5181 1.5756 3.5000 -10.0288 1.7808 49.3406 1.5396 0.7984
Car -1 -1 -1.5589 590.5569 168.4722 617.4664 192.7722 1.5076 1.6697 4.2667 -0.3976 1.2361 46.8995 -1.5677 0.6614
Car -1 -1 -3.2545 730.2872 170.6619 895.0466 226.7607 1.4725 1.5249 4.2401 5.4502 1.4153 20.0051 -2.9928 0.6159
Car -1 -1 1.8190 316.1550 178.6379 383.5669 219.4858 1.4215 1.5479 3.7121 -9.8943 1.6582 27.5702 1.4771 0.4932
Car -1 -1 -1.0909 103.4240 179.6325 213.2058 226.1167 1.4973 1.5926 4.1577 -16.1541 1.7619 25.9911 -1.6427 0.3640
