Pedestrian -1 -1 -0.7603 785.9379 123.9561 879.6030 284.3405 1.7287 0.6174 0.8265 2.4842 1.2020 8.2386 -0.4781 0.7643
Pedestrian -1 -1 1.8325 748.1571 161.2616 807.0515 284.0600 1.6402 0.6360 0.7629 2.3055 1.4857 10.1198 2.0492 0.5777
Pedestrian -1 -1 1.4190 174.7465 183.0941 197.7366 231.0963 1.7081 0.6255 0.7091 -15.5196 2.0891 26.3460 0.8908 0.4264
Pedestrian -1 -1 0.7779 71.9189 157.7313 176.9880 321.8811 1.7626 0.6307 0.7594 -5.5096 1.6006 8.1286 0.1970 0.3900
Pedestrian -1 -1 -1.5856 699.7652 167.1652 711.4245 199.1646 1.8142 0.6501 0.6061 5.4271 1.4920 41.2425 -1.4561 0.2587
Pedestrian -1 -1 -2.3243 792.7410 149.9732 924.4164 300.2372 1.7549 0.5452 1.7432 3.0993 1.4880 9.3282 -2.0140 0.2020
Cyclist -1 -1 -2.3334 792.3627 149.7481 924.6058 301.9199 1.7747 0.5397 1.7443 3.0935 1.5056 9.3146 -2.0232 0.6721
Cyclist -1 -1 -2.8454 827.7642 116.0623 1038.0425 318.7970 1.6465 0.6589 1.6501 2.8759 1.1857 6.6360 -2.4530 0.5422
Cyclist -1 -1 -0.7242 783.2697 123.5980 883.3715 285.7069 1.7459 0.6277 0.9073 2.4919 1.2158 8.2457 -0.4413 0.1449
Car -1 -1 1.8566 390.6170 183.1659 446.7750 214.6374 1.4156 1.6118 4.0621 -9.4662 1.9577 35.8520 1.5998 0.8887
Car -1 -1 2.1452 0.0000 202.1309 191.2124 301.4430 1.4253 1.5216 3.8020 -9.6459 2.0486 13.4198 1.5312 0.8294
Car -1 -1 -1.5788 601.0794 174.4679 627.6680 198.2752 1.4600 1.6404 3.8651 0.2305 1.5686 46.4431 -1.5743 0.7944
Car -1 -1 0.0893 1041.2635 152.4548 1115.7896 182.3775 1.8268 1.6866 3.8455 29.7446 0.5818 45.8943 0.6613 0.3561
Car -1 -1 -0.5407 0.0000 0.0000 1242.0000 375.0000 1.5457 1.6660 3.8858 -2.7532 1.5918 1.1107 -1.6434 0.3216
