Pedestrian -1 -1 -2.5896 441.1321 146.9277 461.8812 193.5697 2.0066 0.6375 0.6450 -6.9460 0.8916 31.4464 -2.8055 0.3962
Pedestrian -1 -1 -1.5387 587.5895 156.5663 602.9393 195.9847 1.9675 0.7543 0.6188 -0.7763 1.1549 36.3242 -1.5603 0.2837
Pedestrian -1 -1 1.5234 1014.9165 161.5671 1033.0074 207.3018 1.7411 0.5739 0.6110 15.9424 1.3118 27.8683 2.0382 0.2539
Pedestrian -1 -1 1.2406 896.1056 179.2814 953.0449 274.3898 1.7881 0.7698 0.8736 6.0735 1.9181 14.0874 1.6390 0.2518
Pedestrian -1 -1 0.4945 823.6789 169.3242 859.7825 240.5821 1.7946 0.6281 0.6718 5.9345 1.7060 18.6281 0.7975 0.1595
Pedestrian -1 -1 -1.8386 1086.8875 144.0175 1114.1444 197.7843 1.9119 0.6071 0.8575 17.7307 0.8869 26.1572 -1.2482 0.1322
Pedestrian -1 -1 -3.4206 994.2643 169.6618 1049.7637 270.1105 1.6497 0.5467 0.6850 6.8967 1.5976 12.1899 -2.9168 0.1247
Pedestrian -1 -1 1.1927 877.9249 151.8775 910.0065 206.5157 1.7771 0.6071 1.1501 9.4053 1.0952 24.0426 1.5612 0.1175
Pedestrian -1 -1 -1.1013 449.3669 155.6139 464.1731 187.1109 1.9689 0.7004 0.6386 -9.6930 0.8916 45.4998 -1.3102 0.1106
Pedestrian -1 -1 1.3861 1176.5009 146.7146 1209.7192 208.4668 1.9014 0.7250 0.5104 18.2187 1.0969 22.6092 2.0579 0.1105
Car -1 -1 -1.7679 673.3272 182.2875 773.2039 250.7817 1.4845 1.6659 4.2255 2.6949 1.7535 18.3845 -1.6256 0.9763
Car -1 -1 -3.3710 993.5458 147.3871 1125.3170 189.9693 1.6196 1.6366 4.2080 17.8157 0.6513 28.8778 -2.8228 0.1478
