Car -1 -1 -1.5787 620.2209 178.6759 695.2654 245.2850 1.5464 1.7432 3.3578 1.2089 1.3957 18.4104 -1.5146 0.9466
Car -1 -1 -1.1285 60.4155 190.5602 252.0897 278.3453 1.4122 1.5712 3.8381 -8.4475 1.5306 13.7894 -1.6697 0.8692
Car -1 -1 2.2131 0.0000 204.3368 237.7602 376.0000 1.4366 1.5398 3.7425 -4.3613 1.6243 5.1099 1.5322 0.8105
Car -1 -1 -1.4778 681.6816 180.3204 713.0127 206.1184 1.5114 1.5779 3.6759 5.5035 1.2257 44.0745 -1.3548 0.7717
Car -1 -1 -0.9179 0.0000 192.1770 95.1913 273.1612 1.3853 1.5563 3.6175 -12.3631 1.5443 14.4524 -1.6166 0.5808
Car -1 -1 -1.4169 481.6462 176.7927 523.1995 207.1771 1.4804 1.5614 3.6822 -5.3809 1.0711 36.8682 -1.5611 0.5686
Car -1 -1 -1.0521 127.0089 154.7465 264.2000 213.8839 1.5968 1.7510 4.0423 -12.1432 0.7752 21.4357 -1.5621 0.5647
Car -1 -1 2.0523 103.4997 180.3281 172.3808 210.4821 1.6209 1.6099 3.9479 -26.5186 1.3593 40.6785 1.4773 0.4774
Car -1 -1 2.1616 0.0000 184.6948 68.0626 216.9636 1.5914 1.7513 4.0402 -30.4764 1.5668 37.5368 1.4828 0.4015
Car -1 -1 -1.7420 599.1010 173.7662 627.7952 195.1456 1.6784 1.6664 4.0358 0.4126 0.7807 58.5567 -1.7354 0.3977
