Pedestrian -1 -1 1.1854 844.9548 104.7743 969.1522 333.0998 1.7434 0.6812 0.7714 2.3862 1.1669 5.7832 1.5602 0.3809
Pedestrian -1 -1 -1.7736 824.6199 159.4999 842.6700 199.7525 1.8208 0.6483 0.7429 10.4498 0.8723 32.3823 -1.4625 0.3072
Pedestrian -1 -1 -1.0223 0.0000 158.0181 16.0828 209.1783 1.8691 0.6815 0.4801 -22.3229 1.0492 26.1146 -1.7217 0.2563
Pedestrian -1 -1 0.6458 303.1924 174.4229 319.4137 199.9727 1.7617 0.5171 0.9146 -20.3985 1.3440 49.1143 0.2562 0.2142
Pedestrian -1 -1 -0.7017 424.1335 171.2324 445.6780 195.5322 1.7934 0.6824 1.4778 -12.7310 1.1107 52.9748 -0.9345 0.1744
Cyclist -1 -1 -0.7017 424.1335 171.2324 445.6780 195.5322 1.7934 0.6824 1.4778 -12.7310 1.1107 52.9748 -0.9345 0.1262
Car -1 -1 -1.4616 558.0344 167.2455 579.5804 183.5474 1.4753 1.5979 3.7824 -3.3212 0.2769 65.9167 -1.5098 0.5670
Car -1 -1 2.1573 28.9521 143.8070 191.1050 212.5096 1.7820 1.7879 4.1842 -14.1012 0.8318 20.4335 1.5626 0.3344
Car -1 -1 0.8889 677.6035 165.1374 725.4180 186.1815 1.6405 1.6956 3.9959 7.7877 0.4441 57.2604 1.0251 0.3184
Car -1 -1 1.7372 392.8084 173.3524 422.2175 194.4514 1.5820 1.5905 3.7706 -15.3025 1.0473 54.9662 1.4689 0.2981
Car -1 -1 -0.3706 775.5052 153.4704 838.2381 176.3865 1.6223 1.6575 4.0618 14.6624 -0.3038 51.4264 -0.0926 0.2501
Car -1 -1 1.7340 564.5124 172.7458 595.2465 197.2716 1.7702 1.6614 4.0909 -1.8387 1.2118 53.1637 1.7013 0.1857
Car -1 -1 1.5961 627.2418 175.5481 653.7883 202.0443 1.6269 1.6024 3.8812 2.3146 1.3242 45.4050 1.6483 0.1760
