Pedestrian -1 -1 -1.7279 953.3837 167.3725 969.3636 199.4311 1.8181 0.7501 0.5053 20.0592 1.5076 41.2674 -1.2786 0.2404
Car -1 -1 -3.4396 838.6620 173.5705 904.6061 195.1158 1.4142 1.5878 3.8512 17.4436 1.4634 48.2984 -3.0953 0.9148
Car -1 -1 2.5596 178.2534 178.7144 278.6549 216.9382 1.5635 1.4941 3.7450 -16.9395 1.8410 32.1231 2.0775 0.8674
Car -1 -1 2.6155 117.7942 181.5682 214.5850 213.6409 1.4886 1.5715 3.9407 -22.5451 1.9581 36.7378 2.0681 0.8064
Car -1 -1 -2.3519 0.0000 181.1924 45.5814 229.5696 1.4266 1.6238 4.0998 -20.3066 1.6982 22.5353 -3.0795 0.3374
Car -1 -1 -0.7983 425.8690 175.5154 483.5934 200.5664 1.5411 1.5366 3.6632 -10.0486 1.7211 46.7601 -1.0092 0.3216
Car -1 -1 1.1759 806.0784 169.7458 846.1230 190.4995 1.6913 1.6970 4.3347 18.2038 1.4384 61.0445 1.4641 0.2876
Car -1 -1 1.9369 281.8400 174.7944 317.3419 194.2087 1.6584 1.6161 3.8554 -27.4980 1.8360 63.9793 1.5322 0.2771
Car -1 -1 -1.8006 845.0970 171.4273 874.4025 189.2971 1.4824 1.5263 3.8467 21.3451 1.3644 61.8448 -1.4700 0.2098
Car -1 -1 1.7538 377.2386 179.5894 414.2687 206.0525 1.5706 1.5794 3.8379 -13.5882 2.0173 45.8244 1.4667 0.1936
