Pedestrian -1 -1 -0.0092 871.4853 135.0845 923.0108 244.0780 1.7704 0.6207 0.7867 4.7712 1.1572 12.1452 0.3564 0.5025
Pedestrian -1 -1 1.6475 971.6331 150.9335 1041.1168 325.3033 1.7879 0.6260 0.6914 4.2675 1.5635 7.8546 2.1286 0.4772
Car -1 -1 -1.2581 49.4208 183.7633 445.6653 375.0000 1.4880 1.6392 4.2315 -2.6757 1.6179 6.3973 -1.6408 0.9651
Car -1 -1 -1.8523 731.6884 174.5448 950.2612 315.3028 1.4085 1.5433 3.6395 2.5832 1.4345 9.0921 -1.5850 0.9650
Car -1 -1 -1.2892 339.9985 181.6931 522.6427 300.3079 1.4782 1.6356 4.2272 -2.6330 1.6455 11.4695 -1.5109 0.9514
Car -1 -1 -1.7196 658.6525 172.6878 721.6895 220.4831 1.5227 1.5800 3.9023 2.6466 1.5178 24.9700 -1.6158 0.9489
Car -1 -1 -1.6031 543.9656 172.6693 577.6838 204.1401 1.5939 1.6585 4.2396 -2.7236 1.5849 38.7348 -1.6733 0.8885
Car -1 -1 -2.0983 809.9177 157.5489 1242.0000 375.0000 1.5120 1.6008 3.9124 2.3139 1.4756 3.6875 -1.5740 0.8068
Car -1 -1 -1.7131 643.8803 172.7600 686.4889 206.6261 1.6654 1.6334 4.0868 2.7787 1.6612 37.5758 -1.6404 0.7901
Car -1 -1 -1.4021 414.5631 183.5685 515.0351 260.2054 1.4492 1.5817 3.5584 -3.1335 1.7130 15.9409 -1.5939 0.5759
Car -1 -1 1.6953 571.4370 167.0265 602.4472 194.1372 1.8989 1.7339 4.4359 -1.6701 1.4911 52.8253 1.6635 0.4849
