Pedestrian -1 -1 2.1648 654.1560 166.5227 670.6097 197.9581 1.8355 0.5529 0.9167 3.0656 1.4662 42.6595 2.2356 0.2445
Pedestrian -1 -1 2.5617 27.4123 185.6162 52.7520 220.0015 1.7694 0.5171 0.9143 -30.0680 2.4516 38.0259 1.8959 0.2144
Pedestrian -1 -1 1.4775 674.4803 161.5738 688.4786 198.1994 1.7351 0.5557 1.2322 3.4028 1.2011 34.7958 1.5737 0.1083
Cyclist -1 -1 1.4775 674.4803 161.5738 688.4786 198.1994 1.7351 0.5557 1.2322 3.4028 1.2011 34.7958 1.5737 0.2341
Cyclist -1 -1 2.1362 171.0708 183.5338 193.7211 209.8961 1.7191 0.5891 1.5112 -28.7233 2.4477 48.4335 1.6031 0.2183
Car -1 -1 2.2864 188.5802 183.3858 286.4868 216.6005 1.4478 1.6750 4.5652 -18.1767 2.0002 35.3994 1.8148 0.8535
Car -1 -1 2.7508 317.7125 177.0295 390.3057 200.0629 1.5275 1.6993 4.5063 -17.9943 1.8340 50.7580 2.4115 0.7352
Car -1 -1 -0.4551 947.0100 166.4546 1005.6991 185.7565 1.4707 1.5451 3.7470 28.2592 0.9834 55.7682 0.0116 0.6783
Car -1 -1 2.6761 369.3110 173.4841 438.9626 200.0386 1.6021 1.6619 3.8978 -12.9948 1.6439 45.5501 2.3994 0.4687
Car -1 -1 2.9421 491.2177 171.7335 548.4243 192.6902 1.5621 1.6391 4.0998 -6.9316 1.4789 55.2101 2.8174 0.3532
Car -1 -1 3.0699 534.6578 176.4393 591.2572 200.3285 1.5618 1.6162 3.6911 -3.2164 1.8086 48.5385 3.0036 0.2726
Car -1 -1 1.3323 1079.9971 175.3926 1122.4945 198.7073 1.5711 1.5682 4.0420 34.8090 1.7595 51.2600 1.9258 0.2710
