Pedestrian -1 -1 3.3749 217.0318 180.6728 275.6414 284.8901 1.7885 0.5577 0.8204 -6.4893 1.9315 12.7987 2.9134 0.5536
Pedestrian -1 -1 3.3731 284.1696 179.5323 325.6135 265.1722 1.7780 0.6091 0.6920 -6.5492 1.9241 15.3901 2.9764 0.4446
Pedestrian -1 -1 3.2662 107.4069 187.3944 187.8538 320.7433 1.7700 0.5234 0.8861 -6.4985 1.9823 10.0915 2.7056 0.3203
Pedestrian -1 -1 -0.6231 338.6386 185.3714 374.9223 253.1328 1.6938 0.6594 0.6158 -6.5887 2.0252 18.6379 -0.9590 0.2868
Pedestrian -1 -1 0.9124 0.4450 129.1395 78.2349 244.1594 1.8464 0.6567 0.8135 -9.5331 1.1450 11.9991 0.2518 0.2638
Pedestrian -1 -1 2.4273 736.4786 178.1729 780.2169 255.4775 1.7739 0.5700 0.8490 3.4606 1.9035 17.0749 2.6228 0.2626
Pedestrian -1 -1 -1.1038 79.4213 170.7729 114.3840 228.4878 1.7409 0.5935 0.7659 -15.8134 1.6785 22.1840 -1.7176 0.2559
Pedestrian -1 -1 2.8829 614.1455 171.5971 628.0797 199.1839 1.8017 0.5174 0.8107 0.6988 1.7199 47.4693 2.8970 0.2460
Pedestrian -1 -1 -1.5241 870.4717 153.9954 903.6702 230.0495 1.7822 0.7200 0.7040 6.6263 1.3406 17.3705 -1.1658 0.2446
Pedestrian -1 -1 -1.4812 650.3859 165.0196 666.1858 206.1293 1.7743 0.6092 0.9826 2.0839 1.4365 31.6704 -1.4166 0.1741
Cyclist -1 -1 -3.2447 811.2472 176.3464 906.9565 258.7351 1.6675 0.6825 1.8366 5.1549 1.7439 15.1774 -2.9241 0.2850
Car -1 -1 3.3571 174.5286 180.0337 362.5606 245.4474 1.6595 1.8189 4.4096 -9.3188 1.8721 19.9634 2.9251 0.9756
Car -1 -1 -1.4909 452.6363 186.7522 502.2937 231.6041 1.4557 1.5139 3.2217 -4.7871 1.9918 26.1341 -1.6709 0.9476
Car -1 -1 1.6480 477.2789 183.1986 519.2047 220.4633 1.5303 1.5812 3.9327 -5.0572 2.0295 32.7697 1.4955 0.8466
Car -1 -1 1.4512 594.8022 169.6036 622.2810 192.1502 1.8003 1.7458 4.5428 -0.1853 1.5412 59.9733 1.4478 0.2500
