Pedestrian -1 -1 -1.6769 1003.7426 155.1937 1072.6632 302.7792 1.6517 0.5985 0.7992 5.1131 1.3587 8.5230 -1.1554 0.8614
Pedestrian -1 -1 2.2160 207.8525 164.4201 324.1444 358.3519 1.6883 0.6921 0.7081 -3.1440 1.5410 6.6704 1.7842 0.7113
Pedestrian -1 -1 -1.7569 779.3486 175.4736 813.3016 246.8587 1.6178 0.6342 0.6948 4.4725 1.4825 16.6452 -1.5038 0.6309
Pedestrian -1 -1 1.3995 612.6167 182.1477 629.5410 218.2879 1.7297 0.6775 0.8708 0.9403 1.7625 34.8753 1.4210 0.6260
Pedestrian -1 -1 -2.7244 501.0176 172.3517 526.5881 217.3827 1.7823 0.5574 0.8682 -3.5315 1.4212 28.8205 -2.8505 0.5350
Pedestrian -1 -1 1.3040 811.6612 169.9223 844.9319 245.8795 1.6420 0.5697 0.5432 4.9490 1.3929 15.8047 1.5974 0.5164
Pedestrian -1 -1 -2.7914 690.3592 170.4409 715.3997 214.7745 1.8239 0.6474 0.8700 4.2279 1.3699 30.0385 -2.6579 0.4741
Pedestrian -1 -1 2.3923 886.4231 165.2167 940.5795 232.3930 1.7289 0.5407 1.2959 8.2054 1.3110 18.9619 2.7904 0.4712
Pedestrian -1 -1 -1.6949 858.8718 187.8311 917.8892 290.8050 1.5516 0.7665 0.7349 4.4625 1.6566 11.3232 -1.3330 0.4579
Pedestrian -1 -1 2.7587 495.9907 176.0824 520.5997 223.1293 1.7905 0.7554 0.7128 -3.6319 1.5853 27.8396 2.6250 0.4466
Pedestrian -1 -1 -1.7252 1135.2871 85.5531 1238.0000 308.6456 1.7406 0.6083 1.0148 5.0171 0.9934 6.1931 -1.0700 0.4010
Pedestrian -1 -1 -3.0694 778.9980 175.3739 867.1813 374.0000 1.5593 0.7071 0.6685 1.8192 1.5131 6.0246 -2.7941 0.2999
Pedestrian -1 -1 -3.0621 669.5002 173.5229 685.6759 201.5174 1.8130 0.5603 1.0118 4.9813 1.2971 46.8849 -2.9619 0.2990
Cyclist -1 -1 1.1176 869.7053 174.1408 1053.5353 374.0000 1.7528 0.5202 1.8182 2.7487 1.7041 5.8111 1.5360 0.4956
Cyclist -1 -1 2.3882 879.5604 166.2384 941.2772 233.5408 1.7255 0.5795 1.5175 8.1206 1.3354 18.9518 2.7828 0.4288
Cyclist -1 -1 0.8808 384.6624 177.6214 467.6316 266.1991 1.7751 0.6627 1.8703 -3.7678 1.6986 15.2154 0.6364 0.3307
Cyclist -1 -1 -1.8310 1130.5031 85.1784 1238.0000 309.5078 1.7545 0.5405 1.0776 5.0168 1.0025 6.2167 -1.1776 0.2282
Cyclist -1 -1 1.4146 612.7027 182.1700 629.3985 218.3012 1.7303 0.6731 0.9030 0.9397 1.7642 34.9090 1.4361 0.1164
Cyclist -1 -1 -3.0621 669.5002 173.5229 685.6759 201.5174 1.8130 0.5603 1.0118 4.9813 1.2971 46.8849 -2.9619 0.1019
Car -1 -1 1.6842 549.5078 168.3696 599.4944 214.9662 2.0583 1.8752 4.6832 -1.2111 1.4792 34.1319 1.6438 0.8385
Car -1 -1 1.6295 624.0539 172.7464 647.6397 194.3638 1.6119 1.6183 3.9028 2.7145 0.9598 55.5834 1.6732 0.5465
Car -1 -1 0.8502 354.6867 160.9081 457.0233 199.6542 1.5265 1.6173 4.4307 -8.2742 0.7162 30.1884 0.5800 0.3660
