Car -1 -1 0.4857 100.9998 175.6499 333.7390 269.3954 1.5959 1.6261 3.3561 -7.0735 1.6503 13.1420 -0.0001 0.9430
Car -1 -1 -2.3502 753.3887 178.2815 878.4549 230.1749 1.4107 1.5593 3.6107 6.1231 1.5911 21.9768 -2.0826 0.9348
Car -1 -1 -1.7988 623.1557 176.2120 671.3951 208.4737 1.4344 1.5383 3.4442 1.6807 1.6029 34.2910 -1.7508 0.9254
Car -1 -1 3.4976 163.5906 180.2370 383.8483 263.7678 1.6210 1.6382 3.8532 -6.9523 1.7857 15.1168 3.0726 0.8420
Car -1 -1 3.8843 0.0000 189.2292 101.9060 375.0000 1.5017 1.6249 3.7327 -6.6952 1.6582 5.9165 3.0597 0.7963
Car -1 -1 3.3537 372.9934 180.5923 483.0065 217.6722 1.4671 1.6255 4.1551 -7.4900 1.7964 29.7920 3.1091 0.7956
Car -1 -1 -1.6180 610.5863 175.1758 639.8549 201.3227 1.5050 1.5824 4.0012 0.8532 1.6531 43.9089 -1.5992 0.7477
Car -1 -1 -2.7501 319.0476 179.1778 454.9124 222.9650 1.4366 1.6038 4.1964 -7.7020 1.6644 24.9540 -3.0469 0.7464
Car -1 -1 0.3467 214.6638 152.8114 444.8000 241.5559 2.0527 1.8736 4.9064 -6.7541 1.5894 17.6578 -0.0141 0.7071
Car -1 -1 -2.9249 417.9753 180.4739 497.7501 211.7764 1.5428 1.6416 3.7162 -7.7544 1.9407 36.8067 -3.1315 0.6065
Car -1 -1 1.7472 497.8745 178.5762 532.1869 202.8158 1.5268 1.6005 4.0468 -6.3638 1.9280 48.4758 1.6169 0.5820
Car -1 -1 -1.3799 436.8850 176.0384 476.7635 203.6186 1.5479 1.6439 3.6705 -9.0625 1.7452 42.7683 -1.5878 0.5096
