Pedestrian -1 -1 -0.1232 514.4282 180.6935 539.6752 233.2299 1.6792 0.6246 0.7472 -2.7590 1.9399 23.5685 -0.2392 0.1799
Pedestrian -1 -1 1.4059 1079.6547 155.0348 1121.1581 242.0366 1.7439 0.5583 0.9263 10.1286 1.3871 14.9968 1.9904 0.1794
Pedestrian -1 -1 -1.3244 367.0102 163.0515 408.4654 249.0860 1.8705 0.7352 0.6882 -4.9836 1.6578 16.0470 -1.6215 0.1612
Pedestrian -1 -1 -1.4996 677.0107 173.3647 697.3950 218.2880 1.7740 0.7761 0.5246 3.0448 1.7950 28.8234 -1.3961 0.1410
Cyclist -1 -1 -1.8926 783.4222 157.3847 828.3344 225.2727 1.8208 0.6058 2.0071 5.4527 1.4062 20.3702 -1.6352 0.8400
Cyclist -1 -1 -2.1846 774.0701 172.9505 797.5938 202.4691 1.6210 0.4963 1.5122 9.8054 1.6269 40.4194 -1.9487 0.1711
Car -1 -1 -1.6079 586.5585 177.9270 650.5934 240.0281 1.6345 1.7180 4.5476 0.1113 1.8034 21.6650 -1.6037 0.9116
Car -1 -1 -1.5677 519.0303 173.6386 543.4279 195.8492 1.4932 1.6385 3.9631 -5.5592 1.5510 50.7093 -1.6767 0.3525
Car -1 -1 -1.1726 284.5505 142.5270 482.6255 266.7402 1.9604 1.8890 4.6510 -4.0816 1.4821 13.8037 -1.4556 0.2082
Car -1 -1 1.9032 266.4310 185.4327 308.3808 211.0326 1.7084 1.6154 3.7682 -23.2249 2.6494 52.0076 1.4848 0.2058
Car -1 -1 1.3657 582.8498 168.5463 616.6097 193.5250 1.6834 1.5927 3.9590 -0.7921 1.3934 50.7298 1.3498 0.1080
