Pedestrian -1 -1 -3.7386 1204.5737 109.1822 1242.0000 204.3789 1.8998 0.6000 0.7433 12.7094 0.6295 14.7344 -3.0365 0.1296
Cyclist -1 -1 2.2136 160.5465 181.5919 193.7987 213.4507 1.7828 0.5043 2.0941 -25.2233 2.3051 42.0273 1.6756 0.5990
Cyclist -1 -1 -2.1796 972.7399 152.8170 1015.8739 206.5085 1.7561 0.4947 1.5267 12.9227 1.1011 24.3848 -1.6975 0.2054
Cyclist -1 -1 -2.6643 1006.9451 167.4198 1084.6652 232.9446 1.6994 0.6938 1.6742 11.7662 1.5588 19.6040 -2.1309 0.2004
Cyclist -1 -1 2.2007 139.0001 174.3497 172.4263 211.9164 1.7703 0.5146 1.6127 -21.9877 1.8447 34.8878 1.6416 0.1474
Cyclist -1 -1 2.8554 707.3096 141.2809 758.5121 196.2177 1.7942 0.5839 1.5739 4.0277 0.7634 23.9474 3.0198 0.1164
Car -1 -1 -1.6184 586.0103 178.6089 617.6640 206.9758 1.5178 1.6239 3.7898 -0.5426 1.8633 41.3319 -1.6320 0.6740
Car -1 -1 -0.8231 148.7984 169.9779 230.5735 202.6493 1.5260 1.5450 3.4483 -20.6643 1.3921 35.5522 -1.3465 0.1941
Car -1 -1 1.7489 426.8175 180.1575 478.5182 215.5134 1.4230 1.5594 3.8806 -6.9081 1.7653 31.8158 1.5364 0.1407
Car -1 -1 -0.4740 698.3397 166.0393 770.2387 194.0692 1.5396 1.5861 3.7062 7.0088 1.1657 40.9449 -0.3060 0.1082
Car -1 -1 1.8979 251.4763 186.3058 393.1794 263.7597 1.4692 1.7010 4.2837 -6.4605 1.8198 16.6120 1.5318 0.1078
Car -1 -1 2.0484 131.4562 181.3467 197.9630 210.4869 1.5994 1.6928 4.0299 -26.4018 2.1289 42.8781 1.4990 0.1006
