Car -1 -1 -1.8839 742.9207 188.3170 983.0995 343.0466 1.3926 1.5407 3.6643 2.6990 1.6193 8.7106 -1.5943 0.9747
Car -1 -1 0.4647 78.4213 164.7653 373.3495 266.0315 1.5792 1.6572 4.0597 -6.3199 1.4534 12.0947 -0.0082 0.9627
Car -1 -1 -1.7171 667.2923 180.1074 753.0544 246.3232 1.5725 1.6999 3.9816 2.5534 1.7899 19.5788 -1.5902 0.9558
Car -1 -1 3.4372 300.9738 182.5225 460.3924 244.6524 1.6046 1.6209 3.8446 -6.2226 1.8802 19.7123 3.1347 0.9315
Car -1 -1 0.3496 248.8221 190.1795 439.4908 258.5187 1.5015 1.6077 3.9203 -6.2356 1.9314 17.0729 0.0038 0.8828
Car -1 -1 0.7876 0.0000 187.8422 225.8711 367.6702 1.5159 1.6594 4.3482 -6.4917 1.6872 7.2336 0.0744 0.8566
Car -1 -1 -1.7255 654.4766 185.0542 721.7582 233.6615 1.5057 1.7087 4.2400 2.6308 1.9755 25.5973 -1.6251 0.8464
Car -1 -1 -1.6943 642.1567 179.0660 683.4926 214.1051 1.5718 1.5584 3.4544 2.4581 1.8867 34.7581 -1.6249 0.7060
Car -1 -1 0.4702 155.2443 196.8227 400.2791 276.9230 1.4504 1.6245 4.2071 -6.6193 1.9636 14.5233 0.0489 0.6768
Car -1 -1 3.3866 358.8712 177.1187 482.2042 220.0369 1.6613 1.7339 4.5066 -7.5792 1.8382 28.9898 3.1326 0.6599
Car -1 -1 -1.6335 632.5087 180.2634 660.2078 204.6813 1.5419 1.6230 3.6954 2.3810 2.0599 48.5468 -1.5853 0.6427
Car -1 -1 3.2881 446.8410 173.0514 517.1622 203.5148 1.5833 1.5748 3.4874 -6.7984 1.5944 38.3450 3.1135 0.6076
