Pedestrian -1 -1 -0.0871 534.6200 174.7499 548.5828 200.5681 1.8010 0.5481 0.9329 -4.8405 1.9356 50.7363 -0.1822 0.4542
Pedestrian -1 -1 1.7273 1054.4755 160.7424 1132.4574 318.5950 1.7411 0.6508 0.8748 5.6479 1.6079 8.4990 2.2972 0.3535
Pedestrian -1 -1 1.8096 233.4073 195.5067 271.0674 282.0956 1.5900 0.4927 0.7061 -6.9110 2.0379 13.8527 1.3539 0.3350
Pedestrian -1 -1 1.3260 593.3552 135.1860 616.8349 184.8772 1.8166 0.6491 1.0111 -0.2332 0.4399 26.9463 1.3172 0.2526
Pedestrian -1 -1 -1.1263 603.7377 178.4346 624.0338 215.0031 1.7158 0.6365 0.9287 0.1514 1.9879 34.5778 -1.1227 0.2404
Pedestrian -1 -1 1.6658 0.0000 197.1397 70.5127 369.6567 1.7456 0.5353 0.8334 -6.3611 2.0297 7.9325 1.0059 0.2386
Cyclist -1 -1 1.2490 587.0449 132.5865 614.0800 183.2554 1.8515 0.6177 1.3490 -0.4078 0.3804 27.1020 1.2339 0.1895
Car -1 -1 1.7042 370.2032 184.2849 450.9638 246.7950 1.4754 1.6079 3.9922 -5.4242 1.8236 19.8727 1.4405 0.9453
Car -1 -1 1.2800 649.4732 163.8733 759.1639 238.9913 1.7776 1.7254 4.2199 2.3284 1.5654 19.2990 1.3974 0.9012
Car -1 -1 1.6442 427.3875 183.3506 473.6023 223.3544 1.4002 1.4980 3.4833 -6.1838 1.8351 28.0423 1.4286 0.7788
Car -1 -1 1.6331 448.3106 180.1456 487.5010 215.7981 1.5614 1.5891 4.0872 -6.7949 1.9329 34.5979 1.4402 0.3870
Car -1 -1 -1.4487 546.2267 173.0837 576.1981 197.0848 1.6220 1.6515 3.8257 -3.4220 1.6392 50.7530 -1.5160 0.2075
