Pedestrian -1 -1 -1.7985 342.0620 170.4140 369.5743 221.0783 1.6865 0.6960 0.9297 -8.5319 1.3523 24.1099 -2.1327 0.6177
Pedestrian -1 -1 -2.5208 349.9628 170.9234 380.0440 220.0548 1.7657 0.5695 0.8718 -8.7847 1.4230 25.8053 -2.8434 0.5900
Pedestrian -1 -1 -1.2982 58.0376 147.7521 82.3414 189.6197 1.9532 0.7575 0.6886 -25.3055 0.4269 33.4382 -1.9395 0.5634
Pedestrian -1 -1 -1.9552 530.1476 159.7780 559.0731 211.1005 1.7932 0.6968 1.0308 -2.1965 1.0707 25.3165 -2.0388 0.5348
Pedestrian -1 -1 -0.5623 424.2529 156.4704 451.5949 207.8454 1.7888 0.6339 0.7177 -5.9575 0.9537 25.0914 -0.7906 0.5234
Pedestrian -1 -1 -1.7265 409.9601 159.8908 438.2903 214.4069 1.7083 0.7084 1.2283 -5.8872 1.0641 22.8548 -1.9733 0.3693
Pedestrian -1 -1 -3.2358 837.0418 140.6719 870.1752 215.2412 1.8477 0.7369 0.7230 6.2683 0.8624 17.9574 -2.9035 0.3632
Cyclist -1 -1 -3.2613 881.1902 146.6363 948.2169 205.9959 1.7652 0.6577 1.8058 9.4004 0.7597 21.5918 -2.8542 0.8788
Cyclist -1 -1 -0.6418 296.7448 173.6105 356.4067 231.3329 1.6861 0.4545 1.7662 -8.4810 1.4864 21.5170 -1.0105 0.8309
Cyclist -1 -1 -0.5026 679.9416 158.5446 718.8643 193.9648 1.7351 0.6709 1.8278 4.6961 0.6610 35.2737 -0.3695 0.7750
Cyclist -1 -1 -0.3038 816.9934 153.0644 869.3264 202.0069 1.8103 0.5492 1.7710 8.8702 0.7970 26.4383 0.0181 0.6258
Cyclist -1 -1 -1.7158 412.5708 156.6132 442.4002 214.5151 1.7984 0.7241 1.5211 -5.7674 1.0580 22.7962 -1.9584 0.3836
Cyclist -1 -1 -2.1512 528.6008 158.7788 561.3723 209.3114 1.7698 0.7200 1.0414 -2.1874 1.0106 25.3905 -2.2342 0.1347
Car -1 -1 -1.3841 424.3433 173.8082 514.7882 237.6371 1.4703 1.5924 3.7126 -3.3948 1.3178 18.1434 -1.5641 0.9680
Car -1 -1 -3.7131 1050.1246 144.0393 1168.1326 180.2497 1.6937 1.7603 4.3735 24.1876 -0.0110 34.0552 -3.0982 0.8665
Car -1 -1 -3.6151 955.2742 155.7602 1059.8943 187.6482 1.4856 1.6347 4.0508 19.1838 0.3345 33.8328 -3.1015 0.8012
Car -1 -1 1.5913 484.5360 170.6824 504.7367 189.5303 1.5092 1.5708 3.6543 -9.0930 0.7243 58.5247 1.4397 0.4723
Car -1 -1 1.6447 503.8168 181.2143 543.1500 214.7576 1.4603 1.5276 3.7872 -3.7441 1.4968 32.7788 1.5336 0.3951
