Pedestrian -1 -1 -0.4530 1120.8114 151.0067 1242.0000 317.7960 1.7347 0.6385 0.9358 6.2269 1.5078 7.9056 0.1956 0.3671
Pedestrian -1 -1 1.1855 1003.0696 107.8681 1137.3954 348.0541 1.7045 0.5903 0.8186 3.4537 1.2437 5.5657 1.7171 0.3260
Pedestrian -1 -1 1.3815 708.4173 164.8678 721.1534 198.1541 1.8766 0.5608 0.8791 5.9346 1.4267 41.1272 1.5234 0.2290
Pedestrian -1 -1 1.2894 395.9679 144.6801 429.1601 217.6081 1.8775 0.6566 0.7774 -5.2724 1.1525 19.0757 1.0229 0.2084
Car -1 -1 -1.4575 485.2333 185.4086 553.2684 238.7008 1.4121 1.6133 4.0297 -2.7298 1.8321 22.0913 -1.5797 0.9319
Car -1 -1 -1.3537 387.4625 192.1467 529.9287 291.8117 1.4289 1.6340 4.3713 -2.6486 1.8466 13.4008 -1.5461 0.9033
Car -1 -1 -1.7143 662.7130 178.3896 721.7425 221.3275 1.4478 1.6002 4.0296 2.9408 1.6702 26.8954 -1.6072 0.8916
Car -1 -1 -1.7120 704.1602 179.7961 819.4355 264.5672 1.4417 1.6596 4.1465 2.8788 1.6040 14.7238 -1.5236 0.8817
Car -1 -1 -1.5463 647.3649 179.4117 675.3705 205.2828 1.4755 1.6218 3.9286 3.1512 1.8961 44.2105 -1.4761 0.6161
Car -1 -1 -1.8829 757.9381 70.4350 1102.8855 326.7033 2.0411 1.8650 4.8728 3.0015 1.2257 8.2042 -1.5443 0.3897
