Pedestrian -1 -1 -2.5354 108.1415 149.8861 170.5019 258.8617 1.7857 0.5809 0.6648 -7.9503 1.4097 12.1228 -3.1060 0.1817
Pedestrian -1 -1 3.2690 322.9931 191.0107 361.6875 252.1387 1.6923 0.6818 0.9601 -7.7055 2.2240 20.6737 2.9158 0.1616
Pedestrian -1 -1 -1.6528 309.8669 140.4736 361.4473 261.5710 1.8122 0.7105 0.4780 -4.3007 1.3280 11.1628 -2.0132 0.1532
Pedestrian -1 -1 2.9732 221.8583 171.9263 269.5698 248.5063 1.7940 0.6098 0.9414 -8.8467 1.7726 17.4245 2.5091 0.1424
Car -1 -1 1.7986 331.8291 187.6190 468.3668 286.3925 1.5008 1.5822 3.8515 -3.7953 1.8176 13.5029 1.5289 0.9685
Car -1 -1 1.7592 418.8957 172.4040 510.9582 249.7029 1.8718 1.6698 4.2123 -3.8505 1.8613 19.5792 1.5668 0.9607
Car -1 -1 1.5607 523.0735 176.4353 557.5961 208.1117 1.5078 1.6626 4.0172 -3.6226 1.7017 36.9005 1.4631 0.7194
Car -1 -1 -0.1471 650.5736 173.6158 726.0934 205.1931 1.6865 1.6849 3.9014 4.2134 1.7296 39.5023 -0.0422 0.6025
Car -1 -1 -2.7917 374.5979 173.3554 457.1932 209.1522 1.5468 1.5679 3.2084 -8.6462 1.5701 32.1238 -3.0529 0.1946
Car -1 -1 1.5307 462.6768 153.4659 491.9561 182.6373 1.7728 1.6722 3.9834 -8.5219 0.5949 45.9731 1.3483 0.1650
