Pedestrian -1 -1 1.6759 537.0840 156.7959 585.4651 270.5382 1.7373 0.6824 0.9435 -0.6683 1.3613 11.4551 1.6134 0.8312
Pedestrian -1 -1 -3.0651 810.4856 150.0583 908.2024 307.0833 1.6804 0.6472 1.0105 2.8954 1.3453 8.1797 -2.7405 0.7957
Pedestrian -1 -1 -2.1343 890.0394 134.1948 1063.3539 370.7285 1.5077 0.7655 0.7757 2.5244 1.2076 5.0081 -1.6936 0.7464
Pedestrian -1 -1 2.8475 556.8400 157.5563 606.5365 241.9773 1.7559 0.5958 0.9276 -0.4645 1.2591 15.3697 2.8125 0.6960
Pedestrian -1 -1 -0.6334 751.8969 156.4000 780.7006 204.7767 1.8440 0.6345 0.8842 6.3702 0.8883 27.8467 -0.4156 0.6010
Pedestrian -1 -1 1.5308 700.6931 152.6106 719.1937 198.7278 1.8466 0.7037 0.8499 4.3910 0.6908 29.2194 1.6737 0.6006
Pedestrian -1 -1 -0.9897 705.0532 161.9868 734.2282 213.4066 1.7666 0.6964 0.7838 4.1255 1.0973 25.2013 -0.8342 0.4338
Pedestrian -1 -1 1.9733 570.9205 155.6906 604.6470 236.0333 1.7705 0.5456 0.6737 -0.3398 1.2030 16.2412 1.9475 0.2339
Pedestrian -1 -1 1.0285 0.0000 144.8196 137.9312 309.7289 1.8230 0.5746 1.7270 -6.4217 1.4189 8.5341 0.3924 0.2002
Cyclist -1 -1 1.4191 885.2504 167.6483 944.4022 282.7814 1.6356 0.5427 1.7718 4.7739 1.4401 11.1270 1.8104 0.6093
Cyclist -1 -1 1.7325 0.0000 196.1178 49.0822 319.9203 1.6382 0.5314 1.7528 -8.6843 1.8736 10.6066 1.0527 0.5860
Cyclist -1 -1 1.0285 0.0000 144.8196 137.9312 309.7289 1.8230 0.5746 1.7270 -6.4217 1.4189 8.5341 0.3924 0.2553
Cyclist -1 -1 -3.1947 813.4894 149.6363 912.4274 306.6164 1.6917 0.6458 1.0118 2.9024 1.3497 8.1855 -2.8696 0.1348
Cyclist -1 -1 2.8424 555.3456 157.0649 608.7178 243.3789 1.7956 0.5741 1.0162 -0.4567 1.2885 15.3785 2.8079 0.1106
Car -1 -1 1.8345 357.9189 139.8871 543.5471 287.9123 2.0500 1.9096 4.6598 -2.3402 1.4750 12.3400 1.6453 0.8665
Car -1 -1 1.6839 510.4265 148.5174 589.5645 216.9818 1.6480 1.6813 4.1291 -1.3083 0.8553 19.3862 1.6124 0.2298
