Pedestrian -1 -1 1.8642 518.6126 177.3937 535.5333 213.4899 1.7917 0.6343 0.8357 -4.2168 2.0240 36.3962 1.7491 0.2773
Pedestrian -1 -1 -1.9251 1109.8136 126.9845 1242.0000 375.0000 1.7502 0.5331 1.6424 3.6791 1.5188 4.5072 -1.2727 0.2136
Pedestrian -1 -1 -1.2937 0.0000 178.1289 123.2316 375.0000 1.7060 0.7389 0.6622 -4.9960 1.7574 6.5392 -1.9269 0.1979
Pedestrian -1 -1 0.4018 176.3848 145.5626 276.2970 292.0890 1.8646 0.5633 1.0224 -5.0847 1.5177 9.5001 -0.0785 0.1774
Pedestrian -1 -1 -0.3646 673.0056 165.5743 689.3264 195.4604 1.8460 0.5465 0.8738 4.3992 1.3967 44.9453 -0.2680 0.1774
Pedestrian -1 -1 0.2589 953.3468 185.7076 1051.6016 369.6998 1.6020 0.7564 0.6627 3.6774 1.7335 6.8527 0.7324 0.1744
Pedestrian -1 -1 3.7162 21.1741 105.2201 144.5109 292.6473 1.7804 0.6705 0.7483 -5.2891 1.1383 7.2018 3.1001 0.1690
Pedestrian -1 -1 1.4444 106.8665 141.5562 167.5876 296.2405 1.8441 0.5434 0.8588 -6.0270 1.4713 9.1028 0.8726 0.1593
Pedestrian -1 -1 -2.9923 527.6595 176.6494 543.3460 211.3374 1.8080 0.6450 0.7352 -3.9588 2.0101 38.0177 -3.0959 0.1561
Pedestrian -1 -1 -0.8183 484.2202 153.1119 510.2763 201.5144 1.9036 0.7162 0.7433 -4.5542 1.1276 28.8835 -0.9736 0.1431
Pedestrian -1 -1 1.3492 754.4304 153.6989 788.6559 232.1238 1.7705 0.5811 0.9194 3.6901 1.3385 16.7492 1.5617 0.1409
Cyclist -1 -1 -1.2694 506.8478 185.6798 526.3922 225.0553 1.6975 0.3950 1.6785 -4.2388 2.2913 32.5238 -1.3986 0.5688
Cyclist -1 -1 -1.9692 1089.6422 136.4442 1242.0000 375.0000 1.7541 0.5427 1.7951 3.6576 1.5706 4.5780 -1.3268 0.3328
Car -1 -1 1.8318 306.2297 175.7774 463.7370 288.2233 1.6102 1.6448 3.5304 -3.6654 1.6672 12.2077 1.5452 0.9809
Car -1 -1 -1.6151 658.3348 182.1935 698.3525 220.1650 1.5105 1.5624 3.3428 2.8717 1.9374 31.2445 -1.5250 0.7606
Car -1 -1 -1.7141 665.8340 162.7008 700.2396 190.0449 1.7017 1.6849 3.8058 4.6658 1.0702 46.8387 -1.6157 0.2707
Car -1 -1 1.6280 639.7603 182.0797 663.6879 206.7919 1.8297 1.6669 4.0491 3.3088 2.5871 57.0983 1.6850 0.2018
Car -1 -1 -0.8731 1061.1719 161.6690 1242.0000 375.0000 1.5917 1.6410 3.8759 5.3144 1.5334 4.7104 -0.0587 0.1818
