Pedestrian -1 -1 0.6715 115.3874 128.6587 222.8797 285.2488 1.8460 0.5505 1.0015 -5.4436 1.3254 8.8424 0.1327 0.3419
Pedestrian -1 -1 1.6355 465.6081 146.7667 503.8196 241.6836 1.7498 0.6693 0.7413 -2.4207 1.2692 13.7033 1.4633 0.2763
Pedestrian -1 -1 -2.2949 1096.0907 134.7440 1131.7609 200.7106 1.9442 0.7127 0.5142 15.0090 0.8214 21.5619 -1.6932 0.1721
Pedestrian -1 -1 -1.6528 650.0747 140.5533 678.1577 209.6301 1.7805 0.6660 0.8643 1.3710 0.9483 19.0312 -1.5825 0.1342
Pedestrian -1 -1 -1.6780 384.1707 138.1778 426.8016 243.6820 1.7817 0.6520 0.6396 -3.6297 1.1965 12.6008 -1.9534 0.1248
Pedestrian -1 -1 -0.1838 879.9240 137.7033 932.6821 205.4556 1.9052 0.5750 1.3143 8.4388 0.9171 20.6985 0.1982 0.1181
Pedestrian -1 -1 2.1200 330.1801 129.4283 392.0352 255.2606 1.7724 0.6280 0.6075 -3.6753 1.1611 10.5252 1.7913 0.1051
Pedestrian -1 -1 2.7795 539.2626 131.4108 624.5176 266.1905 1.7971 0.6885 1.0172 -0.4554 1.2448 10.1352 2.7346 0.1038
Cyclist -1 -1 -2.2029 161.8428 129.4853 269.1523 257.6401 1.7466 0.5528 1.5552 -5.7557 1.1559 10.4149 -2.6973 0.1454
Cyclist -1 -1 -1.8801 645.1522 142.7786 681.5128 212.6016 1.7866 0.6745 1.0190 1.3485 1.0174 19.0353 -1.8110 0.1125
Cyclist -1 -1 2.6042 542.3646 126.4387 676.6223 266.2319 1.7047 0.5838 1.7101 -0.0429 1.1390 9.4875 2.5987 0.1010
Car -1 -1 2.0554 1008.9473 165.0015 1242.0000 290.7831 1.4839 1.5963 3.9426 7.5657 1.3916 10.0962 2.6841 0.9367
Car -1 -1 -0.8169 748.3770 158.1419 1069.3405 305.8929 1.4147 1.5646 3.3777 3.4026 1.2742 8.3359 -0.4423 0.9246
