Pedestrian -1 -1 -0.3875 652.0874 169.4518 672.1422 209.5116 1.7460 0.6759 0.6744 2.6639 1.2218 31.7297 -0.3095 0.5862
Pedestrian -1 -1 -1.5821 491.2121 168.7150 523.9056 241.9842 1.6777 0.7450 0.9031 -2.2573 1.3861 16.9465 -1.7179 0.2862
Pedestrian -1 -1 -0.9751 0.0000 213.1299 211.8794 374.0000 1.6612 0.6578 0.6916 -2.1011 1.8023 2.8210 -1.5811 0.2030
Pedestrian -1 -1 1.2243 688.0592 186.0293 723.8170 249.9751 1.5566 0.6027 0.9304 2.5868 1.6750 18.0751 1.3589 0.1464
Pedestrian -1 -1 -1.7251 707.0654 184.1134 740.6808 257.3271 1.6672 0.6590 0.7418 2.8120 1.7307 16.7535 -1.5669 0.1327
Pedestrian -1 -1 1.3839 819.4543 185.9449 883.2377 299.2595 1.5974 0.6987 1.0521 3.6663 1.6687 10.7348 1.6998 0.1246
Pedestrian -1 -1 1.3614 725.5849 150.9823 746.0610 196.9897 1.8223 0.5851 1.1167 5.4038 0.6145 29.0176 1.5390 0.1209
Pedestrian -1 -1 1.5620 787.0029 183.1579 824.4430 280.5612 1.7165 0.6390 0.9230 3.7008 1.7495 13.2013 1.8245 0.1190
Pedestrian -1 -1 1.8835 926.6780 102.2279 974.4824 205.9008 1.8325 0.6203 0.6619 6.3521 0.4326 13.1477 2.3210 0.1147
Pedestrian -1 -1 -3.1693 724.8111 174.9039 758.3568 248.1958 1.7683 0.6764 0.7861 3.4152 1.6104 17.7234 -2.9871 0.1118
Cyclist -1 -1 1.4241 725.3145 148.0955 744.9161 192.1445 1.7591 0.5566 1.5540 5.4570 0.4261 29.4691 1.6008 0.2899
Cyclist -1 -1 -2.7907 498.2791 170.8190 552.0442 218.5622 1.6030 0.5901 1.7347 -2.6341 1.2454 24.6084 -2.9013 0.2336
Cyclist -1 -1 -1.8169 662.0788 167.8284 686.4915 213.2810 1.6082 0.4650 1.7434 2.6331 1.1256 26.3109 -1.7232 0.2323
Car -1 -1 -1.2751 507.5765 179.6312 565.2675 223.9060 1.4906 1.4641 2.1983 -2.2850 1.4288 25.4051 -1.3691 0.4335
Car -1 -1 2.8922 526.3862 167.9029 615.0212 198.2203 1.6535 1.7378 4.7320 -1.7503 0.9127 40.6978 2.8445 0.1499
Car -1 -1 -0.6370 664.4547 166.4571 778.1594 209.2124 1.5028 1.5792 4.0635 4.4843 0.9751 26.8821 -0.4783 0.1075
