Pedestrian -1 -1 -1.8245 821.8288 143.3308 879.6184 262.4175 1.7671 0.6326 0.8741 3.7955 1.2020 11.1126 -1.5079 0.8334
Pedestrian -1 -1 1.6359 298.6056 163.2511 384.0365 352.4378 1.6143 0.6861 0.8709 -2.4248 1.4599 6.6397 1.2920 0.7487
Pedestrian -1 -1 2.3086 561.5971 156.1596 612.2298 245.1015 1.8156 0.6449 0.8871 -0.3407 1.2995 15.2073 2.2812 0.7236
Pedestrian -1 -1 1.2910 717.5278 148.4663 756.6273 227.7994 1.7925 0.6811 0.8327 3.1038 1.0473 16.6771 1.4670 0.7173
Pedestrian -1 -1 0.6747 438.0383 156.7163 482.0187 240.3953 1.7225 0.5617 0.7203 -3.0275 1.2136 15.1988 0.4760 0.6705
Pedestrian -1 -1 1.4961 598.7198 160.5101 617.1129 207.5515 1.7773 0.6399 0.8323 0.2242 0.9853 27.5754 1.4991 0.6576
Pedestrian -1 -1 -1.7132 1146.2915 131.1482 1238.0000 352.3678 1.6016 0.5977 0.8217 4.7150 1.2385 5.7032 -1.0500 0.6386
Pedestrian -1 -1 1.7463 560.2964 157.4080 581.5302 205.9146 1.8632 0.6807 0.9456 -1.2067 0.9388 28.1016 1.6988 0.5511
Pedestrian -1 -1 1.2389 608.9910 161.0529 631.2148 208.3424 1.7051 0.5802 0.8064 0.6595 0.9689 26.3716 1.2586 0.5041
Pedestrian -1 -1 -1.5265 402.3949 188.4052 461.1414 292.0240 1.5716 0.8788 0.7169 -2.7153 1.6866 11.3858 -1.7614 0.4419
Pedestrian -1 -1 0.4525 484.9939 176.5275 525.3939 247.0403 1.6660 0.6200 0.7781 -2.3590 1.5497 17.3844 0.3141 0.4340
Pedestrian -1 -1 1.8826 516.5916 160.1525 534.4044 200.8025 1.8787 0.6480 0.7004 -3.5600 0.8930 33.6042 1.7729 0.3636
Pedestrian -1 -1 1.6535 529.1647 163.3515 559.8886 237.8446 1.7985 0.6951 0.8545 -1.4326 1.3615 17.7680 1.5689 0.3622
Pedestrian -1 -1 2.3270 837.2963 136.1379 895.0795 236.2919 1.7672 0.6263 0.7833 4.7957 0.9681 13.1304 2.6657 0.3587
Pedestrian -1 -1 -1.7280 591.3748 160.0594 604.5895 193.5360 1.8772 0.6454 0.6843 -0.1987 0.6757 40.6698 -1.7377 0.3276
Pedestrian -1 -1 1.1718 581.8085 156.1957 604.2475 205.7639 1.7851 0.5853 0.7195 -0.3327 0.8749 26.3146 1.1543 0.3029
Pedestrian -1 -1 -1.7133 661.8116 157.6551 680.2828 200.5218 1.7753 0.6599 0.7968 2.9024 0.7888 30.1617 -1.6232 0.2800
Pedestrian -1 -1 2.4841 912.3871 98.8198 1238.0000 374.0000 1.6840 0.6289 1.6434 2.3397 1.3459 3.3325 3.0545 0.1895
Pedestrian -1 -1 -1.5907 548.6121 161.5281 568.2739 218.1401 1.7039 0.5656 1.8751 -1.3906 1.1039 22.5757 -1.6567 0.1077
Cyclist -1 -1 1.5894 547.5342 159.5273 567.0200 216.7461 1.7182 0.5845 1.8545 -1.3994 1.0595 22.5079 1.5229 0.7715
Cyclist -1 -1 2.4841 912.3871 98.8198 1238.0000 374.0000 1.6840 0.6289 1.6434 2.3397 1.3459 3.3325 3.0545 0.3031
Cyclist -1 -1 1.7521 295.7600 163.2259 387.5065 346.0738 1.5535 0.6345 0.9363 -2.4103 1.3997 6.6138 1.4090 0.1225
Cyclist -1 -1 2.5596 559.9961 155.5138 615.9360 246.5314 1.8580 0.6350 1.0001 -0.3218 1.3287 15.2073 2.5334 0.1059
