Pedestrian -1 -1 1.5966 785.0076 123.0804 831.8176 247.9868 1.8086 0.6592 0.8176 2.9559 1.0883 10.9295 1.8534 0.5967
Pedestrian -1 -1 2.0762 33.9018 167.7406 135.0822 334.0388 1.7078 0.6009 0.7331 -5.7133 1.6556 7.8044 1.4602 0.4628
Cyclist -1 -1 1.8697 556.2016 176.4531 572.8133 203.5242 1.7553 0.6049 1.7863 -3.0460 1.9996 47.9705 1.8062 0.5656
Car -1 -1 -1.8510 766.8729 179.9263 1009.0455 350.2981 1.4303 1.4923 3.1943 2.6835 1.5232 7.8138 -1.5329 0.9631
Car -1 -1 -1.2384 262.3761 181.9238 437.0716 291.5723 1.6146 1.6783 4.0141 -4.4876 1.8033 12.9660 -1.5661 0.9532
Car -1 -1 1.7359 447.7126 181.4974 508.4282 226.9826 1.5255 1.6010 3.9024 -4.8807 1.8717 26.9041 1.5576 0.9510
Car -1 -1 -1.7260 660.5246 176.8065 726.6632 225.9267 1.4574 1.5831 3.5659 2.5994 1.5965 23.5160 -1.6180 0.9306
Car -1 -1 1.6320 504.9009 178.0845 537.3871 209.6800 1.7503 1.6573 4.2921 -5.2660 2.0775 42.8864 1.5101 0.8281
Car -1 -1 -0.7918 0.0000 227.5001 181.1898 375.0000 1.5023 1.6243 3.8201 -4.2546 1.9398 3.8413 -1.5939 0.7742
Car -1 -1 -1.5247 540.6982 179.3260 561.5504 199.2766 1.6092 1.5980 3.7418 -4.9992 2.1767 61.3258 -1.6061 0.3272
