Pedestrian -1 -1 2.1523 328.7235 129.3572 432.7023 320.1348 1.7400 0.7553 0.5935 -2.2574 1.3437 6.9672 1.8490 0.4920
Pedestrian -1 -1 -1.1911 183.5978 166.1641 201.0482 202.5544 1.8986 0.6206 0.5890 -22.0189 1.5500 37.9786 -1.7136 0.4816
Pedestrian -1 -1 -1.5090 447.3336 180.7392 491.2672 275.1923 1.6980 0.7597 0.7741 -2.6664 1.8504 13.4740 -1.7017 0.4275
Pedestrian -1 -1 -0.2329 833.9734 160.4983 852.8597 196.7802 1.9174 0.5097 0.8610 12.3880 1.2648 38.4152 0.0765 0.3237
Pedestrian -1 -1 -2.5226 1164.2894 145.5098 1196.0529 203.0190 1.9058 0.5573 0.6338 19.1480 1.0000 24.2918 -1.8610 0.2373
Pedestrian -1 -1 -1.8862 926.2914 176.1832 959.3580 232.6510 1.6786 0.6727 0.8688 10.0780 1.7825 21.9694 -1.4619 0.2229
Pedestrian -1 -1 -1.0225 403.4179 162.8416 419.7646 199.3113 1.8908 0.5929 0.6130 -10.4244 1.3720 37.7820 -1.2902 0.2037
Pedestrian -1 -1 -1.8006 679.0665 166.7937 691.8545 196.2313 1.8554 0.6939 0.5739 4.7565 1.4738 45.8032 -1.6982 0.1580
Pedestrian -1 -1 -3.3450 1053.6686 148.0740 1072.4064 185.2421 1.9766 0.5329 0.7583 24.2911 0.6592 38.7504 -2.7886 0.1520
Pedestrian -1 -1 -0.5393 298.3175 184.7495 335.0964 218.4787 1.7124 0.7111 1.6733 -15.5264 2.3560 38.1326 -0.9240 0.1154
Cyclist -1 -1 -0.5393 298.3175 184.7495 335.0964 218.4787 1.7124 0.7111 1.6733 -15.5264 2.3560 38.1326 -0.9240 0.2248
Car -1 -1 2.0195 0.0000 196.3865 267.8774 348.3550 1.5382 1.7111 4.4449 -6.6405 1.9503 10.3180 1.4590 0.9592
Car -1 -1 2.3297 384.3705 181.4200 548.1889 248.5553 1.5996 1.7453 4.6952 -3.9127 1.8696 20.2608 2.1406 0.9108
