Car -1 -1 -1.2520 260.9999 183.7999 421.1355 274.8251 1.4202 1.5473 3.9349 -4.7249 1.3992 13.1935 -1.5897 0.9733
Car -1 -1 -1.3637 419.2743 182.1087 493.6528 234.3085 1.5000 1.5724 3.5052 -4.6689 1.4119 22.4090 -1.5671 0.9627
Car -1 -1 -1.0156 0.0000 183.6405 198.3244 290.6975 1.4449 1.5667 3.7161 -8.4107 1.4248 11.6010 -1.6320 0.9464
Car -1 -1 -1.5844 575.5770 177.1526 610.0815 207.9973 1.4506 1.6240 3.6696 -0.8019 1.0725 35.6664 -1.6071 0.9009
Car -1 -1 -1.2757 358.9477 177.9118 422.4298 214.8105 1.4663 1.5447 3.7389 -9.1457 1.1772 30.4369 -1.5655 0.8930
Car -1 -1 -1.0818 132.3874 178.2594 257.1404 230.3049 1.4114 1.5827 3.8442 -12.1894 1.2239 21.4310 -1.5938 0.8895
Car -1 -1 -0.6687 0.0000 195.4672 174.6313 376.0000 1.5316 1.6249 3.9566 -4.2970 1.6125 3.5652 -1.5102 0.7516
Car -1 -1 -1.3222 429.7832 173.4981 474.3138 200.6799 1.4861 1.6191 3.7508 -8.8961 0.8466 41.2031 -1.5338 0.7312
Car -1 -1 -1.4910 454.5043 177.1097 499.4221 213.3825 1.4408 1.5710 3.8634 -5.5327 1.1200 30.5500 -1.6690 0.7034
Car -1 -1 -1.2876 242.6393 186.2925 343.7985 243.2568 1.4504 1.5959 3.8308 -8.8190 1.4850 20.3722 -1.6917 0.7024
