Cyclist -1 -1 1.8008 253.8250 192.5755 281.7110 247.5547 1.6121 0.4309 1.6028 -10.7398 2.2522 22.5769 1.3609 0.5530
Car -1 -1 1.9234 257.4968 195.1315 399.1925 279.3255 1.4955 1.5759 4.0290 -6.0604 2.0493 15.9022 1.5641 0.9520
Car -1 -1 -1.7563 733.7554 177.1149 876.7719 285.4500 1.4509 1.5187 3.4796 2.9052 1.5302 11.5785 -1.5175 0.9363
Car -1 -1 -2.0641 820.5142 185.2709 1242.0000 375.0000 1.4682 1.6098 3.8928 2.9075 1.5943 5.3387 -1.5895 0.9256
Car -1 -1 1.7369 473.2020 184.9933 512.2142 214.9905 1.4808 1.5331 3.3236 -6.2716 2.1592 38.6305 1.5765 0.8900
Car -1 -1 -1.6905 639.8552 173.1367 675.5421 202.8828 1.6623 1.6299 3.8337 2.7173 1.6800 42.3149 -1.6273 0.7912
Car -1 -1 1.7538 488.5291 185.5254 525.4858 212.0007 1.4805 1.5691 3.8227 -6.2868 2.2903 44.1475 1.6127 0.7645
Car -1 -1 1.7208 250.3538 189.8742 291.8004 217.0016 1.5191 1.7482 4.2234 -21.3526 2.6470 45.5260 1.2842 0.2691
Car -1 -1 1.4288 594.0641 175.8255 617.5908 193.0296 1.4985 1.5856 3.9916 -0.4297 1.7779 65.6588 1.4219 0.2663
Car -1 -1 1.3793 423.6101 172.5455 460.4239 196.8685 1.6619 1.8082 4.1133 -12.0677 1.6412 51.5445 1.1501 0.2610
