Car -1 -1 -1.8360 713.3183 176.7290 872.6749 278.7380 1.5431 1.7049 4.1303 3.0656 1.6255 13.1714 -1.6133 0.9743
Car -1 -1 2.1350 0.0000 201.6764 279.4616 355.6019 1.5450 1.5849 3.4750 -6.0783 2.0004 9.6423 1.5844 0.9735
Car -1 -1 1.9636 232.7162 194.0597 396.3925 279.9442 1.4191 1.6002 4.3250 -6.0215 1.9295 15.1739 1.5912 0.9360
Car -1 -1 1.7753 383.6222 178.8533 466.4268 235.7332 1.6428 1.7293 4.4833 -5.9635 1.8582 23.5913 1.5297 0.9226
Car -1 -1 1.6393 556.6450 180.5691 582.2540 201.6872 1.5007 1.6675 4.1424 -3.0739 2.1102 54.8753 1.5832 0.6614
Car -1 -1 1.8110 432.6559 183.8741 496.3231 223.5555 1.4756 1.6575 4.1505 -6.0243 1.9681 30.1097 1.6147 0.5451
Car -1 -1 -1.4599 522.9765 182.1474 549.0178 202.9533 1.5033 1.6027 3.6682 -5.6976 2.2438 55.6183 -1.5620 0.4888
Car -1 -1 -2.5272 1160.4231 142.5051 1242.0000 182.2125 2.4304 1.7944 4.5019 38.4340 0.5732 46.5689 -1.8404 0.4072
Car -1 -1 -1.6041 640.6521 174.2153 659.9107 192.8083 1.5547 1.5370 3.6218 3.4390 1.6763 62.4243 -1.5497 0.3587
Car -1 -1 2.9416 697.1826 168.9659 754.9178 189.5988 1.5505 1.5859 4.1177 8.8079 1.2587 55.0982 3.0989 0.3463
