Pedestrian -1 -1 0.0135 1038.7539 115.1836 1154.7278 309.3116 1.8065 0.6333 0.9284 4.7989 1.2702 7.2312 0.5805 0.4700
Pedestrian -1 -1 -3.3293 828.5067 118.6328 929.0474 296.5704 1.7780 0.5826 0.8851 2.7374 1.2366 7.5600 -2.9950 0.3628
Car -1 -1 -2.6465 163.3183 182.4024 320.1284 240.0103 1.9156 1.8707 4.5652 -12.8753 2.2643 25.3211 -3.1131 0.9537
Car -1 -1 2.7565 834.0783 168.9019 950.0443 210.1665 1.4369 1.5054 3.5741 10.0282 1.2996 25.9103 3.1215 0.9429
Car -1 -1 2.5071 963.4375 162.3131 1108.6312 206.9274 1.5361 1.6877 4.3460 15.1995 1.1736 25.9165 3.0324 0.8102
Car -1 -1 -2.4320 0.0000 205.0800 96.3631 252.7324 1.5297 1.6509 3.9145 -20.5434 2.6974 25.2461 -3.1100 0.7289
Car -1 -1 1.3063 293.8760 182.3530 353.4482 217.0162 1.5182 1.6349 4.2278 -13.9703 2.0078 34.9786 0.9286 0.4914
Car -1 -1 1.2310 155.3562 190.3651 218.8856 223.3826 1.4073 1.4766 3.6657 -20.2015 2.2839 34.3531 0.7025 0.3799
Car -1 -1 -0.3004 1051.4899 161.9330 1242.0000 230.3643 1.5124 1.5517 3.8076 12.9133 1.2714 17.2989 0.3324 0.3519
Car -1 -1 1.7200 176.9587 183.8832 220.6129 211.8793 1.5545 1.6914 4.3195 -25.1590 2.2661 44.2080 1.2049 0.2951
