Pedestrian -1 -1 -2.0113 927.5742 168.1157 1076.0266 375.0000 1.5504 0.5768 0.6556 2.3589 1.5233 4.5095 -1.5569 0.5000
Pedestrian -1 -1 -0.3647 711.9607 174.8101 731.3160 209.6089 1.7186 0.6906 0.7592 5.5441 1.8179 36.0964 -0.2141 0.4619
Pedestrian -1 -1 -0.7150 56.4066 188.8682 98.6362 247.6939 1.6576 0.7533 0.6539 -15.5038 2.1320 20.9513 -1.3462 0.3459
Pedestrian -1 -1 0.6486 0.0000 190.7113 40.6385 259.5340 1.6942 0.7175 0.6659 -15.1205 2.1573 18.3216 -0.0344 0.2054
Cyclist -1 -1 -2.0663 742.8146 171.2210 761.6807 198.7583 1.6916 0.4740 1.5504 8.8572 1.5917 45.1325 -1.8742 0.2197
Car -1 -1 1.9515 284.7089 191.0512 377.2487 240.0406 1.4415 1.5697 3.9985 -9.4844 2.1166 24.7370 1.5885 0.9329
Car -1 -1 -1.5161 602.6686 182.9116 631.8501 208.1056 1.4917 1.6670 3.8803 0.4723 2.1652 46.2970 -1.5065 0.8340
Car -1 -1 1.7502 482.3995 185.7389 509.8557 205.8988 1.6865 1.7144 4.3082 -10.2871 2.8920 65.3108 1.5942 0.5490
Car -1 -1 -0.4964 150.9153 176.3393 231.2367 207.0648 1.7236 1.7270 3.7731 -24.9362 1.9416 42.9991 -1.0195 0.4764
Car -1 -1 2.2280 148.9496 172.0070 260.9908 215.6434 1.5483 1.6096 4.0375 -15.4578 1.5187 27.7171 1.7231 0.2759
Car -1 -1 -1.1926 1022.9426 157.2503 1242.0000 375.0000 1.4850 1.5399 3.5901 4.1915 1.4290 4.0500 -0.4261 0.2552
Car -1 -1 2.1671 29.7213 185.5201 156.8322 236.8662 1.4111 1.5071 3.4757 -15.9645 1.8362 22.4405 1.5542 0.2327
Car -1 -1 -1.2934 339.3146 158.9633 383.9716 186.6853 1.7014 1.7164 3.8373 -15.8885 0.8492 46.2418 -1.6228 0.2090
