Pedestrian -1 -1 -0.1057 793.1546 136.0752 845.1558 228.5437 1.8962 0.6132 0.9864 4.3360 1.1424 15.1778 0.1669 0.2006
Pedestrian -1 -1 1.3154 1129.1775 112.3245 1169.7795 200.7130 1.8305 0.5304 0.6829 11.4207 0.5773 15.3552 1.9460 0.1873
Pedestrian -1 -1 -2.7446 833.5172 172.9559 856.1352 216.5629 1.6989 0.7008 0.6323 9.2616 1.7034 28.5821 -2.4349 0.1758
Pedestrian -1 -1 -2.0204 929.8640 138.8870 949.6413 178.7628 1.9438 0.7027 0.5756 16.1675 0.2884 35.4655 -1.5957 0.1618
Cyclist -1 -1 -1.9587 1179.2793 150.9947 1242.0000 272.9781 1.6948 0.4931 1.7152 9.2453 1.3914 10.9140 -1.2696 0.1540
Car -1 -1 1.8584 360.0692 184.7004 428.9970 225.0759 1.4596 1.6282 3.8724 -8.6568 1.9705 29.1552 1.5718 0.8929
Car -1 -1 -1.5730 598.6162 177.1541 626.1476 202.7574 1.5071 1.6449 3.7941 0.1082 1.7870 45.0039 -1.5711 0.7723
Car -1 -1 -1.1663 151.3409 196.1403 342.8577 292.9935 1.3837 1.6368 4.0818 -6.5050 1.8827 13.3749 -1.6117 0.5752
Car -1 -1 1.8503 409.0438 178.4993 441.2248 199.9783 1.8582 1.7005 4.3750 -16.8295 2.3907 65.7950 1.6005 0.1882
Car -1 -1 1.8473 396.9927 177.5365 467.6139 222.7354 1.5241 1.5442 3.8071 -6.5181 1.7100 26.6593 1.6093 0.1630
Car -1 -1 2.2255 0.0000 199.7071 82.0041 263.6896 1.3187 1.5206 3.7348 -15.5539 2.0729 18.3574 1.5297 0.1524
Car -1 -1 1.7712 429.0002 180.0842 483.5635 216.2683 1.4186 1.5582 3.8047 -6.5642 1.7483 30.9552 1.5635 0.1467
