Car -1 -1 -1.8427 728.2249 184.8418 895.2426 298.1882 1.4301 1.5392 3.5013 2.8922 1.6468 11.2470 -1.5984 0.9730
Car -1 -1 3.4110 197.3145 171.9341 407.0881 250.3382 1.6003 1.6973 3.9117 -6.6368 1.5819 15.8061 3.0189 0.9729
Car -1 -1 2.8540 703.6390 170.8046 823.6243 213.0258 1.6353 1.7329 4.4018 6.0748 1.5563 28.9911 3.0579 0.9517
Car -1 -1 0.4847 63.0050 167.0598 360.8333 283.3436 1.6357 1.5703 3.6487 -5.9252 1.5545 10.9357 -0.0021 0.9474
Car -1 -1 0.6255 0.0000 181.7646 311.2292 317.5238 1.4482 1.5747 4.2319 -6.0756 1.5658 8.6499 0.0273 0.9141
Car -1 -1 2.8195 755.5593 183.5910 935.9726 243.9142 1.4566 1.6579 4.1027 5.9300 1.7467 18.5963 3.1228 0.8514
Car -1 -1 0.2509 338.4517 159.7923 470.6353 208.5948 1.6302 1.6541 4.1177 -7.0764 1.1942 24.9733 -0.0227 0.8276
Car -1 -1 -2.9440 428.1394 171.8943 513.1685 205.3989 1.5645 1.6547 3.7437 -6.6604 1.5200 34.5320 -3.1335 0.8058
Car -1 -1 -0.1883 763.6097 174.4964 902.2759 226.6298 1.4442 1.5405 3.6214 6.3495 1.4945 20.9941 0.1009 0.7675
Car -1 -1 -2.3387 0.0000 177.6470 145.7218 375.0000 1.4985 1.5923 3.5759 -6.2681 1.5450 6.0922 -3.1165 0.7517
Car -1 -1 3.1566 450.9104 166.0497 534.0546 198.2017 1.7181 1.7448 4.4226 -6.4764 1.3549 39.7382 2.9958 0.7242
