Pedestrian -1 -1 1.1538 153.2542 148.8322 218.0434 273.0983 1.7889 0.6251 0.6659 -6.4234 1.4435 10.8330 0.6290 0.3231
Pedestrian -1 -1 -1.2239 528.6336 185.2934 544.4636 215.4480 1.7402 0.6889 0.8267 -4.3592 2.4820 42.5205 -1.3261 0.2291
Pedestrian -1 -1 1.7287 751.2087 184.4337 787.6712 261.2726 1.7400 0.7338 0.7447 3.7043 2.0203 16.9602 1.9390 0.2088
Pedestrian -1 -1 0.7676 516.1041 192.8786 536.7195 226.9458 1.7243 0.7618 0.7510 -4.4004 2.7850 37.6729 0.6514 0.2022
Pedestrian -1 -1 2.6072 685.3790 162.1045 712.4601 208.2941 1.8174 0.6320 0.8744 3.5117 1.3948 28.8524 2.7266 0.1776
Cyclist -1 -1 -1.5818 967.8895 189.0049 1043.8829 375.0000 1.6393 0.5544 1.9063 3.6658 1.8154 6.8737 -1.1110 0.1763
Car -1 -1 1.7287 450.8527 186.8056 523.2993 244.8591 1.5676 1.6243 3.7658 -3.7472 2.0353 22.2775 1.5632 0.9530
Car -1 -1 -1.5997 642.4819 185.4453 673.5302 215.5430 1.5791 1.6549 3.8263 2.6795 2.3361 41.4167 -1.5362 0.7476
Car -1 -1 1.6488 553.8834 178.2686 579.2800 201.3374 1.5876 1.5544 3.8052 -3.1521 1.9962 52.4707 1.5886 0.4455
Car -1 -1 1.8052 551.2073 185.0461 576.9352 202.6913 1.5605 1.6214 3.7146 -4.3481 2.7516 68.4965 1.7416 0.2966
Car -1 -1 -1.8696 1008.2214 177.5552 1116.8585 237.9490 1.4861 1.5486 3.4605 12.3007 1.6284 19.9099 -1.3233 0.2627
Car -1 -1 -3.3449 1122.0861 184.9168 1208.3558 212.3591 1.6049 1.7014 4.0231 34.7077 2.3895 45.2706 -2.6945 0.2528
Car -1 -1 1.4633 663.7647 155.8416 698.2234 184.4178 1.6832 1.6661 4.1981 4.3067 0.6815 44.6065 1.5587 0.2033
Car -1 -1 1.8048 516.3845 165.3863 561.0656 194.5663 1.5376 1.6234 3.8259 -3.9340 1.1445 40.0238 1.7071 0.1882
