Pedestrian -1 -1 -1.0571 1194.8718 194.6041 1242.0000 303.3226 1.7821 0.6253 0.8191 10.6447 2.1706 12.4371 -0.3619 0.3629
Pedestrian -1 -1 -0.8923 427.6402 157.2849 465.3155 228.5557 1.8347 0.6641 0.7218 -4.3597 1.4343 19.0419 -1.1149 0.2266
Pedestrian -1 -1 -2.1223 938.8858 182.0598 1054.1353 375.0000 1.7430 0.6155 0.8592 3.6640 1.8386 7.0006 -1.6588 0.2138
Pedestrian -1 -1 -0.6935 968.8148 174.9097 1005.5579 235.8740 1.8742 0.6504 0.7861 11.7687 1.9401 22.6096 -0.2196 0.1799
Pedestrian -1 -1 -2.4759 594.1249 195.8657 608.4813 217.8096 1.6580 0.7304 0.8486 -0.7028 3.4687 56.2120 -2.4891 0.1643
Pedestrian -1 -1 -2.4941 900.4374 190.7790 993.0334 336.3595 1.5453 0.6492 0.7134 3.7828 1.7621 8.2414 -2.0786 0.1303
Cyclist -1 -1 1.9566 471.5558 206.6072 506.7862 267.5039 1.6551 0.4684 1.5822 -3.6038 2.6925 21.3434 1.7903 0.4909
Cyclist -1 -1 -2.2444 866.4382 178.3302 898.1300 215.3642 1.7670 0.4634 1.7553 13.3796 2.0444 35.5978 -1.8882 0.2091
Cyclist -1 -1 -2.6928 1002.9412 194.0200 1082.2806 253.3871 1.5251 0.5570 1.8322 11.9732 2.1421 20.1018 -2.1629 0.1954
Cyclist -1 -1 1.8952 495.4158 197.2358 519.8802 242.3971 1.8023 0.5026 1.7416 -4.3782 2.8696 30.6689 1.7537 0.1509
Car -1 -1 1.7643 569.1021 201.1107 610.6729 233.1503 1.5046 1.6105 3.4741 -1.0772 3.1039 38.9821 1.7360 0.6503
Car -1 -1 0.3133 981.2475 201.0747 1176.2844 270.8342 1.4768 1.6477 3.9995 12.1640 2.3012 19.0040 0.8747 0.2119
Car -1 -1 1.4950 700.2608 183.7009 723.4088 203.7599 1.5798 1.6331 3.9763 8.5632 2.5288 61.0619 1.6332 0.2008
Car -1 -1 1.6097 596.6813 191.8835 619.0089 213.9308 1.5926 1.6349 4.2170 -0.1654 3.1774 57.9408 1.6062 0.1833
