Pedestrian -1 -1 1.1616 647.7391 161.5134 677.7798 228.8809 1.7114 0.5481 0.6802 1.5555 1.2048 18.6566 1.2384 0.8064
Pedestrian -1 -1 -2.0854 202.2026 176.5778 316.9924 360.4879 1.6457 0.6605 0.8712 -3.3550 1.6030 6.9463 -2.5271 0.7226
Pedestrian -1 -1 1.8003 0.0000 167.1633 126.1201 374.0000 1.6129 0.5892 0.7761 -3.3166 1.5383 4.2804 1.1634 0.7218
Pedestrian -1 -1 -1.5209 381.7979 165.5201 405.8452 220.0888 1.8081 0.7385 1.0270 -7.0627 1.2797 24.3839 -1.8052 0.7023
Pedestrian -1 -1 0.8885 173.7848 161.2159 253.0457 301.6758 1.6585 0.5313 0.7122 -4.8291 1.4203 8.8617 0.3961 0.5382
Pedestrian -1 -1 -1.8377 91.0885 161.8134 181.4695 323.2684 1.6560 0.6388 0.8312 -5.1558 1.4555 7.8808 -2.4078 0.4951
Pedestrian -1 -1 2.1022 590.2034 158.3044 632.1194 241.8948 1.7416 0.6964 0.5911 0.1734 1.2596 15.3960 2.1080 0.4720
Pedestrian -1 -1 1.7574 55.0929 151.4911 90.0632 216.9043 1.9466 0.7201 0.8198 -16.1400 1.0547 21.8995 1.1230 0.4349
Pedestrian -1 -1 0.6633 466.2967 168.1712 483.5824 199.1166 1.8435 0.5316 0.8844 -7.6097 1.0502 43.2311 0.4851 0.4109
Pedestrian -1 -1 -1.3409 585.8572 196.9444 658.3300 284.5914 1.4167 1.1156 0.6651 0.3192 1.6909 12.2304 -1.3212 0.4096
Pedestrian -1 -1 -0.0178 2.4175 181.3967 20.8856 220.5013 1.7895 0.6782 0.6494 -27.3868 1.7857 33.3391 -0.7067 0.3980
Pedestrian -1 -1 2.0737 77.8815 167.9126 154.6400 293.4004 1.6959 0.6198 0.7269 -6.8437 1.5136 10.0940 1.4842 0.3206
Pedestrian -1 -1 1.3844 606.9122 151.7878 623.6599 190.1782 1.8324 0.6484 0.9092 0.6571 0.4151 34.7872 1.3983 0.2988
Pedestrian -1 -1 3.1251 532.3486 167.7087 557.4922 218.4241 1.7435 0.6398 0.8597 -1.9994 1.2704 25.0533 3.0411 0.2734
Cyclist -1 -1 1.5319 431.8832 162.5400 468.8612 260.2104 1.7640 0.6224 1.6640 -2.9725 1.4229 13.8547 1.3189 0.8906
Cyclist -1 -1 -0.7609 331.9361 144.2894 377.6620 195.3576 1.8106 0.5032 1.7155 -9.0464 0.4924 26.3429 -1.0934 0.3269
Cyclist -1 -1 -2.6132 181.4248 166.6690 316.8854 357.6535 1.7476 0.6814 0.9651 -3.4297 1.6132 6.9478 -3.0633 0.1698
Cyclist -1 -1 1.6595 381.2899 165.4544 405.0087 219.2575 1.7818 0.6925 0.9715 -7.0711 1.2515 24.3311 1.3744 0.1448
Cyclist -1 -1 1.3844 606.9122 151.7878 623.6599 190.1782 1.8324 0.6484 0.9092 0.6571 0.4151 34.7872 1.3983 0.1286
Car -1 -1 1.8578 205.6924 184.0668 400.3595 301.3853 1.4852 1.6235 4.3406 -4.4860 1.5353 11.4201 1.4855 0.9642
Car -1 -1 -0.1914 486.4052 171.4352 590.0397 213.4984 1.5602 1.6065 3.7740 -2.4956 1.1879 27.9427 -0.2847 0.3288
