Pedestrian -1 -1 2.9898 656.9921 137.3529 703.9854 220.2387 1.8578 0.5522 0.9935 1.5520 1.0624 16.4753 3.0815 0.3546
Pedestrian -1 -1 -0.1827 1118.3909 164.1108 1184.7646 216.2254 1.7561 0.7201 1.7348 18.7008 1.4619 25.0146 0.4533 0.1049
Cyclist -1 -1 -0.1827 1118.3909 164.1108 1184.7646 216.2254 1.7561 0.7201 1.7348 18.7008 1.4619 25.0146 0.4533 0.4212
Car -1 -1 -1.8454 640.0314 182.4711 768.1913 271.0566 1.4463 1.5370 3.4528 1.6351 1.6577 14.0024 -1.7327 0.9787
Car -1 -1 -0.8783 724.2633 172.7766 835.4857 218.7468 1.4973 1.6380 3.9969 5.9700 1.4951 25.3604 -0.6502 0.9143
Car -1 -1 -0.9871 802.2661 167.9380 899.3002 207.7174 1.4560 1.6026 4.1472 9.4536 1.2764 28.3213 -0.6685 0.9029
Car -1 -1 2.4995 559.1669 176.5128 659.9265 214.1299 1.4186 1.5884 3.9371 -0.0223 1.5771 29.3773 2.4981 0.8981
Car -1 -1 -1.0527 879.1680 168.2932 953.1552 204.5445 1.4832 1.5208 3.2836 13.1861 1.2969 31.1213 -0.6557 0.8636
Car -1 -1 -2.6165 892.2369 167.5338 983.3375 200.5092 1.4511 1.5389 3.5745 15.1848 1.2173 33.6479 -2.1961 0.6620
Car -1 -1 2.3008 678.4124 171.6034 759.2834 203.5517 1.3892 1.4941 3.8506 5.0023 1.3352 33.1759 2.4488 0.5484
Car -1 -1 1.4490 249.7727 181.2745 296.7744 213.0244 1.3951 1.5664 4.2730 -16.4706 1.8312 35.1107 1.0130 0.3739
