Pedestrian -1 -1 -1.7714 550.0693 171.7464 581.0050 233.8447 1.7064 0.6928 0.9399 -1.0517 1.4395 20.2790 -1.8279 0.7797
Pedestrian -1 -1 -1.1762 661.2490 170.5744 746.5163 324.9003 1.5969 0.6197 0.9896 1.1115 1.4852 8.0140 -1.0488 0.7635
Pedestrian -1 -1 -1.6203 577.3938 171.3640 595.0004 214.7741 1.6762 0.6426 0.8705 -0.6218 1.2858 28.1927 -1.6473 0.7471
Pedestrian -1 -1 -1.8103 502.4341 175.8818 527.5016 231.1063 1.6377 0.5745 0.8107 -2.6550 1.4722 21.7814 -1.9355 0.7419
Pedestrian -1 -1 -3.5538 917.2448 138.4879 989.6104 267.4497 1.7675 0.6742 0.7032 4.9312 1.1793 10.1880 -3.1184 0.7393
Pedestrian -1 -1 1.2877 1119.3909 121.0993 1238.0000 374.0000 1.6770 0.5738 0.7241 3.7114 1.3298 4.5840 1.9352 0.6154
Pedestrian -1 -1 -1.7471 629.6052 170.1906 648.7362 214.0188 1.7574 0.6562 0.7183 1.5127 1.3050 29.2002 -1.7009 0.6133
Pedestrian -1 -1 -1.7209 894.8789 147.4276 948.5703 260.3918 1.7219 0.6458 0.8555 5.0411 1.2039 11.4416 -1.3196 0.5968
Pedestrian -1 -1 1.6074 599.2474 175.0709 618.6362 234.5655 1.6277 0.5195 0.7669 0.1839 1.4529 20.0434 1.6111 0.5440
Pedestrian -1 -1 1.5001 960.9906 144.7427 1014.8128 268.7332 1.7571 0.6220 0.9754 5.7181 1.2375 10.7475 1.9736 0.4951
Pedestrian -1 -1 -1.1028 21.8580 138.4549 250.1115 374.0000 1.6421 0.7313 0.7634 -2.4305 1.4423 3.7652 -1.6522 0.4252
Pedestrian -1 -1 1.7471 587.4036 171.8342 609.8137 230.7819 1.6977 0.5376 0.7672 -0.1069 1.4204 21.1080 1.7368 0.3801
Pedestrian -1 -1 1.4847 619.4814 176.0343 632.9202 208.2031 1.7328 0.6627 0.7646 1.3416 1.4392 39.0918 1.5137 0.3643
Pedestrian -1 -1 -1.7943 480.5044 172.8667 497.9591 211.0736 1.7224 0.6429 0.7146 -5.1434 1.3342 32.8327 -1.9536 0.3426
Pedestrian -1 -1 1.4142 607.5450 175.5553 631.2747 231.3322 1.6722 0.6069 0.7692 0.5161 1.4951 21.9562 1.4321 0.3305
Pedestrian -1 -1 -2.7365 655.4091 166.3953 678.0782 212.1508 1.7230 0.5365 0.7105 2.4774 1.1553 27.4516 -2.6524 0.3273
Pedestrian -1 -1 1.1346 636.6619 173.3960 658.1575 214.5132 1.7159 0.6138 0.8282 1.9310 1.3787 30.4724 1.1922 0.2966
Pedestrian -1 -1 -1.6172 651.4378 158.6330 698.1559 259.3697 1.6483 0.7127 1.7600 1.2213 1.2754 12.6452 -1.5283 0.1427
Cyclist -1 -1 -1.6172 651.4378 158.6330 698.1559 259.3697 1.6483 0.7127 1.7600 1.2213 1.2754 12.6452 -1.5283 0.5683
Cyclist -1 -1 2.0110 163.1493 167.6764 409.5898 374.0000 1.6633 0.5284 1.7896 -1.6977 1.6035 4.0885 1.6319 0.3307
Cyclist -1 -1 -1.7819 549.5363 172.2577 581.2696 234.9108 1.7163 0.6948 0.9900 -1.0544 1.4642 20.2440 -1.8386 0.1170
Cyclist -1 -1 -1.8036 891.0093 144.4716 948.7246 257.7664 1.7358 0.6387 0.9064 5.0372 1.1698 11.5028 -1.4045 0.1142
Cyclist -1 -1 -1.2464 662.1779 169.7097 745.3130 324.5156 1.6102 0.6558 0.9802 1.1166 1.4890 8.0533 -1.1189 0.1025
Car -1 -1 1.5729 522.6568 178.6628 546.3480 201.0064 1.6073 1.6997 4.1254 -5.0014 1.4038 53.8042 1.4756 0.4822
Car -1 -1 -0.2483 571.0273 177.2785 652.6022 209.5237 1.5757 1.6768 3.8304 0.4983 1.3703 36.3696 -0.2398 0.2903
