Pedestrian -1 -1 -2.2315 888.5474 163.5761 929.5439 233.6004 1.7446 0.4870 0.9486 7.6076 1.5138 18.4967 -1.8475 0.5316
Pedestrian -1 -1 2.0826 1074.0538 169.6839 1124.0515 251.0754 1.6892 0.6626 0.6310 10.3914 1.6237 15.4105 2.6664 0.5246
Pedestrian -1 -1 -1.8803 760.4556 169.5984 780.8075 209.2921 1.7105 0.6360 0.8534 6.9771 1.5706 31.5449 -1.6651 0.4974
Pedestrian -1 -1 -2.2592 843.3289 180.0823 871.5992 224.6602 1.6959 0.6451 0.8542 9.5997 1.9832 28.1281 -1.9343 0.4329
Pedestrian -1 -1 -2.0472 924.0441 162.9443 964.2096 231.4884 1.6987 0.5251 0.9940 8.4545 1.4534 18.3884 -1.6229 0.2955
Cyclist -1 -1 -1.8094 864.8315 155.8982 912.5845 244.6871 1.7702 0.5263 1.7480 5.8237 1.4325 15.2819 -1.4523 0.7780
Cyclist -1 -1 2.2907 1070.3666 165.1213 1129.4340 246.7039 1.6931 0.6427 0.8524 10.3954 1.5330 15.3941 2.8752 0.1135
Cyclist -1 -1 -2.1834 916.6942 165.3670 967.7128 234.3301 1.7066 0.5559 1.2658 8.4625 1.5217 18.5268 -1.7615 0.1041
Car -1 -1 -3.7861 1118.3550 178.0722 1204.1785 202.1431 1.5894 1.6636 4.5318 37.2404 1.9491 48.8449 -3.1380 0.4984
Car -1 -1 -3.3575 747.0565 178.9405 817.8992 202.4171 1.5329 1.6572 4.3670 11.5020 1.9489 48.4181 -3.1261 0.4096
