Pedestrian -1 -1 2.1241 447.6118 163.3783 479.3473 227.0189 1.8128 0.5761 0.7923 -4.3104 1.5432 21.0216 1.9238 0.2412
Pedestrian -1 -1 3.1570 580.1464 163.8472 603.6182 214.0149 1.7744 0.6476 0.8302 -0.6889 1.4562 25.8460 3.1300 0.2140
Pedestrian -1 -1 -1.8647 872.4864 158.2758 888.6152 191.8998 1.9716 0.6664 0.8791 15.9978 1.1172 42.7656 -1.5092 0.1713
Pedestrian -1 -1 0.9552 1099.6797 152.7156 1116.9523 183.2620 1.9985 0.5292 0.8740 32.8709 0.6813 47.6448 1.5562 0.1611
Pedestrian -1 -1 -0.2458 606.7881 174.1825 616.8971 196.4916 1.8305 0.6045 0.7090 0.1274 1.9414 59.6259 -0.2441 0.1410
Pedestrian -1 -1 -2.3675 50.6533 154.2646 84.1546 214.9765 1.9252 0.7066 0.5161 -17.5333 1.3361 23.2619 -3.0080 0.1377
Cyclist -1 -1 1.3565 439.9560 183.6551 455.4548 214.9137 1.6737 0.4973 1.6609 -9.0586 2.2870 40.0824 1.1351 0.2797
Car -1 -1 2.9504 296.5189 196.5232 384.1650 226.1757 1.5307 1.5999 4.5724 -15.7409 2.9739 42.1068 2.5943 0.5867
Car -1 -1 -1.5730 422.0501 171.6103 454.2368 201.6823 1.5234 1.5944 3.5971 -9.2035 1.4607 38.4835 -1.8066 0.4405
Car -1 -1 1.6503 101.2445 181.5730 138.1153 211.1726 1.8727 1.7382 4.3157 -33.4832 2.4969 49.3129 1.0561 0.2222
Car -1 -1 1.5694 72.4962 179.2475 110.5167 209.5781 1.5635 1.6531 4.3355 -29.0394 1.9415 40.3802 0.9489 0.1987
Car -1 -1 1.3173 409.0752 180.6005 449.4033 206.7289 1.5619 1.6188 3.7673 -11.6869 2.0821 46.3804 1.0714 0.1526
Car -1 -1 -0.6271 862.9706 160.7002 938.7899 188.5619 1.6682 1.7041 4.1292 17.9041 0.9409 44.5316 -0.2473 0.1433
