Pedestrian -1 -1 1.3692 884.6338 132.1305 953.2779 277.8945 1.7009 0.6000 0.8798 3.7363 1.2261 8.9042 1.7542 0.5225
Pedestrian -1 -1 1.4425 863.3716 118.0797 918.8357 249.6369 1.7962 0.6047 1.0232 3.9835 1.0487 10.4153 1.7980 0.3287
Cyclist -1 -1 1.4406 862.6667 117.5734 919.2691 251.1098 1.8181 0.6067 1.1085 3.9847 1.0658 10.4287 1.7958 0.1394
Cyclist -1 -1 1.3692 884.6338 132.1305 953.2779 277.8945 1.7009 0.6000 0.8798 3.7363 1.2261 8.9042 1.7542 0.1093
Car -1 -1 -1.4138 460.6043 181.6835 560.7794 255.0794 1.4391 1.6211 4.5113 -2.2304 1.6750 16.9693 -1.5433 0.9252
Car -1 -1 -1.4953 525.7020 181.0206 579.5903 227.0553 1.4581 1.5979 4.1971 -2.0086 1.7731 25.6971 -1.5732 0.9159
Car -1 -1 -1.6619 679.0262 171.9022 722.8854 207.6156 1.4003 1.4812 3.5203 3.6952 1.3633 30.0691 -1.5413 0.8539
Car -1 -1 -1.7387 703.1384 174.9333 796.3283 239.8354 1.4267 1.6116 3.7794 3.2912 1.4840 17.8778 -1.5603 0.8416
Car -1 -1 -2.4095 1049.3619 174.5294 1242.0000 375.0000 1.4573 1.5778 3.7013 3.3364 1.4678 2.5013 -1.5372 0.7050
Car -1 -1 -1.5149 662.3995 172.8324 690.1714 196.6441 1.5055 1.6103 4.0889 4.3936 1.5045 47.7582 -1.4241 0.5647
