Pedestrian -1 -1 0.9096 634.3562 159.1141 649.5709 189.8127 1.9593 0.4668 0.9969 2.0298 1.0827 46.5903 0.9526 0.3194
Pedestrian -1 -1 1.1108 945.6467 127.8159 995.7665 209.2678 1.7976 0.6471 0.9762 8.1391 0.8040 16.4118 1.5640 0.2778
Car -1 -1 1.7391 421.1265 183.9896 510.3440 246.8204 1.5214 1.7523 4.3692 -4.0014 1.8715 20.4548 1.5477 0.9533
Car -1 -1 2.2362 0.0000 189.3476 181.1820 375.0000 1.5415 1.6099 3.9871 -6.4853 1.7604 7.5423 1.5432 0.9077
Car -1 -1 1.9421 264.7734 196.6072 394.8492 267.5455 1.4453 1.6274 4.1517 -6.9232 2.1129 18.1799 1.5825 0.8634
Car -1 -1 1.7276 482.5558 184.0400 532.2004 222.6654 1.4647 1.5154 3.5806 -4.2767 1.9614 30.2057 1.5875 0.8602
Car -1 -1 -1.6020 631.4865 177.1900 663.5897 207.2903 1.5593 1.6394 3.8371 1.9956 1.8108 39.8645 -1.5529 0.8413
Car -1 -1 2.8387 723.8767 171.1499 829.9703 205.2943 1.5200 1.6859 4.4448 7.5785 1.4445 33.1373 3.0611 0.8163
Car -1 -1 -1.4963 468.2018 187.4793 499.6693 215.3230 1.4988 1.5725 3.5025 -7.4320 2.3989 42.5683 -1.6686 0.3689
Car -1 -1 -0.1866 710.5173 156.4862 808.9266 192.0722 1.7481 1.6698 4.6149 7.4379 0.9444 36.3080 0.0136 0.3301
