Car -1 -1 -1.8478 721.8286 178.6204 893.3407 288.0857 1.4808 1.6234 3.9810 2.9992 1.5931 11.9911 -1.6096 0.9614
Car -1 -1 2.1556 0.0000 203.9131 243.5563 375.0000 1.4794 1.5503 3.5904 -6.0516 1.9252 8.5353 1.5531 0.9497
Car -1 -1 1.8328 370.2596 181.9610 462.8424 238.2639 1.5258 1.6786 4.4153 -5.9325 1.8379 22.4796 1.5771 0.9326
Car -1 -1 1.9658 209.1298 194.0762 381.2275 289.2425 1.4774 1.5954 4.0764 -5.9820 1.9539 14.1468 1.5718 0.9309
Car -1 -1 1.8045 424.6961 179.5766 492.7822 222.1149 1.5356 1.6892 4.4215 -6.0162 1.8269 28.9860 1.6011 0.7086
Car -1 -1 -1.4807 554.1886 180.9147 581.2173 203.0535 1.5181 1.6346 3.9280 -3.0931 2.1318 52.9115 -1.5393 0.6628
Car -1 -1 1.7269 482.1811 182.7567 521.1894 211.1765 1.4213 1.5146 3.9276 -5.9014 1.9898 39.4235 1.5788 0.6397
Car -1 -1 -0.1602 861.6222 156.5049 977.7695 193.4877 1.4853 1.5726 4.2697 12.8381 0.8290 30.2418 0.2376 0.4988
Car -1 -1 1.6907 517.3633 179.2980 547.7481 202.1379 1.6263 1.7959 4.2611 -5.8560 2.1346 54.7264 1.5841 0.4511
Car -1 -1 1.6574 541.4324 179.9268 563.6403 199.0242 1.5610 1.5788 4.0002 -4.9662 2.1934 62.4680 1.5780 0.3515
