Pedestrian -1 -1 2.1282 79.7288 149.3887 174.1493 261.2840 1.6913 0.5119 1.5639 -7.8300 1.3370 11.6909 1.5484 0.2212
Pedestrian -1 -1 -1.5596 704.6967 171.5719 720.5319 216.6956 1.8281 0.6361 1.9128 4.2638 1.7765 30.2224 -1.4215 0.1142
Cyclist -1 -1 -1.5596 704.6967 171.5719 720.5319 216.6956 1.8281 0.6361 1.9128 4.2638 1.7765 30.2224 -1.4215 0.7495
Cyclist -1 -1 -2.9231 1129.1221 172.5403 1242.0000 257.4948 1.6182 0.7766 1.7730 11.6850 1.6126 14.6717 -2.2609 0.3353
Cyclist -1 -1 2.1282 79.7288 149.3887 174.1493 261.2840 1.6913 0.5119 1.5639 -7.8300 1.3370 11.6909 1.5484 0.3328
Car -1 -1 1.2827 763.1381 185.5745 957.8234 319.1624 1.5153 1.5716 3.5931 3.2901 1.7297 10.3304 1.5816 0.9740
Car -1 -1 1.8128 537.9311 178.1942 595.6880 218.6021 1.6518 1.6494 4.0505 -1.8941 1.9063 32.1996 1.7539 0.9348
Car -1 -1 -2.0874 943.0004 196.7101 1242.0000 375.0000 1.4792 1.6130 3.6801 3.4481 1.6884 4.3933 -1.4551 0.8742
Car -1 -1 1.7250 585.6210 179.7214 626.6312 210.4474 1.5589 1.6220 4.3400 -0.1921 1.9604 39.8836 1.7197 0.8486
Car -1 -1 3.6655 0.0000 184.8418 107.5591 239.2126 1.5359 1.6379 3.7412 -17.8218 1.9192 21.9548 2.9895 0.7817
Car -1 -1 1.8766 648.2059 177.0040 684.6445 199.1213 1.6165 1.6478 4.1243 4.3776 1.9505 55.7877 1.9540 0.5989
