Pedestrian -1 -1 -1.9493 0.0000 150.5089 26.1018 196.8726 1.9072 0.6836 0.8666 -25.0893 0.9884 30.1864 -2.6385 0.3656
Pedestrian -1 -1 -3.1794 805.8420 170.7141 823.9520 209.7557 1.7353 0.6256 0.7578 9.1736 1.6405 32.4599 -2.9068 0.3373
Pedestrian -1 -1 0.0707 697.1891 172.6046 713.3998 201.9575 1.8010 0.4739 0.9633 5.8591 1.7860 44.5958 0.2000 0.3103
Car -1 -1 2.1052 97.5608 187.8895 216.5333 239.0137 1.3748 1.5293 3.4642 -13.8230 1.8736 22.1723 1.5529 0.9232
Car -1 -1 1.9208 313.8346 182.5674 372.7409 211.8355 1.3989 1.6182 3.9891 -13.9307 1.9351 37.8049 1.5697 0.8963
Car -1 -1 1.9447 273.9976 181.3917 336.5873 210.4650 1.4782 1.7258 4.3693 -16.9097 1.9802 40.1816 1.5484 0.8637
Car -1 -1 2.1117 0.2958 174.3743 121.3975 225.8059 1.8278 1.7169 4.3763 -21.1943 1.8920 28.0381 1.4689 0.8047
Car -1 -1 2.1083 41.9665 188.4234 163.7086 238.1750 1.4427 1.5417 3.8906 -16.8612 2.0075 24.1606 1.5040 0.7186
Car -1 -1 1.7131 423.8044 180.0629 450.1195 199.9419 1.5577 1.6116 3.7154 -14.3432 2.1753 59.8551 1.4786 0.5688
Car -1 -1 2.1142 124.7714 173.0340 202.1452 205.3277 1.4637 1.6478 3.3239 -21.2323 1.4731 34.3869 1.5643 0.5299
Car -1 -1 -0.5737 833.6901 178.2178 959.2315 221.5642 1.4679 1.5853 3.9690 10.2064 1.6695 25.8987 -0.2027 0.4060
