Car -1 -1 -2.7874 306.9828 176.1423 442.6042 231.8194 1.5541 1.5831 3.4357 -6.8599 1.6545 21.1037 -3.0985 0.9180
Car -1 -1 1.2682 728.7228 186.0555 898.1347 297.1364 1.4260 1.5353 3.5212 2.9857 1.6696 11.4888 1.5151 0.9068
Car -1 -1 -1.5988 641.4774 177.0142 673.7014 205.0996 1.4327 1.6298 4.4356 2.5338 1.6750 39.7137 -1.5361 0.7737
Car -1 -1 3.8168 0.0000 154.1705 233.3717 359.5390 1.4781 1.6526 4.1163 -5.7578 1.3440 6.1329 3.0845 0.7415
Car -1 -1 3.1555 473.8069 180.2563 545.4299 206.3625 1.4231 1.5953 3.9496 -5.7099 1.8543 40.9538 3.0174 0.6759
Car -1 -1 -2.8203 373.6942 180.9392 496.8232 222.3000 1.4274 1.5637 4.0642 -6.3437 1.7323 26.2238 -3.0558 0.6296
Car -1 -1 0.2878 342.0412 180.6453 480.1254 228.1661 1.4817 1.6371 4.0642 -6.4898 1.7467 23.6417 0.0223 0.6266
Car -1 -1 3.7345 0.0000 193.2512 272.5177 341.0177 1.4700 1.5751 3.6867 -6.1284 1.7276 8.2523 3.1108 0.5561
Car -1 -1 -2.8887 430.5960 187.5892 521.7000 222.6771 1.4518 1.5704 3.6374 -5.8485 2.1147 31.5280 -3.0712 0.4278
Car -1 -1 -3.2496 766.3551 167.5022 849.9786 202.9373 1.5174 1.6413 3.4074 8.6779 1.2886 31.9672 -2.9872 0.3529
