Pedestrian -1 -1 1.6209 759.4213 122.8645 800.0222 226.4137 1.7780 0.6740 0.7017 2.9701 0.9200 12.8154 1.8432 0.5725
Pedestrian -1 -1 1.7083 170.4227 176.0198 229.2351 301.1061 1.6539 0.6130 0.7089 -5.7226 1.7000 10.0010 1.1995 0.3769
Cyclist -1 -1 1.8880 559.7727 175.7920 575.0130 200.7560 1.7282 0.5691 1.7243 -3.0363 1.9402 51.0676 1.8285 0.4922
Car -1 -1 -1.8378 732.0490 181.6959 921.7126 312.5148 1.4304 1.5467 3.3093 2.6681 1.5709 9.7732 -1.5801 0.9548
Car -1 -1 1.7048 459.7734 181.8736 514.6970 224.3743 1.5327 1.6493 3.9379 -4.8770 1.9188 28.8595 1.5383 0.9479
Car -1 -1 -1.2681 313.6430 179.8582 458.0921 275.0296 1.6604 1.7056 3.9350 -4.4708 1.8242 14.8562 -1.5563 0.9456
Car -1 -1 -1.6754 661.6573 176.9633 718.3627 224.7276 1.5459 1.5981 3.5965 2.7084 1.7016 25.4588 -1.5714 0.9371
Car -1 -1 -0.9862 0.0000 215.7974 287.2104 375.0000 1.4404 1.5589 3.6423 -4.1740 1.8909 5.7217 -1.5951 0.9271
Car -1 -1 1.6256 511.1425 180.8560 540.8455 209.1003 1.6213 1.6053 4.1650 -5.1990 2.1416 44.7490 1.5101 0.7735
Car -1 -1 1.4546 630.0086 175.3404 652.8470 192.3526 1.4882 1.6288 3.9086 2.8127 1.7219 65.7121 1.4968 0.4264
Car -1 -1 -1.5492 543.9466 181.1949 562.9521 199.7843 1.5389 1.5855 3.6291 -4.9542 2.2919 63.2498 -1.6275 0.3745
