Car -1 -1 -1.9066 509.1547 186.1178 647.1055 273.8075 1.4593 1.5958 3.8249 -0.8401 1.7681 14.7039 -1.9638 0.9680
Car -1 -1 -1.7430 406.0053 179.9500 463.8866 220.6638 1.4594 1.5761 3.9671 -7.0753 1.7634 28.7375 -1.9827 0.9536
Car -1 -1 -2.2413 659.2205 122.5801 1102.3801 364.9832 1.7284 1.7668 4.4582 2.2467 1.3703 7.5394 -1.9633 0.9351
Car -1 -1 1.8444 0.0000 210.5964 105.3702 375.0000 1.4327 1.6380 4.0858 -6.9394 1.9570 7.8162 1.1351 0.9267
Car -1 -1 1.7560 0.0000 204.5761 155.3063 319.7301 1.4582 1.6290 3.7793 -9.0509 2.0909 12.3239 1.1326 0.8607
Car -1 -1 1.7524 217.8824 185.3548 266.9619 216.6222 1.5710 1.6992 4.2285 -20.5065 2.3095 40.3329 1.2844 0.8497
Car -1 -1 1.2384 1120.8293 149.4294 1242.0000 246.8407 1.3953 1.6143 4.0228 10.4020 1.0602 12.4989 1.9208 0.8252
Car -1 -1 1.4614 991.5707 150.3180 1109.2213 232.9791 1.4444 1.5638 3.7745 8.7245 1.0510 14.6475 1.9896 0.8139
Car -1 -1 -1.7126 394.8727 177.1435 441.0902 211.6326 1.5030 1.5911 3.6987 -9.1208 1.7172 33.9560 -1.9734 0.6922
Car -1 -1 -2.8565 521.0215 169.4638 610.5755 200.0703 1.5043 1.5894 4.2741 -2.2677 1.3381 36.7100 -2.9182 0.6400
Car -1 -1 0.1993 0.0000 191.9540 87.3341 222.8065 1.5751 1.6334 3.8843 -31.8426 2.6878 40.4168 -0.4650 0.4916
