Car -1 -1 -0.3944 711.4719 175.5324 934.0158 261.5100 1.5838 1.7069 3.9176 4.1151 1.6418 14.4442 -0.1232 0.9798
Car -1 -1 0.3634 92.7340 176.5671 334.2975 253.9161 1.5058 1.6080 4.1634 -8.2295 1.5899 15.2042 -0.1257 0.9716
Car -1 -1 3.2835 293.8366 176.8796 427.1460 225.1568 1.6217 1.6926 4.2820 -8.8076 1.7722 25.6675 2.9556 0.9650
Car -1 -1 -0.2779 650.4055 173.3129 770.0879 217.8346 1.4915 1.6608 3.8440 3.4249 1.5086 25.2920 -0.1454 0.9497
Car -1 -1 3.5349 184.0306 185.1679 367.4618 250.1738 1.4963 1.5490 3.7942 -8.1705 1.8140 17.7581 3.1089 0.8878
Car -1 -1 3.7437 0.0000 189.1339 204.1338 315.5278 1.4376 1.5749 3.8288 -7.6948 1.6701 9.3647 3.0697 0.8738
Car -1 -1 3.8624 0.0000 199.1375 126.6567 371.8782 1.3855 1.5691 3.9476 -7.2576 1.6732 6.9738 3.0762 0.8435
Car -1 -1 0.3686 231.3454 180.3333 392.7694 236.2695 1.5038 1.5977 3.9173 -8.3997 1.7248 20.4498 -0.0171 0.8086
Car -1 -1 -0.1848 642.1630 175.3287 746.3260 216.6124 1.5160 1.5938 3.7139 3.1248 1.6140 27.5360 -0.0736 0.6399
Car -1 -1 -1.8140 455.4109 175.5861 483.8594 193.6935 1.5247 1.6109 3.6823 -12.3757 1.7727 63.3702 -2.0064 0.5798
