Pedestrian -1 -1 1.7254 708.3065 132.5830 737.8621 207.9508 1.8754 0.6424 0.7372 2.8408 0.8737 18.3999 1.8758 0.6094
Pedestrian -1 -1 2.3457 865.2612 104.5470 952.0673 274.9708 1.7140 0.4958 0.7106 3.0978 1.0274 7.6261 2.7178 0.4502
Pedestrian -1 -1 1.8451 331.9516 179.6161 371.6609 258.1828 1.7394 0.6926 0.6724 -5.9065 1.8967 16.3915 1.5037 0.3892
Cyclist -1 -1 -2.6911 690.3597 152.6721 723.4092 187.0990 1.8403 0.5257 1.7247 5.2305 0.7618 39.2617 -2.5598 0.4133
Car -1 -1 -1.3363 399.9748 181.5966 494.6813 250.5054 1.7079 1.7056 4.0445 -4.5235 1.9806 20.4351 -1.5522 0.9722
Car -1 -1 -1.2702 242.4873 201.0739 418.9818 321.2515 1.4439 1.5437 3.5749 -4.2221 1.9594 11.3454 -1.6198 0.9646
Car -1 -1 -1.7261 690.5923 176.7463 794.2263 259.1105 1.5419 1.6124 3.4497 2.6520 1.6347 15.4022 -1.5597 0.9508
Car -1 -1 -1.6938 649.3251 177.1648 695.0852 213.7299 1.4571 1.5283 3.4193 2.5700 1.6524 30.8997 -1.6122 0.9268
Car -1 -1 -2.0627 829.6223 178.3659 1242.0000 375.0000 1.5142 1.5322 3.4027 2.7957 1.5665 5.0794 -1.5849 0.9159
Car -1 -1 1.6828 485.4788 183.8370 529.8350 219.2728 1.5295 1.6562 4.0021 -4.8590 2.0847 34.4190 1.5431 0.8921
Car -1 -1 1.4636 519.6754 181.3548 548.6993 206.5521 1.6263 1.5869 3.9060 -5.3229 2.2408 50.0451 1.3578 0.6239
