Pedestrian -1 -1 3.5465 21.6374 162.4668 113.1861 321.5797 1.7323 0.4860 0.6912 -6.1789 1.6196 8.1676 2.9142 0.4198
Pedestrian -1 -1 0.1510 200.1519 178.9703 262.3774 290.4034 1.6970 0.5258 0.7989 -6.0239 1.7972 11.4037 -0.3260 0.2975
Pedestrian -1 -1 1.5159 691.5134 156.8773 712.6824 212.7196 1.8290 0.6480 0.9219 3.0259 1.3061 24.1121 1.6387 0.2292
Pedestrian -1 -1 -1.4671 642.0864 164.1631 654.8322 197.8195 1.8468 0.6518 0.5494 2.0940 1.3703 39.9118 -1.4155 0.2210
Pedestrian -1 -1 1.9265 848.9918 166.1729 905.4069 294.9396 1.7419 0.5703 0.6257 3.7197 1.6518 10.1806 2.2664 0.1985
Pedestrian -1 -1 -1.6668 652.1305 168.1074 666.9205 204.6466 1.7903 0.6658 0.6849 2.4093 1.5581 35.7024 -1.6005 0.1677
Cyclist -1 -1 1.5740 416.6926 183.9125 427.4102 220.6179 1.6404 0.4722 1.7237 -8.8089 2.1707 33.6760 1.3196 0.2069
Car -1 -1 3.5805 0.0000 174.4698 269.8501 275.6389 1.6410 1.7211 4.1163 -8.5777 1.6728 12.8759 3.0021 0.9804
Car -1 -1 -1.4263 415.6785 183.6121 493.5996 248.0074 1.4844 1.5171 3.3902 -4.0355 1.7933 18.9511 -1.6340 0.9642
Car -1 -1 1.7116 463.4568 176.2628 526.7180 228.5121 1.6746 1.6344 4.1282 -4.0100 1.8051 25.4695 1.5564 0.9147
Car -1 -1 1.6354 530.1776 169.1297 549.9586 188.9342 1.8062 1.5948 4.0596 -6.5673 1.4669 67.8577 1.5390 0.3271
Car -1 -1 -1.5407 503.7855 179.3892 532.5640 207.1286 1.5015 1.5474 3.4788 -5.3068 1.8960 41.7091 -1.6669 0.1813
Car -1 -1 3.0023 622.9977 160.2418 693.3484 186.7729 1.7464 1.7435 4.5202 3.1759 0.9166 48.5302 3.0670 0.1810
