Car -1 -1 -1.3800 440.3288 183.2871 506.9259 232.5782 1.5670 1.6026 3.4809 -4.5506 1.5068 24.5974 -1.5614 0.9619
Car -1 -1 -1.2941 302.1831 193.3490 453.0999 288.2256 1.4629 1.5805 4.1273 -4.1582 1.6405 13.5128 -1.5875 0.9458
Car -1 -1 -1.0626 78.0781 182.1265 276.9468 267.1625 1.4652 1.5862 4.0888 -8.4067 1.4131 14.4356 -1.5821 0.9377
Car -1 -1 1.7952 390.9261 174.2410 444.9913 209.6340 1.5397 1.5945 3.8394 -8.7308 1.0634 33.2123 1.5399 0.8900
Car -1 -1 -1.6037 577.4558 180.8999 609.0881 208.7144 1.4660 1.6163 3.8969 -0.8740 1.2396 39.8735 -1.6259 0.8851
Car -1 -1 -1.2488 264.6707 176.7327 341.9791 218.1832 1.6065 1.6934 4.2830 -12.6475 1.2788 30.0541 -1.6443 0.8398
Car -1 -1 -1.2854 283.0360 188.3887 371.9058 236.3026 1.3414 1.5928 3.6076 -8.5961 1.4488 22.2290 -1.6507 0.7848
Car -1 -1 -1.4613 479.7049 183.4095 522.1554 216.6799 1.5136 1.6033 3.9470 -5.1309 1.4325 34.7006 -1.6074 0.7644
Car -1 -1 -1.3975 507.5215 183.2292 542.1563 209.2946 1.5313 1.5432 3.3948 -5.0577 1.4157 43.9677 -1.5118 0.7127
Car -1 -1 2.2765 0.0000 198.9841 80.0200 376.0000 1.4210 1.5693 4.0388 -8.0770 1.6147 7.9819 1.5019 0.5499
Car -1 -1 -1.1836 369.9933 179.0338 418.4473 205.3704 1.4979 1.5418 3.5207 -12.6585 1.1475 42.7111 -1.4703 0.4663
