Pedestrian -1 -1 -1.5450 443.7315 174.0068 463.7798 225.5583 1.6837 0.6336 0.7341 -5.2374 1.7231 24.0020 -1.7582 0.3385
Pedestrian -1 -1 -0.7698 259.4471 174.7022 302.7920 235.3970 1.6873 0.5901 1.0008 -9.4567 1.7421 20.6645 -1.1945 0.2342
Pedestrian -1 -1 -2.6671 694.8783 154.6156 723.5836 189.8879 1.8108 0.6345 1.3436 5.1437 0.8749 37.6843 -2.5328 0.1755
Cyclist -1 -1 -2.6671 694.8783 154.6156 723.5836 189.8879 1.8108 0.6345 1.3436 5.1437 0.8749 37.6843 -2.5328 0.2976
Car -1 -1 1.8432 248.9277 170.6727 474.2752 328.0590 1.6593 1.6827 4.2554 -3.0770 1.6366 9.7534 1.5444 0.9490
Car -1 -1 -1.4332 446.6216 181.5422 532.4254 250.3352 1.4404 1.5274 3.8428 -2.8618 1.6752 17.5323 -1.5934 0.9261
Car -1 -1 1.4727 638.5718 176.7762 678.4299 208.1976 1.3947 1.5268 3.6636 2.2201 1.5918 34.3445 1.5362 0.8050
Car -1 -1 1.7619 554.5104 170.0380 587.3190 192.9553 1.6195 1.6645 4.1052 -2.8621 1.4209 53.1339 1.7080 0.7457
Car -1 -1 -2.3994 891.8334 188.3125 1242.0000 375.0000 1.4870 1.6249 3.7583 2.3585 1.5724 2.0540 -1.6141 0.5408
Car -1 -1 3.4476 296.6378 169.7973 447.4031 226.0160 1.5269 1.5413 3.7538 -6.6877 1.4442 20.3789 3.1339 0.3301
