Pedestrian -1 -1 2.5812 1023.0146 146.9823 1105.2472 265.9366 1.6834 0.5944 0.8228 6.5478 1.3176 10.5118 3.1254 0.6670
Pedestrian -1 -1 1.4916 630.2231 147.3645 646.9777 190.3484 1.8490 0.6655 0.8148 1.2018 0.7529 31.4562 1.5291 0.5251
Pedestrian -1 -1 1.2330 668.7693 136.8763 695.4482 199.6790 1.7818 0.5688 0.6914 2.0342 0.7614 20.8725 1.3284 0.4936
Cyclist -1 -1 2.5812 1023.0146 146.9823 1105.2472 265.9366 1.6834 0.5944 0.8228 6.5478 1.3176 10.5118 3.1254 0.1592
Car -1 -1 2.0759 0.0000 196.8421 321.3336 375.0000 1.4916 1.7111 4.3787 -4.9541 1.8339 8.0666 1.5392 0.9826
Car -1 -1 -1.4429 413.0112 186.3602 476.0209 237.3139 1.4943 1.5849 3.6670 -5.4821 1.9807 24.0649 -1.6651 0.9649
Car -1 -1 -1.7553 648.7578 178.2772 739.4637 247.3894 1.5429 1.6163 3.5396 1.9688 1.6940 18.2209 -1.6504 0.9570
Car -1 -1 -1.6425 617.8875 178.5483 662.2941 217.9381 1.4353 1.5021 3.2799 1.0939 1.6733 28.4354 -1.6051 0.9144
Car -1 -1 -1.4291 449.5564 180.0273 496.6302 217.8761 1.5939 1.5840 3.9046 -6.2598 1.9433 33.1207 -1.6150 0.9046
Car -1 -1 -2.0280 790.9690 159.2536 1241.3938 375.0000 1.4735 1.5897 3.7970 2.8403 1.3939 6.1741 -1.6157 0.8662
Car -1 -1 -1.6781 598.5424 176.1589 628.8895 201.5983 1.4735 1.4984 3.2709 0.1607 1.6829 43.9369 -1.6749 0.6809
Car -1 -1 1.6090 481.7515 179.5932 507.9368 206.5687 1.6454 1.5387 3.9158 -7.5053 2.1043 47.0604 1.4512 0.6552
Car -1 -1 2.7082 803.0603 162.3375 966.7396 227.0524 1.5075 1.4977 3.4403 6.6230 1.2628 17.6903 3.0605 0.6159
