Pedestrian -1 -1 -1.4922 935.5063 152.8620 971.2513 238.3827 1.6782 0.6016 0.8269 6.9343 1.2862 14.6640 -1.0587 0.4436
Pedestrian -1 -1 2.0063 0.0000 99.2942 81.6050 257.8728 1.8013 0.6178 0.7693 -6.9219 0.9661 8.6373 1.3456 0.3922
Pedestrian -1 -1 0.7631 820.9457 143.3116 878.2281 247.6779 1.7275 0.7000 0.6227 4.0556 1.2389 12.3812 1.0720 0.3302
Cyclist -1 -1 -1.4922 935.5063 152.8620 971.2513 238.3827 1.6782 0.6016 0.8269 6.9343 1.2862 14.6640 -1.0587 0.1388
Car -1 -1 -1.4115 506.9071 181.7471 589.9741 241.1733 1.4402 1.6379 4.5515 -1.6709 1.7222 20.5145 -1.4926 0.9266
Car -1 -1 -1.4826 555.7144 180.2540 603.7102 218.9761 1.4160 1.5959 3.9738 -1.2021 1.7363 29.1767 -1.5240 0.8983
Car -1 -1 -2.0819 871.6722 175.2377 1242.0000 375.0000 1.4595 1.6226 4.1642 3.4642 1.4850 5.5099 -1.5452 0.8864
Car -1 -1 -1.6508 694.3967 172.1090 733.3376 205.9740 1.4864 1.5051 3.3467 4.7199 1.4540 33.3809 -1.5120 0.7714
Car -1 -1 -1.7598 706.2710 177.7100 790.4412 233.0171 1.4543 1.6478 4.2498 3.9489 1.6136 21.4786 -1.5812 0.4146
Car -1 -1 1.7766 677.9289 172.0108 711.3292 194.5058 1.5241 1.6022 3.8115 5.9828 1.4673 50.9440 1.8924 0.4124
Car -1 -1 -1.3073 340.9813 185.8465 455.0336 257.2813 1.4575 1.6712 3.7925 -4.9881 1.8041 17.3201 -1.5843 0.3441
