Pedestrian -1 -1 -1.5269 439.7263 175.5033 461.5673 229.4026 1.7625 0.6814 0.8303 -5.0463 1.5675 23.9523 -1.7376 0.6573
Pedestrian -1 -1 0.8544 778.2775 153.8396 843.3566 269.2206 1.7722 0.7312 0.6821 3.3021 1.3487 11.4967 1.1227 0.6488
Pedestrian -1 -1 -1.7065 66.8165 189.7079 143.6735 351.1632 1.6588 0.6070 0.7136 -5.5057 1.7557 7.8933 -2.3063 0.5798
Pedestrian -1 -1 2.3981 673.0556 151.1849 745.7090 280.6132 1.6945 0.6690 0.7281 1.4371 1.2990 9.8847 2.5332 0.5576
Pedestrian -1 -1 0.9582 761.4952 172.9551 807.1757 251.8553 1.7039 0.5930 0.8646 4.0341 1.5206 16.0210 1.1956 0.5373
Pedestrian -1 -1 1.3180 563.1794 177.0872 588.5107 227.0799 1.7504 0.7087 0.8534 -0.9420 1.5969 25.6595 1.2763 0.5152
Pedestrian -1 -1 -2.2042 613.8203 174.2977 658.8738 253.3384 1.7765 0.6385 0.8914 0.7699 1.6159 16.6908 -2.1644 0.4936
Pedestrian -1 -1 -2.0418 397.9866 173.8542 426.5911 224.9890 1.7090 0.6532 0.7944 -6.4826 1.4546 24.5195 -2.3029 0.4581
Pedestrian -1 -1 2.2326 800.9900 138.1249 858.1032 238.2280 1.7536 0.6335 0.8044 4.1101 0.9950 13.0718 2.5263 0.4074
Pedestrian -1 -1 1.1907 584.7244 175.6900 611.1261 225.6413 1.7516 0.7005 0.7814 -0.1520 1.5489 25.6816 1.1796 0.3222
Pedestrian -1 -1 -2.9843 521.6354 176.3449 538.5503 206.9054 1.7617 0.5880 0.8994 -4.1399 1.4653 41.7237 -3.0876 0.3191
Pedestrian -1 -1 -1.0874 679.3162 195.7947 799.3729 374.0000 1.5121 0.7770 0.9367 1.2645 1.6606 6.7847 -0.9163 0.3161
Pedestrian -1 -1 2.5472 634.1786 181.8243 684.1899 263.5815 1.6951 0.6811 0.8281 1.1976 1.7034 15.3962 2.6179 0.2956
Cyclist -1 -1 1.6250 358.0200 176.3269 381.2457 238.7806 1.6575 0.5259 1.7844 -6.4676 1.5214 19.9915 1.3106 0.3105
Cyclist -1 -1 -0.3306 481.8206 182.6321 509.6468 211.9333 1.7937 0.6228 1.5961 -6.5656 1.8658 44.6644 -0.4809 0.2675
Cyclist -1 -1 2.5472 634.1786 181.8243 684.1899 263.5815 1.6951 0.6811 0.8281 1.1976 1.7034 15.3962 2.6179 0.1773
Cyclist -1 -1 0.9389 762.3975 172.6599 809.3698 249.8104 1.6563 0.5820 0.9062 4.0493 1.4677 15.9488 1.1782 0.1533
Cyclist -1 -1 1.4966 582.7409 175.1729 605.2043 225.2277 1.7561 0.7250 1.0028 -0.2969 1.5351 25.7308 1.4799 0.1292
Cyclist -1 -1 2.4660 678.4661 156.4814 760.9661 282.6810 1.6428 0.7976 0.7951 1.5758 1.3185 9.8931 2.6143 0.1140
Car -1 -1 2.0691 0.0000 197.3032 374.4875 374.0000 1.4980 1.6615 4.2034 -3.6129 1.6894 6.5328 1.5742 0.9616
