Cyclist -1 -1 2.0124 231.4412 198.0148 269.4427 255.2016 1.5968 0.4285 1.4605 -10.7544 2.3733 21.5235 1.5535 0.3275
Car -1 -1 -1.7979 747.9009 179.3158 921.3900 303.3602 1.4575 1.5506 3.5020 2.9846 1.5674 10.4436 -1.5281 0.9395
Car -1 -1 1.9610 224.6848 197.1458 386.1712 290.8027 1.5346 1.6159 4.0190 -6.1086 2.1039 14.8797 1.5771 0.9392
Car -1 -1 -2.1638 860.6722 184.1219 1242.0000 375.0000 1.5292 1.6521 3.9666 2.9466 1.6264 4.2050 -1.5861 0.8700
Car -1 -1 -1.6646 641.3607 174.1497 676.1063 202.5384 1.5362 1.6136 3.8225 2.6996 1.6140 41.1534 -1.6000 0.8485
Car -1 -1 1.7215 469.0777 183.9135 510.1962 214.5952 1.4660 1.5865 3.6283 -6.2598 2.0709 37.6133 1.5572 0.7935
Car -1 -1 1.7252 485.7736 184.3481 523.6533 212.0778 1.5195 1.6658 3.8433 -6.2678 2.2367 43.0654 1.5810 0.5270
Car -1 -1 1.6641 244.5491 194.6388 282.7729 221.8371 1.4605 1.7519 3.9285 -21.2534 2.8640 44.3252 1.2190 0.4719
Car -1 -1 1.2715 596.1866 176.7557 628.6960 195.2672 1.5660 1.6838 4.3517 0.1559 1.9270 64.3465 1.2735 0.3549
Car -1 -1 -1.6416 799.1149 158.8657 822.3770 182.7819 2.1261 1.7403 4.4980 18.4494 0.8829 66.5162 -1.3723 0.3185
