Pedestrian -1 -1 -0.3541 1053.0536 156.1694 1139.9991 294.4925 1.7623 0.5262 0.8168 6.3567 1.5501 9.5354 0.2190 0.2405
Pedestrian -1 -1 1.3048 976.1378 181.4426 1004.3781 235.5883 1.5962 0.5952 0.6681 11.4256 1.8604 21.7800 1.7817 0.2231
Pedestrian -1 -1 -0.6819 1164.4496 139.3713 1242.0000 261.3488 1.8344 0.5426 0.9734 9.1903 1.3312 11.1219 -0.0046 0.1345
Pedestrian -1 -1 1.1669 925.6361 130.0711 959.7100 189.8481 1.9040 0.6954 0.9208 10.7551 0.5416 23.4468 1.5923 0.1316
Car -1 -1 -0.3082 799.4382 165.0568 919.3190 210.3533 1.5002 1.5657 3.5693 8.4279 1.2423 24.7068 0.0165 0.9566
Car -1 -1 -1.6983 648.9973 159.3792 682.6218 185.5162 1.6397 1.6796 4.1151 3.5857 0.7947 47.3606 -1.6234 0.7541
Car -1 -1 3.3350 391.5145 173.9652 499.3577 213.1233 1.4665 1.5807 3.8346 -6.3464 1.5112 27.9124 3.1131 0.2285
Car -1 -1 -2.5641 220.6601 178.0136 344.2414 227.4147 1.5762 1.6015 3.4837 -11.0332 1.7580 24.3010 -2.9865 0.1771
Car -1 -1 0.4790 669.4442 173.3436 724.6467 195.9729 1.6101 1.6175 3.7055 6.3669 1.6476 53.1189 0.5973 0.1531
Car -1 -1 1.7173 690.4598 176.8809 726.9198 204.4514 1.4805 1.5626 3.6042 5.6473 1.7220 41.2593 1.8519 0.1299
Car -1 -1 -0.6995 702.8711 168.4589 767.7128 194.1792 1.5284 1.6095 3.8019 7.7118 1.2676 44.5278 -0.5294 0.1203
