Pedestrian -1 -1 -0.5157 878.4921 166.2686 891.8132 190.1868 1.8233 0.6843 0.7095 21.0963 1.3217 55.3935 -0.1538 0.2191
Pedestrian -1 -1 0.5189 623.0220 168.1864 638.5104 195.1141 1.8328 0.5162 0.9301 1.3969 1.5155 49.5705 0.5465 0.1895
Car -1 -1 2.5303 127.5518 179.1266 247.0240 219.7950 1.5375 1.5806 4.1514 -17.5921 1.8194 30.1738 2.0061 0.9114
Car -1 -1 -0.3190 819.4977 173.5065 887.4280 195.7558 1.4366 1.5833 3.9311 15.9362 1.4806 47.4292 0.0029 0.8810
Car -1 -1 2.5739 74.4316 183.6711 175.6031 217.4634 1.4622 1.5526 3.7791 -23.1758 2.0114 34.5672 1.9867 0.7037
Car -1 -1 1.8046 348.5970 175.4004 376.3705 193.6687 1.6074 1.5967 3.6462 -22.5910 1.8470 65.9015 1.4753 0.3873
Car -1 -1 -1.9134 882.8805 167.6152 920.5269 188.7379 1.6858 1.6591 3.8894 24.0043 1.2680 59.5580 -1.5323 0.2668
Car -1 -1 1.2976 1134.9650 178.7983 1190.5016 206.3075 1.4996 1.5848 3.8534 32.3014 1.8657 42.3125 1.9459 0.2343
Car -1 -1 1.1936 806.8811 169.2017 844.9828 190.7844 1.7272 1.6545 4.0100 17.8257 1.4352 59.8094 1.4817 0.2145
Car -1 -1 1.4708 413.0303 178.5934 443.7956 205.1886 1.5658 1.5246 3.5044 -11.4397 1.9409 45.2072 1.2240 0.1780
