Car -1 -1 -1.8007 686.3474 177.7265 812.4140 266.0180 1.5828 1.6637 4.0667 2.7207 1.7002 15.2397 -1.6284 0.9790
Car -1 -1 -1.2819 197.4732 184.3696 404.8310 315.4078 1.4159 1.6134 3.5414 -4.0510 1.6044 9.9517 -1.6600 0.7588
Car -1 -1 1.3293 610.4467 176.4552 641.9043 198.5083 1.5309 1.5341 3.3027 1.1165 1.8019 52.4452 1.3500 0.6986
Car -1 -1 -2.2585 682.8941 178.2011 743.7581 207.0671 1.5079 1.5620 3.3795 5.6816 1.8201 40.2235 -2.1197 0.6012
Car -1 -1 0.2981 337.3672 187.3934 475.9654 240.9725 1.5174 1.5731 3.7180 -6.0980 1.9724 21.7218 0.0269 0.5795
Car -1 -1 3.3031 421.7029 172.8194 516.1022 211.6355 1.8755 1.7774 4.3693 -6.9795 1.8741 35.8134 3.1115 0.5721
Car -1 -1 3.4583 226.8882 181.9553 415.2298 253.2003 1.5357 1.5864 3.7312 -6.6114 1.7577 16.6751 3.0858 0.5636
Car -1 -1 -2.8785 388.2125 179.0728 481.4645 214.3608 1.4810 1.5896 3.6589 -7.6208 1.7595 31.4203 -3.1150 0.4046
Car -1 -1 1.4510 495.8192 183.3343 525.3320 206.7741 1.4715 1.5359 3.8811 -6.8468 2.2170 49.2201 1.3131 0.3774
Car -1 -1 -2.7444 265.3439 180.7591 427.0153 243.6194 1.5753 1.6562 3.6956 -7.0000 1.7965 19.2344 -3.0895 0.3738
Car -1 -1 -2.9053 475.7678 179.1096 524.8091 200.7579 1.6069 1.6083 3.4184 -8.3749 2.0928 55.0499 -3.0560 0.3173
