Pedestrian -1 -1 -1.5129 1207.3816 135.8543 1242.0000 227.5444 1.7840 0.6242 0.6400 12.3730 1.0645 14.4833 -0.8160 0.2066
Pedestrian -1 -1 0.2592 62.5826 214.8379 112.5313 292.4959 1.6101 0.5768 0.7618 -11.4773 2.5534 15.7984 -0.3613 0.1981
Pedestrian -1 -1 -0.3003 130.0519 225.7595 173.4219 292.7703 1.6252 0.6039 0.8133 -11.9865 3.0412 18.7992 -0.8620 0.1755
Pedestrian -1 -1 1.9326 484.1825 174.6769 494.7433 200.8721 1.9071 0.4860 0.8819 -8.8916 2.0428 53.0750 1.7670 0.1116
Cyclist -1 -1 -1.6182 651.9229 180.8237 661.2388 215.8125 1.5937 0.3599 1.5587 2.1511 1.9783 34.0010 -1.5562 0.3565
Cyclist -1 -1 -2.0493 857.1979 164.2265 879.1489 197.3179 1.7578 0.4200 1.6142 13.9629 1.2999 39.1537 -1.7094 0.1947
Car -1 -1 -1.4296 460.9806 161.2769 496.5776 188.1078 1.5776 1.6335 3.7925 -8.0511 0.8973 44.3482 -1.6083 0.3080
Car -1 -1 -2.2833 860.3480 167.5912 933.6015 197.7191 1.4936 1.5009 3.6942 14.9066 1.2331 37.7596 -1.9102 0.1110
Car -1 -1 1.0080 606.2940 177.7126 649.8616 198.5549 1.6757 1.6478 4.3164 1.4715 2.1045 61.3443 1.0314 0.1043
Car -1 -1 -1.6610 647.0027 180.5501 680.1219 208.7608 1.5500 1.5927 3.9523 3.0926 2.0273 42.7183 -1.5898 0.1014
