Pedestrian -1 -1 -1.8726 765.6078 164.3745 793.2767 215.4269 1.8019 0.6696 1.1035 6.0616 1.5030 26.0394 -1.6469 0.3867
Pedestrian -1 -1 -1.6267 1080.3013 151.8611 1104.2832 203.8498 1.7931 0.6654 0.5459 16.8526 1.0694 25.2862 -1.0444 0.2679
Pedestrian -1 -1 2.7538 846.6645 168.3956 861.6085 195.3080 1.7956 0.5402 0.8049 16.3556 1.4985 48.4328 3.0773 0.1859
Pedestrian -1 -1 -2.1876 837.4391 145.5974 882.3300 199.8592 1.8122 0.5562 1.7445 8.5945 0.9023 25.0105 -1.8605 0.1028
Cyclist -1 -1 -2.1445 838.0950 146.8204 882.5449 200.8116 1.8011 0.5575 1.8038 8.6079 0.9330 25.0092 -1.8169 0.2494
Cyclist -1 -1 -1.8726 765.6078 164.3745 793.2767 215.4269 1.8019 0.6696 1.1035 6.0616 1.5030 26.0394 -1.6469 0.1550
Car -1 -1 2.1321 54.7144 187.7077 205.4207 252.5885 1.5637 1.6171 4.0236 -13.3650 2.0244 20.3368 1.5565 0.9661
Car -1 -1 1.6935 4.6372 190.4376 46.4787 216.8496 1.5475 1.6282 4.1718 -38.3690 2.7569 47.4074 1.0157 0.3460
Car -1 -1 1.9680 282.2989 165.9229 368.2623 206.7421 1.4344 1.5766 4.0538 -10.7366 1.1912 27.3994 1.5976 0.2008
Car -1 -1 -0.2210 688.7813 172.5175 764.2271 199.8886 1.5420 1.6430 4.0287 6.6462 1.5234 41.5958 -0.0641 0.1777
