Pedestrian -1 -1 -1.2255 337.6235 171.1979 360.9999 215.9851 1.6439 0.5928 0.7697 -9.7447 1.5835 26.8658 -1.5706 0.3575
Pedestrian -1 -1 -1.7700 260.4547 186.4727 278.7728 223.1889 1.7570 0.6731 0.7804 -16.7506 2.4356 35.4204 -2.2092 0.3165
Cyclist -1 -1 -1.6815 1125.8959 40.3702 1242.0000 308.8695 1.7189 0.5793 1.6938 4.3220 0.8711 5.4935 -1.0401 0.2416
Cyclist -1 -1 1.9068 97.1864 188.3455 125.0989 228.7091 1.6920 0.4625 1.7360 -22.0318 2.3951 31.8303 1.3051 0.1389
Cyclist -1 -1 -1.3257 337.5922 169.4500 361.5718 215.3842 1.6790 0.5959 1.0852 -9.7585 1.5550 26.9410 -1.6704 0.1200
Car -1 -1 1.9278 292.0572 180.8071 400.6782 237.2765 1.4645 1.6266 4.2457 -7.7248 1.7248 21.4461 1.5856 0.9587
Car -1 -1 1.5144 494.6504 174.8904 518.4619 195.3107 1.5177 1.6017 4.1429 -8.1209 1.6830 56.2483 1.3714 0.3865
Car -1 -1 -1.7326 645.8722 183.9494 694.0636 221.8347 1.5220 1.5600 3.5042 2.5513 2.0401 31.8563 -1.6542 0.2793
Car -1 -1 1.7238 244.3598 193.0211 274.6708 216.4470 1.7157 1.6255 3.9795 -28.4783 3.4157 58.6683 1.2734 0.2418
Car -1 -1 1.4738 612.8627 177.4115 637.8475 199.7922 1.6390 1.5523 3.8461 1.1257 2.0032 55.6198 1.4935 0.1986
