Pedestrian -1 -1 1.7437 442.6072 178.2130 465.8286 227.0379 1.8171 0.7102 0.9557 -5.9622 2.0250 27.4494 1.5312 0.3113
Cyclist -1 -1 1.0105 1147.7159 159.5737 1242.0000 288.5235 1.6658 0.6360 1.7525 8.4596 1.4946 10.2255 1.6871 0.4728
Cyclist -1 -1 -1.6834 1135.2744 101.0304 1242.0000 375.0000 1.7175 0.5210 1.7286 3.3492 1.3966 4.1004 -1.0335 0.2534
Cyclist -1 -1 -1.9296 1023.1439 159.8137 1119.3618 285.9481 1.6880 0.5647 1.7927 6.6539 1.5139 10.5868 -1.3817 0.2092
Car -1 -1 1.7289 515.4836 178.9260 568.3051 218.1418 1.5559 1.6397 4.2756 -2.9370 1.8397 31.4891 1.6361 0.8716
Car -1 -1 -1.5707 631.0237 172.3372 669.8973 210.2717 1.5317 1.5693 3.2854 1.6808 1.5112 30.8127 -1.5173 0.8341
Car -1 -1 -1.8415 548.2664 173.8358 586.4778 199.1889 1.6850 1.6242 4.0658 -3.0454 1.7568 50.3084 -1.9021 0.4331
Car -1 -1 1.6323 544.9857 173.4364 579.8116 205.4364 1.6141 1.6146 3.9075 -2.5239 1.6470 38.4193 1.5667 0.3987
Car -1 -1 -0.0315 686.4029 164.0293 758.4168 194.7750 1.5396 1.5357 3.5861 5.7054 1.0980 37.1037 0.1196 0.3494
Car -1 -1 2.5473 887.9824 176.2791 1204.0221 271.2410 1.4649 1.6120 4.4482 7.1597 1.5276 12.1646 3.0681 0.2544
Car -1 -1 -1.6589 580.3829 162.3340 602.8799 185.6435 2.0731 1.6742 4.5301 -1.7462 1.1378 66.5154 -1.6854 0.2464
