Pedestrian -1 -1 -2.0390 908.3642 122.3652 1008.0703 291.8300 1.7266 0.6194 0.9024 3.6865 1.2126 7.8128 -1.6131 0.3440
Pedestrian -1 -1 -0.9044 1028.7434 136.8653 1103.8043 270.1115 1.7935 0.5798 0.7059 6.3299 1.3094 10.1042 -0.3583 0.2623
Cyclist -1 -1 3.5954 173.8155 189.9254 313.5336 297.9664 1.5691 0.5958 1.8023 -5.5480 1.8341 10.8785 3.1330 0.6764
Cyclist -1 -1 -2.0390 908.3642 122.3652 1008.0703 291.8300 1.7266 0.6194 0.9024 3.6865 1.2126 7.8128 -1.6131 0.1455
Car -1 -1 -1.4073 442.5323 184.3025 550.0853 262.6842 1.3961 1.5818 4.4494 -2.3659 1.6817 15.7395 -1.5549 0.9351
Car -1 -1 -1.4413 512.7320 178.1768 575.1531 225.6148 1.4394 1.5880 4.0498 -2.1936 1.6350 24.4078 -1.5306 0.9087
Car -1 -1 -1.6881 671.7426 170.9718 723.8249 210.7498 1.4949 1.6071 3.9891 3.4279 1.4246 29.1101 -1.5725 0.8548
Car -1 -1 -1.7642 701.6465 173.5138 806.3893 242.1619 1.4022 1.5931 4.0052 3.1567 1.4198 16.7856 -1.5823 0.8106
Car -1 -1 -1.5017 658.5984 173.0685 688.1375 197.2524 1.4902 1.6281 4.1118 4.1053 1.5051 46.6547 -1.4148 0.6429
Car -1 -1 -2.5682 0.0000 0.0000 1242.0000 375.0000 1.5561 1.6136 3.7978 2.9833 1.5510 1.3265 -1.4960 0.3777
