Pedestrian -1 -1 -2.3812 1062.9962 102.1660 1204.4629 317.8943 1.6693 0.6215 0.7106 4.3449 1.0568 5.9675 -1.7778 0.6359
Pedestrian -1 -1 -2.1683 1034.3721 110.3005 1238.0000 374.0000 1.6654 0.5997 0.8831 2.9751 1.3059 4.0816 -1.5740 0.6121
Pedestrian -1 -1 -1.5703 591.1791 159.8004 619.7287 232.7615 1.6945 0.6631 0.8787 0.0572 1.1917 17.1199 -1.5722 0.6053
Pedestrian -1 -1 -0.2976 687.0351 160.9869 716.3486 219.6525 1.6863 0.5372 0.7186 2.8937 1.0978 20.9697 -0.1673 0.5986
Pedestrian -1 -1 1.5699 642.1519 163.8438 663.3348 230.6003 1.6492 0.5225 0.7227 1.2570 1.2142 18.1210 1.6329 0.5971
Pedestrian -1 -1 -1.6017 610.0714 159.5548 631.4860 208.8537 1.6983 0.7151 0.9593 0.6492 0.9434 25.2260 -1.5813 0.5758
Pedestrian -1 -1 -1.3944 678.2501 161.1995 705.2056 223.7261 1.6395 0.5944 0.7974 2.4002 1.1084 19.3000 -1.2775 0.5621
Pedestrian -1 -1 -1.0250 646.8858 157.8345 682.6824 229.7683 1.6451 0.5365 0.7378 1.4573 1.1051 16.8815 -0.9454 0.4168
Pedestrian -1 -1 -1.6516 321.8878 206.6882 403.2587 368.2876 1.5044 0.7286 0.6605 -2.4768 1.7764 7.2708 -1.9756 0.4071
Pedestrian -1 -1 1.5581 770.5049 132.1579 851.4203 339.4246 1.7682 0.6718 0.9000 1.8652 1.3487 6.6437 1.8159 0.4069
Pedestrian -1 -1 0.6264 430.8936 157.4599 469.3081 228.3329 1.7226 0.5250 0.7736 -3.7932 1.1395 17.8527 0.4148 0.3732
Pedestrian -1 -1 2.0166 334.2196 173.7063 409.6371 320.4545 1.6597 0.5919 0.7430 -2.7563 1.5730 8.5301 1.7069 0.3677
Pedestrian -1 -1 -1.2801 474.2759 162.0937 494.7713 207.7924 1.8135 0.6451 0.6922 -4.7153 1.0444 28.8874 -1.4455 0.2924
Pedestrian -1 -1 1.3632 668.7853 159.2725 688.0233 208.6478 1.7588 0.5504 0.7184 2.7569 0.9681 25.9727 1.4629 0.2717
Pedestrian -1 -1 0.9620 48.8601 201.4937 190.3851 374.0000 1.6227 0.5528 0.7410 -3.6229 1.7837 5.3387 0.3813 0.2700
Cyclist -1 -1 -1.4572 808.9774 143.8183 839.5980 218.9855 1.7313 0.5395 1.6968 5.3879 0.8646 17.4291 -1.1667 0.3667
Cyclist -1 -1 1.2587 726.7184 147.8190 751.2999 191.4710 1.8721 0.5235 1.8067 6.0500 0.4286 31.7350 1.4407 0.3372
Cyclist -1 -1 -1.7143 615.1254 164.4044 639.5253 215.1489 1.7114 0.6002 1.7123 0.8680 1.1359 25.1082 -1.6852 0.2651
Cyclist -1 -1 1.5026 766.7808 132.1711 852.9108 341.9587 1.7902 0.6767 0.9812 1.8538 1.3706 6.6721 1.7578 0.1088
Cyclist -1 -1 -0.5984 691.7982 157.0345 727.3929 218.0319 1.7434 0.6057 0.8310 3.1285 1.0453 20.9837 -0.4573 0.1079
Car -1 -1 1.6831 552.3815 168.1274 584.2230 193.6264 1.5591 1.6239 3.9142 -2.0690 0.7422 45.9227 1.6334 0.6629
Car -1 -1 -2.0674 587.0410 185.4998 772.1515 279.0985 1.3775 1.5039 3.9953 1.1643 1.4624 12.8825 -1.9847 0.3964
