Pedestrian -1 -1 2.0938 1031.0172 158.5684 1086.9087 255.4643 1.6576 0.5285 0.7750 7.8873 1.4136 12.7594 2.6367 0.3089
Pedestrian -1 -1 2.1286 909.5908 125.0344 1005.5740 295.8795 1.7585 0.6027 0.8406 3.7541 1.2666 7.9071 2.5569 0.2395
Pedestrian -1 -1 -2.8808 502.5526 175.9478 518.9136 203.9207 1.7747 0.5566 0.9256 -6.3828 1.9745 46.1800 -3.0178 0.2264
Pedestrian -1 -1 1.4773 425.9262 134.3119 464.7501 225.4474 1.8012 0.7063 0.7325 -3.4162 1.0398 14.7161 1.2526 0.1942
Pedestrian -1 -1 -0.7751 1164.7079 141.5486 1242.0000 264.4422 1.7288 0.5883 0.7529 8.6044 1.2888 10.4784 -0.1016 0.1479
Pedestrian -1 -1 1.5574 486.6285 135.7184 501.9427 186.1076 1.8053 0.5363 1.5408 -4.3259 0.4752 26.6525 1.3978 0.1031
Cyclist -1 -1 0.4749 470.6840 136.3104 517.4942 187.1765 1.8398 0.5041 1.6562 -4.3165 0.5184 26.5920 0.3154 0.3561
Cyclist -1 -1 -1.5473 1040.3302 159.8979 1075.2593 256.8004 1.6334 0.5057 1.1282 7.8788 1.4154 12.7715 -1.0054 0.3012
Car -1 -1 1.6358 303.8488 184.7349 341.6977 214.8470 1.4849 1.6532 4.2261 -15.7533 2.1752 39.6307 1.2594 0.8444
Car -1 -1 -1.4135 36.2265 174.8295 96.5942 213.7631 1.6480 1.6006 3.8154 -24.6731 1.7438 32.8089 -2.0546 0.2544
Car -1 -1 1.7133 563.4489 161.7414 587.9417 181.5459 1.7405 1.6369 4.2657 -3.1045 0.7642 65.6081 1.6660 0.1613
Car -1 -1 1.5659 117.9561 185.7066 142.3190 206.4608 1.5329 1.5799 3.6975 -38.4087 2.5965 57.7115 0.9806 0.1348
Car -1 -1 -0.9792 272.8248 176.8450 317.7399 196.8690 1.7245 1.6881 4.1554 -28.4049 2.0977 65.2088 -1.3888 0.1302
