Pedestrian -1 -1 -3.3551 1018.2462 183.8931 1048.3066 232.1496 1.7341 0.6983 0.8225 15.5491 2.1484 26.5937 -2.8315 0.4029
Pedestrian -1 -1 -0.2320 926.9446 171.2532 952.1910 215.6221 1.7750 0.6187 0.8074 13.3095 1.7113 29.2428 0.1908 0.2187
Pedestrian -1 -1 -1.5106 569.4532 161.6398 584.1793 205.7409 1.9051 0.6053 0.6499 -1.4860 1.4210 31.4958 -1.5578 0.2108
Pedestrian -1 -1 -2.3540 901.5836 186.6470 947.1935 247.8255 1.6263 0.7592 0.8768 8.6478 2.0190 19.9732 -1.9516 0.1538
Pedestrian -1 -1 -1.8727 634.4760 146.3594 651.4150 182.2224 1.9606 0.6994 0.9019 1.7856 0.5125 39.9683 -1.8286 0.1515
Pedestrian -1 -1 0.6117 213.3988 132.5455 317.4461 288.9583 1.9019 0.6410 1.0097 -4.4200 1.4121 9.1735 0.1734 0.1496
Pedestrian -1 -1 -1.5752 1101.9493 168.3447 1118.9442 208.4133 1.7210 0.6016 0.5640 21.7289 1.5277 31.3912 -0.9744 0.1444
Pedestrian -1 -1 1.6173 1032.9689 152.1841 1055.6631 209.6163 1.9106 0.6292 0.8090 14.7133 1.2233 24.5110 2.1523 0.1262
Cyclist -1 -1 -0.8276 1014.3997 169.8625 1039.7166 195.4131 1.7887 0.6259 1.6146 29.4802 1.5796 51.0511 -0.3067 0.1938
Cyclist -1 -1 -3.5548 1100.6500 170.8608 1165.1086 220.7604 1.7802 0.7446 1.7492 18.9796 1.7094 26.2817 -2.9352 0.1638
Car -1 -1 -1.7243 752.3195 186.9651 821.4255 240.5004 1.5887 1.6467 4.0988 5.8921 2.1120 24.6279 -1.4930 0.9403
Car -1 -1 -2.2390 0.0000 0.0000 1242.0000 375.0000 1.5399 1.5778 3.9689 2.8274 1.6966 1.7509 -1.2964 0.5171
