Pedestrian -1 -1 -1.5300 386.8405 158.9926 421.9511 246.4122 1.7696 0.6752 0.6692 -4.3179 1.4893 15.0069 -1.8061 0.6601
Pedestrian -1 -1 -3.2456 850.4562 138.2414 901.5621 238.4888 1.7637 0.6413 0.8012 4.7634 1.1551 13.0974 -2.9045 0.5132
Car -1 -1 -1.2898 160.2357 176.5158 467.6179 375.0000 1.5084 1.6286 4.2232 -2.6527 1.5575 7.4435 -1.6221 0.9658
Car -1 -1 -1.3179 370.0551 178.9296 531.5878 290.4800 1.5642 1.6593 4.2974 -2.5847 1.6887 12.5432 -1.5180 0.9584
Car -1 -1 -1.8228 722.0021 174.9904 913.9175 304.8388 1.4721 1.5929 3.7081 2.6117 1.5079 10.0981 -1.5778 0.9520
Car -1 -1 -1.6987 660.2922 172.0206 718.7639 216.1880 1.4652 1.5753 3.9097 2.7334 1.4379 25.9076 -1.5953 0.9179
Car -1 -1 -2.0054 777.0220 148.9822 1242.0000 375.0000 1.4811 1.6015 3.8898 2.2837 1.3915 4.6638 -1.5755 0.8983
Car -1 -1 -1.7147 646.3512 170.0176 687.5734 200.2146 1.5221 1.6069 4.0764 2.9433 1.3795 38.4557 -1.6394 0.8627
Car -1 -1 -1.6308 544.7635 168.8318 580.9623 199.9447 1.6164 1.7158 4.4831 -2.6899 1.4078 39.8164 -1.6982 0.8274
Car -1 -1 -1.7157 633.6190 163.4136 661.7307 185.1898 1.6032 1.6204 3.6685 2.8126 0.9085 55.0189 -1.6651 0.4212
