Pedestrian -1 -1 -1.3860 0.0000 147.4383 49.5463 248.8870 1.6692 0.5452 0.9003 -10.1189 1.2514 12.3948 -2.0602 0.3408
Pedestrian -1 -1 1.6953 918.1876 109.4119 994.4914 297.1343 1.7739 0.6276 0.6673 3.4390 1.1748 7.2640 2.1214 0.2177
Pedestrian -1 -1 -3.6234 1013.5399 90.6458 1158.6237 282.1924 1.8292 0.6380 1.0365 4.6905 1.0445 7.2444 -3.0673 0.1819
Pedestrian -1 -1 0.8789 0.0000 145.8478 61.0765 235.0302 1.7356 0.5176 1.7366 -12.0218 1.2104 14.4606 0.1943 0.1760
Pedestrian -1 -1 1.6310 372.9076 177.4449 392.5806 228.2626 1.6832 0.5437 1.7563 -7.9006 1.8483 24.9798 1.3273 0.1059
Cyclist -1 -1 0.8789 0.0000 145.8478 61.0765 235.0302 1.7356 0.5176 1.7366 -12.0218 1.2104 14.4606 0.1943 0.3418
Cyclist -1 -1 1.6310 372.9076 177.4449 392.5806 228.2626 1.6832 0.5437 1.7563 -7.9006 1.8483 24.9798 1.3273 0.2542
Cyclist -1 -1 -1.3860 0.0000 147.4383 49.5463 248.8870 1.6692 0.5452 0.9003 -10.1189 1.2514 12.3948 -2.0602 0.1223
Car -1 -1 1.9999 0.0000 174.8225 389.5917 375.0000 1.6392 1.7222 4.3660 -3.8048 1.6659 7.4593 1.5417 0.9702
Car -1 -1 1.8599 609.6432 160.4880 652.2655 187.6573 1.7033 1.6799 4.1960 1.3994 0.9284 47.4863 1.8889 0.7659
Car -1 -1 -1.5409 668.6090 164.2107 702.6694 198.8205 1.5366 1.4975 2.6137 3.4933 1.1532 33.4271 -1.4380 0.7637
Car -1 -1 2.3369 0.0000 104.1563 120.2805 375.0000 1.5150 1.5608 3.6828 -3.6756 1.4487 2.6274 1.4347 0.6770
