Pedestrian -1 -1 1.2687 691.4427 162.3289 712.4224 206.6499 1.8312 0.6315 0.9047 4.0455 1.0819 29.7057 1.4044 0.7100
Pedestrian -1 -1 1.2929 709.9789 164.5041 730.6481 209.3297 1.8636 0.6603 0.8184 4.8397 1.2001 29.8358 1.4537 0.4713
Pedestrian -1 -1 2.0218 991.8927 106.8425 1131.5273 359.7368 1.7114 0.6555 0.6653 3.3226 1.2146 5.2360 2.5626 0.4189
Pedestrian -1 -1 -0.6071 1015.3252 134.0375 1177.7274 356.5386 1.7819 0.5411 0.9948 4.0533 1.4115 5.9435 -0.0312 0.4070
Pedestrian -1 -1 1.2589 940.1027 126.8532 996.5663 239.5864 1.8046 0.6207 0.7675 5.9727 0.9475 11.7390 1.7207 0.3332
Pedestrian -1 -1 3.0794 435.3436 126.4866 509.8065 274.1213 1.7676 0.4297 0.8848 -1.6990 1.1226 8.7759 2.8972 0.3153
Pedestrian -1 -1 1.3885 817.3810 135.4899 842.0928 190.3811 1.8926 0.6835 0.8379 7.8581 0.3422 24.8313 1.6933 0.2897
Pedestrian -1 -1 0.1062 579.7338 152.2866 594.0828 183.7039 1.9178 0.6189 0.8212 -1.1143 0.1969 43.4977 0.0827 0.1932
Pedestrian -1 -1 -1.8474 631.8740 164.9069 647.1573 194.8770 1.7748 0.6891 0.9241 2.0603 0.8528 42.3932 -1.7974 0.1712
Pedestrian -1 -1 3.0672 581.4140 181.8768 613.9511 248.9165 1.6441 0.5149 0.7748 -0.2253 1.6806 17.6366 3.0562 0.1593
Car -1 -1 -1.5990 730.5624 162.4344 761.7435 194.4849 1.8497 1.7329 4.2772 8.5419 0.8085 43.0536 -1.4028 0.8534
