Pedestrian -1 -1 2.3697 0.0000 155.0362 57.3396 258.2260 1.7135 0.5550 0.7892 -10.1529 1.4180 12.4043 1.6942 0.2225
Pedestrian -1 -1 2.1949 901.5592 161.1381 951.1797 248.3169 1.7703 0.6016 0.7993 6.5757 1.5328 15.1138 2.5974 0.1816
Pedestrian -1 -1 -2.2260 1013.9690 134.0517 1126.5812 289.4488 1.8209 0.7416 0.9611 5.6356 1.3666 8.9704 -1.6804 0.1476
Pedestrian -1 -1 1.0274 820.1391 158.0499 848.6242 204.1359 1.7330 0.6298 0.9698 8.5571 1.1767 27.6770 1.3239 0.1177
Pedestrian -1 -1 3.1308 571.6964 166.7399 583.1052 189.5780 1.8673 0.5438 0.9301 -2.7043 1.3677 59.2882 3.0851 0.1117
Car -1 -1 2.8430 773.0983 174.7100 878.9628 213.6529 1.5954 1.6115 3.9820 9.0249 1.6762 30.4687 3.1278 0.8631
Car -1 -1 -1.6467 657.7526 171.2230 684.1574 192.8439 1.5344 1.6371 3.9073 4.4280 1.4190 53.1609 -1.5644 0.8021
Car -1 -1 -2.3978 983.3723 0.0000 1242.0000 375.0000 1.6326 1.6041 3.5990 2.7296 1.3075 2.0976 -1.5473 0.7624
Car -1 -1 -0.2184 747.1633 157.4357 860.5218 199.5302 1.9330 1.7964 4.8998 9.0508 1.2253 34.1221 0.0383 0.4488
Car -1 -1 0.2634 515.9100 180.8214 567.8025 200.7021 1.5497 1.5679 3.8958 -5.5073 2.2051 58.2231 0.1691 0.1412
