Pedestrian -1 -1 1.8476 449.5727 172.3016 481.8467 247.7348 1.7224 0.5572 0.7666 -3.2029 1.5135 16.8048 1.6566 0.7249
Pedestrian -1 -1 -1.3919 855.4924 167.8530 921.3483 300.0385 1.7081 0.7209 0.7675 3.8751 1.5331 9.7944 -1.0299 0.7222
Pedestrian -1 -1 2.3004 206.5202 182.3384 276.7802 307.2733 1.6501 0.6054 0.6187 -4.9786 1.6634 9.8682 1.8378 0.7130
Pedestrian -1 -1 -1.3113 505.5566 180.5891 532.6921 231.7439 1.6034 0.6557 0.9145 -2.6557 1.5760 23.0121 -1.4303 0.7042
Pedestrian -1 -1 -1.3498 607.5163 175.6396 627.9074 217.7992 1.8078 0.7020 0.9594 0.7017 1.5574 31.3480 -1.3328 0.5145
Pedestrian -1 -1 -0.0414 0.0000 21.0612 102.1232 374.0000 1.8173 0.5943 0.6137 -3.0733 1.0739 3.7574 -0.6996 0.4235
Pedestrian -1 -1 -2.3241 567.9089 180.2690 592.5494 221.0857 1.7451 0.7097 0.8086 -0.9373 1.6935 31.2468 -2.3591 0.3783
Pedestrian -1 -1 1.6864 473.5665 186.1933 495.0200 236.3250 1.7124 0.6485 0.8628 -4.1045 1.8802 25.0654 1.5203 0.3751
Pedestrian -1 -1 1.2682 308.0291 172.2720 344.1236 241.2474 1.6396 0.5828 0.8989 -6.7885 1.4215 17.6064 0.8999 0.3500
Pedestrian -1 -1 0.2082 337.1019 147.4727 420.3832 282.9461 1.8535 0.6974 1.0109 -3.1910 1.3893 10.2194 -0.0929 0.3335
Pedestrian -1 -1 1.3582 622.7949 174.6077 633.7635 206.0418 1.8438 0.4694 0.8819 1.5916 1.4403 42.6076 1.3902 0.2694
Pedestrian -1 -1 -1.2637 430.3293 175.8351 467.5266 235.9385 1.7258 0.6056 1.7178 -4.5737 1.5643 21.5073 -1.4761 0.2471
Pedestrian -1 -1 -1.5443 391.6683 192.7270 420.5147 260.0962 1.5929 0.6651 0.7496 -4.8050 1.8758 17.5738 -1.8131 0.2378
Cyclist -1 -1 -1.3514 432.5687 178.2874 464.7895 238.4775 1.7288 0.5832 1.7570 -4.5834 1.6376 21.5094 -1.5643 0.4641
Cyclist -1 -1 1.7783 0.0000 200.2758 88.8066 369.5277 1.6006 0.6056 1.7020 -6.2209 1.8317 7.8878 1.1205 0.3147
Cyclist -1 -1 1.4661 307.8795 166.6769 338.0144 239.0148 1.7092 0.5672 1.1618 -6.8730 1.3602 17.6168 1.0939 0.2446
Cyclist -1 -1 -1.2763 504.9655 180.7744 532.5623 233.6481 1.6513 0.6329 0.9483 -2.6604 1.6297 22.9535 -1.3958 0.2035
Car -1 -1 -1.6619 688.6310 131.2170 802.3706 235.8704 1.8700 1.8357 4.7833 2.8354 0.9728 15.2931 -1.4868 0.7947
