Pedestrian -1 -1 1.6653 908.7854 123.7056 938.4040 196.0951 1.8633 0.6641 0.6219 8.2136 0.5986 19.0012 2.0677 0.2942
Pedestrian -1 -1 -1.1453 25.0794 185.0043 76.0901 269.8215 1.6038 0.5366 0.7283 -11.0288 1.8499 14.1751 -1.7976 0.1916
Cyclist -1 -1 -1.9648 883.0928 156.7393 981.5600 294.3408 1.7235 0.5700 1.7700 4.3189 1.5220 9.9210 -1.5659 0.4754
Car -1 -1 1.8727 315.5014 180.9801 405.2328 234.6086 1.6671 1.7235 4.4119 -8.6699 1.9778 25.3288 1.5457 0.9424
Car -1 -1 2.2108 0.0000 207.0903 158.5328 353.2714 1.4232 1.5920 3.9935 -8.2943 1.9942 9.9979 1.5312 0.8887
Car -1 -1 1.6662 470.4782 182.1945 496.5750 205.2002 1.6653 1.6309 3.8332 -9.7722 2.4137 55.8050 1.4932 0.6627
Car -1 -1 1.9030 428.7574 183.9308 478.9245 212.6301 1.5440 1.6720 4.0051 -9.1702 2.2291 42.5153 1.6914 0.4429
Car -1 -1 -1.6895 601.9175 178.5483 623.3857 195.4420 1.5200 1.6099 3.5445 0.2069 2.0718 68.0193 -1.6869 0.3563
Car -1 -1 -2.0587 878.7217 88.0230 1242.0000 365.3894 2.2072 1.9374 5.3509 4.9874 1.5325 8.4420 -1.5410 0.1943
Car -1 -1 1.4854 519.7263 176.0401 542.4231 195.9509 1.6423 1.6006 4.1143 -6.8749 1.9277 62.3814 1.3757 0.1891
