Pedestrian -1 -1 1.9230 816.8306 111.7373 884.3121 262.8364 1.7796 0.5976 0.6979 2.9364 1.0602 8.9544 2.2297 0.3777
Pedestrian -1 -1 0.2318 671.0857 141.1079 698.6127 191.4206 1.8214 0.5635 0.9027 2.7113 0.6725 26.5322 0.3323 0.2642
Pedestrian -1 -1 2.0390 556.5643 174.1963 577.6766 202.9701 1.7646 0.6107 1.7246 -2.7113 1.8508 45.2441 1.9790 0.1079
Cyclist -1 -1 1.9168 551.0742 175.2813 570.5189 203.6188 1.7226 0.6366 1.8052 -3.0892 1.8775 44.9779 1.8482 0.4612
Cyclist -1 -1 0.2318 671.0857 141.1079 698.6127 191.4206 1.8214 0.5635 0.9027 2.7113 0.6725 26.5322 0.3323 0.1127
Car -1 -1 -1.1809 190.6686 177.6336 413.3186 309.8995 1.6469 1.6923 3.9906 -4.5005 1.7344 11.1330 -1.5576 0.9589
Car -1 -1 1.7360 434.0629 181.9885 499.5688 231.0403 1.5184 1.6084 3.8399 -4.9176 1.8599 24.9977 1.5431 0.9473
Car -1 -1 -1.7257 664.7028 175.6125 739.2491 234.0597 1.5914 1.6446 3.6688 2.6246 1.6818 21.6832 -1.6077 0.9467
Car -1 -1 -1.9707 796.0369 174.4342 1187.2576 375.0000 1.4765 1.5018 3.1750 2.6182 1.4932 5.8672 -1.5706 0.9364
Car -1 -1 1.6704 497.3800 180.6915 534.9219 211.6215 1.6151 1.6747 4.5911 -5.3295 2.0879 41.1691 1.5420 0.6062
Car -1 -1 -1.4842 536.4628 180.0173 559.4505 200.5967 1.6056 1.5831 3.5564 -5.0954 2.2124 59.3087 -1.5700 0.4251
Car -1 -1 -1.4711 633.6522 173.3957 657.2032 194.2175 1.7289 1.6519 3.8455 3.0532 1.7773 62.0364 -1.4225 0.2465
