Pedestrian -1 -1 -1.8230 713.0461 165.4979 739.9280 218.6417 1.7701 0.6666 1.0177 3.9133 1.5255 24.5691 -1.6675 0.6625
Pedestrian -1 -1 2.0822 320.9066 160.9423 350.4189 218.2407 1.8136 0.5823 0.7791 -8.8849 1.4369 23.2638 1.7208 0.3907
Cyclist -1 -1 1.6950 472.7386 182.2588 501.1810 248.3508 1.8074 0.5841 1.9114 -3.6047 2.0938 20.9723 1.5260 0.8751
Cyclist -1 -1 1.9014 245.5732 184.3609 376.1236 375.0000 1.7655 0.5866 1.9739 -2.9917 1.8983 7.2976 1.5238 0.8275
Cyclist -1 -1 1.9687 148.7064 180.7559 300.8494 375.0000 1.7047 0.5638 1.8798 -3.6201 1.7907 6.8628 1.4983 0.7651
Cyclist -1 -1 -2.1221 1058.8933 83.9877 1242.0000 314.6213 1.8969 0.5872 1.8917 5.0686 1.1664 6.8941 -1.5085 0.2812
Car -1 -1 1.8274 314.8123 193.2817 435.1973 275.4507 1.5844 1.6474 4.3311 -5.4708 2.1344 17.2076 1.5232 0.9150
Car -1 -1 -1.4422 639.5892 181.6369 680.3616 215.0496 1.6188 1.6821 3.7382 2.6428 2.1060 38.0016 -1.3740 0.8297
Car -1 -1 1.7368 479.0551 190.0103 525.0618 224.8144 1.5284 1.6060 4.0348 -5.3180 2.4264 35.7182 1.5895 0.7486
Car -1 -1 1.5104 656.8616 177.0718 685.6169 202.2310 1.5809 1.6531 4.1009 4.0107 1.8745 48.0966 1.5926 0.4890
