Pedestrian -1 -1 -2.1817 500.7452 174.9710 521.2346 219.2998 1.7633 0.5844 0.5952 -4.0433 1.8504 29.1545 -2.3188 0.3637
Pedestrian -1 -1 0.6183 259.1941 146.2653 362.8058 301.2988 1.8776 0.6659 1.0214 -3.8434 1.5560 9.1770 0.2312 0.2420
Pedestrian -1 -1 -1.2374 541.8911 177.5302 560.0297 212.4843 1.7419 0.6364 0.9720 -3.0318 1.9834 36.6515 -1.3199 0.1845
Pedestrian -1 -1 2.0423 392.8818 171.9981 442.4855 264.3091 1.7781 0.6166 0.8963 -3.8767 1.7620 14.3986 1.7831 0.1807
Pedestrian -1 -1 0.0805 671.2141 172.3810 683.1885 199.1859 1.8269 0.5663 0.7763 4.5845 1.7950 49.5195 0.1718 0.1772
Pedestrian -1 -1 1.1301 365.3047 156.4901 415.7118 261.7617 1.8160 0.6383 0.6702 -3.9803 1.5341 12.9069 0.8361 0.1707
Pedestrian -1 -1 1.7588 715.0487 166.3319 734.0292 216.7450 1.8726 0.6059 0.6055 4.2751 1.6307 27.1854 1.9125 0.1507
Cyclist -1 -1 2.2590 390.7161 173.9009 459.2823 266.4482 1.7296 0.6030 1.3283 -3.6774 1.7517 14.2281 2.0097 0.2304
Cyclist -1 -1 1.9587 0.0000 78.9693 124.0525 375.0000 1.7111 0.5405 1.6638 -4.0668 1.1718 5.0181 1.3031 0.2174
Car -1 -1 1.5119 658.8055 189.7969 700.4719 226.3013 1.4767 1.6485 4.0929 3.1034 2.3050 33.1816 1.6035 0.8204
Car -1 -1 -1.8511 827.9816 163.1509 1077.0448 356.7865 1.5950 1.4759 2.8393 3.2172 1.5154 7.4342 -1.4581 0.8049
Car -1 -1 2.0432 0.0000 185.2054 227.7597 375.0000 1.4701 1.6090 3.9152 -4.6745 1.6056 5.8223 1.3886 0.2092
Car -1 -1 1.5760 555.7457 191.3263 582.9620 217.3782 1.5016 1.6780 4.0401 -2.6465 2.7471 46.5699 1.5189 0.1409
Car -1 -1 1.7133 690.2049 166.9251 728.4557 194.8940 1.5135 1.6256 3.9310 5.6755 1.1930 41.1554 1.8490 0.1266
