Pedestrian -1 -1 -1.8487 713.8590 167.4193 731.2810 200.4711 1.7394 0.6796 0.9563 5.9634 1.4538 38.4872 -1.6965 0.4945
Cyclist -1 -1 -1.8799 712.7706 167.6275 730.7429 199.1558 1.6603 0.6828 0.9719 5.9263 1.3855 38.5284 -1.7288 0.1969
Cyclist -1 -1 -1.5824 1062.5226 182.6820 1078.2678 232.3898 1.6810 0.4377 1.6790 16.2559 2.0409 25.5573 -1.0217 0.1188
Car -1 -1 1.9670 305.0876 184.6883 365.2057 214.9052 1.5444 1.6872 4.1455 -15.4251 2.2455 40.6221 1.6059 0.9078
Car -1 -1 2.1607 65.5198 194.7217 191.0192 248.0742 1.5675 1.6433 3.9690 -16.4460 2.3805 24.8207 1.5802 0.9061
Car -1 -1 1.7093 411.3051 181.7717 439.3883 202.2892 1.4404 1.5495 3.6917 -13.8714 2.1349 54.2417 1.4597 0.6163
Car -1 -1 -1.8147 755.8057 159.3785 786.5892 183.0348 2.1640 1.7722 4.6150 15.1997 0.9317 68.3319 -1.5970 0.1522
Car -1 -1 0.9088 753.9216 167.7496 803.7318 191.0378 1.7837 1.7080 4.0810 13.3719 1.3931 57.4721 1.1360 0.1351
Car -1 -1 1.5555 386.0645 177.0854 404.0506 194.1771 1.5524 1.5797 3.6898 -20.4485 1.9662 68.5165 1.2662 0.1131
Car -1 -1 1.6864 464.6250 169.2535 499.4159 201.2758 2.4671 2.1110 5.9190 -10.3462 2.1900 58.6026 1.5120 0.1119
