Pedestrian -1 -1 -3.2121 626.0710 166.4418 713.0657 311.4853 1.7152 0.5726 1.0128 0.7687 1.5385 8.7824 -3.1333 0.7921
Pedestrian -1 -1 -1.6765 508.4570 174.9747 532.3370 229.5464 1.6773 0.6579 0.8120 -2.5759 1.4778 22.5446 -1.7942 0.6883
Pedestrian -1 -1 -1.5804 667.1161 164.4325 682.5900 214.5075 1.7120 0.5214 0.7073 2.5209 1.1296 24.9313 -1.4858 0.6266
Pedestrian -1 -1 -1.6136 552.9627 172.0243 576.6819 233.1581 1.7394 0.6479 0.8185 -1.0997 1.4709 20.8749 -1.6709 0.6187
Pedestrian -1 -1 1.9388 191.7545 145.7927 328.6510 374.0000 1.7473 0.6704 0.8208 -2.5634 1.5031 5.3708 1.5055 0.6074
Pedestrian -1 -1 -3.3614 900.5436 137.6194 960.1212 258.7721 1.8285 0.7129 0.6994 5.0938 1.1675 11.2551 -2.9504 0.5965
Pedestrian -1 -1 1.4628 591.5537 173.0620 612.6541 233.7651 1.7177 0.5262 0.7410 -0.0153 1.4800 20.7214 1.4568 0.5862
Pedestrian -1 -1 -2.7412 457.2199 173.7681 502.4808 232.1376 1.7736 0.6348 1.2351 -3.7925 1.5398 22.2737 -2.9132 0.5362
Pedestrian -1 -1 1.2835 1016.4263 105.4302 1207.7163 374.0000 1.6860 0.6887 0.7726 2.8581 1.2938 4.1807 1.8489 0.4963
Pedestrian -1 -1 -3.1402 728.9240 150.2764 765.4815 219.9995 1.8495 0.5984 0.9547 3.9081 1.0224 19.4370 -2.9495 0.4634
Pedestrian -1 -1 -0.7429 859.7934 151.2404 928.3520 252.4047 1.7040 0.6879 0.8794 5.0756 1.1956 12.5770 -0.3718 0.4420
Pedestrian -1 -1 1.8839 415.1038 176.8434 454.9286 257.5733 1.6889 0.6332 0.7596 -3.6027 1.5927 15.4292 1.6527 0.4312
Pedestrian -1 -1 1.2298 598.9458 172.3065 623.7339 226.7371 1.6764 0.5312 0.8200 0.2796 1.3944 22.5962 1.2367 0.4271
Pedestrian -1 -1 -1.9864 577.2075 173.6644 603.0252 229.6325 1.6693 0.5145 0.7721 -0.3771 1.4368 21.8817 -2.0088 0.3996
Pedestrian -1 -1 -1.7837 625.2838 171.1333 644.0051 212.6680 1.6986 0.6195 0.7848 1.3577 1.2756 29.8136 -1.7438 0.3712
Pedestrian -1 -1 -1.7465 572.7210 171.5448 593.5034 215.2323 1.7138 0.6563 1.0233 -0.7575 1.3243 28.7450 -1.7778 0.3571
Pedestrian -1 -1 2.0428 310.4542 194.9067 362.7088 292.9024 1.4808 0.5596 0.5985 -4.1908 1.6987 11.2721 1.6885 0.3489
Pedestrian -1 -1 -1.6288 651.4663 167.3490 667.7231 211.9670 1.7139 0.5867 0.6769 2.2389 1.1714 27.9342 -1.5546 0.3151
Pedestrian -1 -1 1.4966 422.9354 191.5935 454.3141 273.8028 1.5670 0.5569 0.5976 -3.2508 1.7722 14.1477 1.2690 0.3018
Pedestrian -1 -1 -1.3282 308.4145 206.9226 397.0968 368.0243 1.6534 0.6046 1.6770 -2.9388 1.9863 8.5032 -1.6582 0.1731
Cyclist -1 -1 1.7351 353.3711 165.8757 452.6222 372.4260 1.5450 0.5529 1.7197 -1.7180 1.4296 6.2537 1.4712 0.9458
Cyclist -1 -1 1.6928 438.0310 190.0396 467.4787 254.5054 1.5667 0.5486 1.7193 -3.8584 1.7991 18.5680 1.4852 0.5929
Cyclist -1 -1 -2.7719 457.4618 172.2780 511.8169 231.9364 1.8153 0.5403 1.5754 -3.6462 1.5358 22.2793 -2.9376 0.4525
Cyclist -1 -1 -1.3282 308.4145 206.9226 397.0968 368.0243 1.6534 0.6046 1.6770 -2.9388 1.9863 8.5032 -1.6582 0.4101
Cyclist -1 -1 1.8222 498.0231 180.1124 512.9334 208.1613 1.6571 0.4862 1.7254 -5.7754 1.5759 43.3216 1.6853 0.3000
Cyclist -1 -1 -1.8171 569.8492 171.5045 591.6818 214.7624 1.7002 0.6356 1.0380 -0.8533 1.3084 28.8177 -1.8516 0.1520
Cyclist -1 -1 -0.7441 857.8871 150.2603 929.5941 253.5777 1.7398 0.6708 0.9673 5.0730 1.2150 12.5826 -0.3734 0.1320
Car -1 -1 1.3815 512.6432 179.4690 542.9818 200.2010 1.5382 1.6014 3.8957 -5.6909 1.3881 55.3914 1.2746 0.3026
