Pedestrian -1 -1 2.0611 190.3269 176.7724 212.6542 214.4565 1.8167 0.6361 0.8253 -20.0128 2.0110 35.2890 1.5482 0.3055
Pedestrian -1 -1 -1.5659 955.6376 159.5594 975.0540 210.5876 1.8528 0.6357 0.5635 13.0499 1.3704 26.5888 -1.1144 0.1628
Cyclist -1 -1 -1.9636 887.4941 182.0836 920.4140 235.6460 1.6154 0.3822 1.5680 9.2324 1.9177 22.8156 -1.5844 0.3199
Cyclist -1 -1 1.3419 855.7886 173.3418 879.6066 221.6191 1.6809 0.4393 1.6284 9.2181 1.6994 25.9690 1.6788 0.2318
Cyclist -1 -1 -1.9867 802.4843 179.8590 823.5977 212.8059 1.6396 0.4064 1.6523 10.3950 2.0084 37.1106 -1.7162 0.2049
Cyclist -1 -1 2.0200 178.1182 186.1147 202.3320 217.3029 1.6654 0.5241 1.5824 -23.3081 2.4163 40.0233 1.4953 0.1425
Car -1 -1 2.1826 0.0000 200.2467 123.3801 291.9955 1.4745 1.5756 3.8677 -12.0027 2.1103 14.7546 1.5083 0.9132
Car -1 -1 -1.5615 571.1831 177.3486 608.4026 213.4740 1.6179 1.6957 4.4120 -1.0038 1.8507 35.0870 -1.5905 0.8444
Car -1 -1 -1.6034 511.5355 173.2090 539.4579 202.0146 2.1166 1.9727 4.8684 -6.5852 2.1456 55.6317 -1.7211 0.3109
Car -1 -1 2.5334 183.2630 166.9472 259.1751 197.0247 1.8209 1.6966 3.9916 -24.6616 1.4637 45.8435 2.0421 0.2098
Car -1 -1 2.0650 129.3396 173.5463 185.3275 199.7819 1.4941 1.4762 3.1829 -26.8291 1.5371 42.8095 1.5078 0.1704
Car -1 -1 -0.7926 103.9224 159.1021 205.2371 196.4557 1.5280 1.5867 3.7092 -19.8071 0.9658 31.4960 -1.3503 0.1275
