Pedestrian -1 -1 -1.0050 967.9297 153.2744 986.8340 190.7617 1.9030 0.6482 0.5942 18.8300 0.9094 37.0556 -0.5382 0.1882
Pedestrian -1 -1 2.0991 348.4607 135.5172 436.0556 291.2178 1.8252 0.6540 0.9510 -2.7462 1.3879 8.9948 1.8100 0.1853
Pedestrian -1 -1 3.4423 51.5220 153.3687 83.8792 211.5885 1.8397 0.6478 0.6690 -17.4857 1.2243 23.2139 2.8021 0.1830
Car -1 -1 -0.2589 840.5450 167.2626 1141.5033 275.8495 1.6593 1.7707 4.2063 6.1784 1.5742 12.3012 0.1962 0.9825
Car -1 -1 0.8188 0.0000 178.2691 162.1944 255.0868 1.5768 1.5950 3.5973 -12.2231 1.7060 16.0634 0.1762 0.9658
Car -1 -1 2.3631 162.0597 178.2391 224.4983 201.8068 1.6352 1.6563 3.9589 -30.6599 2.0483 53.1626 1.8419 0.1962
Car -1 -1 -0.8385 165.8643 167.2678 225.9813 195.1503 2.2515 1.8011 4.5504 -34.7600 1.8008 60.6750 -1.3571 0.1806
Car -1 -1 2.3646 107.3678 178.5063 190.0508 209.3497 1.5926 1.6119 3.8330 -25.5480 1.9228 40.0543 1.7997 0.1641
Car -1 -1 2.3343 376.1191 168.7256 429.5421 193.4172 1.9838 1.7751 4.3512 -17.2830 1.6525 60.3059 2.0561 0.1435
Car -1 -1 1.6647 145.1718 176.2749 172.2552 196.2751 1.6627 1.6189 4.1173 -39.3470 1.9719 62.9389 1.1077 0.1189
