Pedestrian -1 -1 -2.1917 986.0270 138.9263 1016.4937 190.2756 1.8573 0.6746 0.7454 14.3251 0.6305 26.5080 -1.7009 0.3086
Cyclist -1 -1 -1.5220 714.7731 160.1320 728.8204 202.6360 1.7322 0.5018 1.8250 4.6694 1.2141 30.3470 -1.3713 0.2148
Cyclist -1 -1 -2.1116 847.0555 143.9100 895.9317 199.7867 1.7494 0.5851 1.9237 8.4741 0.8436 23.5879 -1.7709 0.1132
Car -1 -1 -1.5468 592.3875 172.0017 625.9702 201.8807 1.5538 1.7475 4.3798 -0.0303 1.5099 39.7297 -1.5480 0.8386
Car -1 -1 1.8174 353.8970 176.6391 389.4465 200.8015 1.7786 1.6193 4.2841 -18.4665 2.0842 55.9905 1.5000 0.2037
Car -1 -1 1.6890 453.1098 177.5590 474.2971 194.0967 1.5114 1.5594 3.6917 -13.9654 1.9736 68.9253 1.4896 0.1787
Car -1 -1 -2.3501 791.6866 156.4433 905.8773 202.3567 1.4305 1.5129 3.6760 7.9478 0.9196 24.4594 -2.0397 0.1709
Car -1 -1 -0.1808 984.7830 149.8447 1123.4464 194.3683 1.5301 1.5829 4.0689 15.9759 0.7397 26.2516 0.3608 0.1424
Car -1 -1 -1.6346 690.0743 160.4884 713.6677 183.3165 1.8326 1.6873 3.9383 7.5756 0.8402 59.9364 -1.5097 0.1373
Car -1 -1 1.0349 1015.7188 156.5041 1061.9352 177.9159 1.7737 1.7987 3.5936 36.5122 0.4197 61.5662 1.5680 0.1172
Car -1 -1 -1.3494 401.4834 166.7816 448.6873 202.4607 2.3531 2.0262 5.5032 -12.8458 1.9530 50.3626 -1.5983 0.1012
