Pedestrian -1 -1 -2.9473 533.2186 170.5388 554.7643 211.4921 1.7895 0.5553 0.8566 -2.9505 1.6887 31.8451 -3.0395 0.1977
Pedestrian -1 -1 -1.6190 656.7939 167.2082 672.9297 203.7753 1.8734 0.8033 0.5580 2.7924 1.5845 37.2528 -1.5453 0.1669
Pedestrian -1 -1 2.0909 132.6429 170.6536 178.4324 219.9000 1.8038 0.5416 2.0104 -17.2964 1.7236 27.4410 1.5326 0.1601
Cyclist -1 -1 2.1038 132.1086 171.3284 177.9347 221.4920 1.8360 0.5261 1.9977 -17.2973 1.7805 27.4108 1.5450 0.5056
Car -1 -1 2.0399 160.4140 181.8268 290.0491 242.5563 1.5433 1.5968 4.1691 -11.0827 1.8314 21.0446 1.5600 0.9469
Car -1 -1 -1.6447 558.5147 172.8955 734.4402 349.4718 1.8218 1.8357 4.5052 0.2055 1.8229 9.7427 -1.6260 0.8226
Car -1 -1 1.5149 589.2898 168.4522 644.8512 218.8073 1.4627 1.5326 3.6632 0.1089 1.3352 22.8245 1.5189 0.4601
Car -1 -1 -2.4386 765.6673 153.1997 867.2343 197.1304 2.0504 1.8357 4.8500 10.2148 1.1334 36.1967 -2.1659 0.3595
Car -1 -1 -3.0066 1111.0557 158.7383 1242.0000 206.9047 1.5129 1.5957 3.8538 19.5283 1.0699 24.5987 -2.3416 0.2690
Car -1 -1 -1.6731 209.3031 151.3391 247.7870 188.0850 2.3612 1.8423 4.6124 -25.8636 0.9791 48.7913 -2.1584 0.1623
Car -1 -1 2.2093 128.5007 179.7901 211.1223 210.5018 1.3982 1.5879 3.6924 -21.6722 1.7595 35.6243 1.6659 0.1543
