Pedestrian -1 -1 2.3561 884.4482 164.9909 915.6732 219.8864 1.6685 0.5663 0.7024 8.9279 1.4298 22.3271 2.7315 0.6871
Pedestrian -1 -1 1.4256 848.5049 170.1924 872.7943 222.3599 1.7743 0.6773 0.8310 8.6360 1.6842 25.0086 1.7539 0.2924
Pedestrian -1 -1 -2.1404 798.4250 149.4471 842.9980 217.7502 1.7924 0.6953 1.0550 5.6458 1.1785 19.5369 -1.8636 0.1596
Pedestrian -1 -1 -1.3594 435.4780 162.5897 459.4380 210.9749 1.7877 0.5600 1.6334 -6.2194 1.4088 27.4748 -1.5804 0.1522
Cyclist -1 -1 -2.2055 1054.0391 145.4986 1141.6733 233.1359 1.7666 0.5075 1.9131 10.3818 1.2155 15.5110 -1.6247 0.9037
Cyclist -1 -1 1.7299 502.9609 169.1435 516.6053 200.0060 1.7947 0.5382 1.7160 -5.9733 1.5793 42.8191 1.5918 0.4038
Cyclist -1 -1 -1.1619 431.4609 161.3267 463.7494 209.2044 1.7675 0.5446 1.7684 -6.2268 1.3423 27.5539 -1.3824 0.3048
Cyclist -1 -1 -1.5293 739.5288 147.4921 751.3367 186.9217 1.7753 0.4729 1.6701 6.2272 0.6337 33.3505 -1.3464 0.1569
Cyclist -1 -1 1.5960 495.2443 174.6023 505.4894 206.7581 1.7561 0.5282 1.5424 -6.1515 1.8561 40.2879 1.4450 0.1445
Cyclist -1 -1 2.5200 882.2880 165.1161 918.8174 221.4855 1.7124 0.5839 0.8705 8.9325 1.4777 22.3056 2.8958 0.1403
Car -1 -1 1.8120 309.0733 182.7598 531.8591 344.6169 1.5221 1.6733 4.1233 -2.1323 1.6761 9.1117 1.5873 0.9652
Car -1 -1 -1.6293 449.9282 160.3805 476.9652 186.1187 1.7983 1.7086 3.7007 -10.7043 0.9271 52.4167 -1.8300 0.1265
Car -1 -1 -0.3649 714.4024 186.7706 931.0521 271.2938 1.4216 1.5204 3.5364 3.7999 1.6976 13.3614 -0.0947 0.1234
