Pedestrian -1 -1 -1.5140 280.0795 180.4744 316.4585 261.1098 1.5980 0.6383 0.7231 -6.3032 1.5991 14.4551 -1.9155 0.4750
Pedestrian -1 -1 -3.4862 992.3297 116.6546 1064.5214 245.9622 1.7424 0.4162 0.7597 5.8069 0.8837 9.7945 -2.9631 0.3873
Pedestrian -1 -1 -1.3733 117.7502 152.0324 137.2600 192.2188 1.9452 0.6648 0.7071 -23.4281 0.5687 34.6725 -1.9613 0.3786
Pedestrian -1 -1 3.4337 117.2318 111.2311 214.2918 248.9571 1.8286 0.5552 1.0214 -6.0975 0.9106 9.7771 2.8930 0.3495
Pedestrian -1 -1 -0.7779 788.4268 162.0642 807.4578 195.8358 1.7805 0.6564 0.7287 10.2862 0.8099 37.7367 -0.5121 0.3009
Pedestrian -1 -1 -3.3258 772.7769 159.0653 796.6843 190.9422 1.8162 0.5826 1.2444 10.3108 0.5963 40.6095 -3.0772 0.1821
Pedestrian -1 -1 2.0000 511.1216 162.8646 520.7606 185.6975 1.9606 0.5115 0.8700 -7.6880 0.4475 61.2002 1.8775 0.1563
Pedestrian -1 -1 -1.7591 988.5140 148.3185 1021.8792 216.6577 1.7025 0.4656 1.5277 10.3661 0.9024 18.4072 -1.2518 0.1383
Cyclist -1 -1 -1.9402 982.0292 148.5532 1028.6454 217.6973 1.7152 0.4687 1.6766 10.3544 0.9243 18.3970 -1.4332 0.5729
Cyclist -1 -1 1.7457 876.4826 149.0303 893.9667 187.1772 1.7723 0.5530 1.3202 13.2878 0.3117 33.5518 2.1215 0.2085
Cyclist -1 -1 3.3253 81.6843 105.9153 217.9454 244.5272 1.8116 0.5634 1.5030 -6.2897 0.8385 9.7708 2.7707 0.1590
Cyclist -1 -1 -3.3567 773.2234 159.2219 796.2592 190.9202 1.8062 0.5913 1.1822 10.3089 0.5951 40.5979 -3.1081 0.1043
Car -1 -1 -0.3217 873.1784 161.2332 1005.1242 207.3852 1.4700 1.5659 3.6531 10.9860 0.8579 23.4983 0.1123 0.9524
Car -1 -1 -0.8933 0.0000 205.5737 289.3891 370.0000 1.4967 1.5945 3.9018 -3.1455 1.6861 3.3102 -1.6053 0.8376
Car -1 -1 1.5362 678.7457 170.6401 701.7307 193.8315 1.7849 1.6789 4.2045 6.7995 1.0273 56.5805 1.6568 0.1927
