Pedestrian -1 -1 0.5313 169.8882 181.4662 281.6900 333.5799 1.6870 0.6305 0.9589 -4.3692 1.6879 8.3043 0.0537 0.7245
Pedestrian -1 -1 1.9630 947.6353 154.7278 1009.7997 267.9771 1.6711 0.5893 0.8243 5.7841 1.2773 11.0894 2.4287 0.7174
Pedestrian -1 -1 2.5894 971.9370 163.0222 1070.5865 302.4324 1.6729 0.6069 0.8694 5.1608 1.4525 8.9409 3.0948 0.4582
Pedestrian -1 -1 -1.5832 889.3585 116.8661 983.2237 353.9212 1.6764 0.6158 0.7024 2.4959 1.2207 5.5190 -1.1817 0.2926
Pedestrian -1 -1 -3.1992 860.2588 78.3967 977.7313 286.2776 1.7801 0.6444 0.9340 2.8333 0.8986 6.6042 -2.8133 0.2724
Pedestrian -1 -1 -3.5753 1061.5574 169.8086 1160.3253 330.3567 1.5542 0.6454 0.5944 5.1166 1.4424 7.3157 -2.9872 0.2668
Pedestrian -1 -1 -0.8678 0.0000 125.7456 159.6199 374.0000 1.7029 0.6932 0.5776 -2.9358 1.4317 3.8241 -1.4971 0.2562
Cyclist -1 -1 2.1638 864.5687 97.6637 1001.9213 301.7668 1.7173 0.5403 1.2894 3.0189 1.0133 6.6167 2.5718 0.1730
Cyclist -1 -1 -1.0441 944.5499 153.6833 1015.1166 269.3773 1.7053 0.5756 0.9465 5.7978 1.2966 11.0849 -0.5772 0.1003
Car -1 -1 0.1635 70.6041 157.7065 261.9805 222.7099 1.7492 1.7283 4.5543 -12.5117 1.1101 20.9634 -0.3741 0.2466
