Pedestrian -1 -1 0.6191 182.6684 187.3459 265.6336 328.8447 1.7303 0.7535 0.6226 -4.8774 1.8102 9.2319 0.1386 0.6971
Pedestrian -1 -1 2.0288 830.0981 128.7527 944.0602 327.3476 1.6136 0.6639 0.7961 2.4777 1.1864 6.3487 2.3815 0.5766
Pedestrian -1 -1 2.0392 943.3828 164.3349 1015.9874 291.2073 1.6639 0.6883 0.6066 5.1510 1.4401 9.8750 2.5037 0.4464
Pedestrian -1 -1 -3.2383 1003.5937 154.3592 1089.9412 304.1210 1.6454 0.5831 0.7838 5.0854 1.3486 8.3187 -2.7090 0.3657
Pedestrian -1 -1 -2.1524 1148.3146 154.1564 1238.0000 364.2467 1.6198 0.5519 0.7321 5.0007 1.4104 5.9257 -1.4785 0.2991
Pedestrian -1 -1 -2.5628 870.3906 138.2766 957.7477 296.5772 1.6347 0.6782 0.6106 3.3698 1.1897 7.8594 -2.1751 0.2168
Pedestrian -1 -1 -1.1431 967.1005 154.2820 1002.6263 212.4289 1.8110 0.7693 0.7298 12.1952 0.9644 22.8976 -0.6635 0.1461
Cyclist -1 -1 0.6484 0.0000 123.5885 332.6675 374.0000 1.5771 0.5004 1.8232 -2.6805 1.2539 4.3805 0.1189 0.3221
Car -1 -1 -1.7585 438.9575 171.5570 511.0549 220.6830 1.5448 1.6795 4.1317 -4.4733 1.2333 24.8161 -1.9401 0.2672
Car -1 -1 3.2175 190.5300 145.2502 328.5869 198.9476 1.6167 1.7399 3.8877 -10.8941 0.5264 23.1312 2.7769 0.1686
Car -1 -1 -0.6079 821.0403 166.3661 971.1867 215.5468 1.4421 1.5986 4.1591 9.0954 0.9995 22.3131 -0.2300 0.1683
Car -1 -1 -0.8203 1164.0569 85.7643 1238.0000 337.3935 1.5542 1.5917 3.9942 6.7926 0.9643 5.3397 0.0555 0.1589
