Pedestrian -1 -1 1.2718 233.2256 152.5429 259.0876 203.7631 1.8995 0.6518 0.8554 -13.8070 1.1466 27.2893 0.8072 0.3772
Car -1 -1 -0.4154 748.9599 190.8612 996.5679 287.5472 1.4970 1.6270 3.6885 4.3890 1.8336 12.4995 -0.0862 0.9901
Car -1 -1 3.5413 57.9238 183.9717 327.9738 270.3729 1.4783 1.6364 4.1131 -7.7463 1.7049 13.6455 3.0330 0.9661
Car -1 -1 3.3342 171.8110 175.3803 352.5323 240.9825 1.5519 1.6756 3.9086 -8.7851 1.6214 18.4552 2.8951 0.8871
Car -1 -1 0.7513 0.0000 199.5159 184.4986 340.2596 1.4224 1.6198 4.3863 -7.7202 1.7690 8.4936 0.0291 0.8279
Car -1 -1 -0.3304 713.4755 181.9690 921.3427 263.4902 1.5548 1.6337 3.7992 4.1364 1.7555 14.9095 -0.0659 0.6883
Car -1 -1 -1.7446 453.7723 184.7927 487.1966 209.5008 1.6119 1.6713 3.9418 -9.9792 2.4961 51.2747 -1.9363 0.6683
Car -1 -1 -1.3976 257.1279 169.4161 288.8074 191.5139 1.7125 1.6782 3.7608 -27.0487 1.4465 57.9479 -1.8327 0.5362
Car -1 -1 3.5488 123.8595 179.0922 328.2486 251.5270 1.5073 1.5752 3.7041 -8.4819 1.6547 16.0874 3.0701 0.5191
Car -1 -1 0.2885 226.8166 177.2677 386.0968 236.7153 1.6549 1.6960 4.0139 -8.8884 1.7920 21.2896 -0.1030 0.5173
Car -1 -1 -1.4654 324.2180 171.0234 380.9811 215.1288 1.6193 1.7115 3.8235 -10.1461 1.5525 28.5466 -1.8043 0.5005
Car -1 -1 -1.2835 1054.0137 191.2578 1130.0894 229.4600 1.4906 1.6949 4.2678 21.4599 2.3619 32.1216 -0.6994 0.4480
