Pedestrian -1 -1 1.2335 940.3226 153.3434 1011.6329 281.5514 1.6872 0.6283 0.8007 5.0891 1.3180 9.8862 1.6928 0.8441
Pedestrian -1 -1 -1.1386 202.4821 167.7783 318.5431 347.3097 1.5844 0.6506 0.9591 -3.2478 1.4647 6.8175 -1.5746 0.7201
Pedestrian -1 -1 -1.8244 769.4594 172.6654 807.5903 244.4079 1.6490 0.6714 0.8427 4.3647 1.4472 16.9333 -1.5812 0.7111
Pedestrian -1 -1 -2.5519 751.8481 168.3629 869.4556 371.2451 1.6375 0.7319 0.7095 1.7841 1.5329 6.3034 -2.2929 0.5128
Pedestrian -1 -1 1.9245 495.8647 174.8914 517.9659 219.4654 1.8026 0.6091 0.9684 -3.9038 1.5363 29.5861 1.7892 0.4447
Pedestrian -1 -1 -1.0971 877.3217 162.9160 912.5297 226.1013 1.7465 0.6482 0.7692 8.2855 1.2339 20.3497 -0.7201 0.4398
Pedestrian -1 -1 0.2573 666.2092 173.5946 681.4347 200.2422 1.7858 0.4452 0.9419 4.8999 1.2567 48.5089 0.3524 0.4097
Pedestrian -1 -1 -2.9856 610.0546 181.3733 627.4041 214.3669 1.6996 0.6523 0.8150 0.8980 1.6939 37.3927 -2.9670 0.3923
Pedestrian -1 -1 -1.4660 828.2311 186.6401 875.3214 279.7520 1.6002 0.7439 0.5797 4.4263 1.6961 12.8059 -1.1452 0.2876
Pedestrian -1 -1 0.3747 1069.4764 104.4531 1142.8356 258.1871 1.7492 0.6185 0.5357 5.9716 0.8739 8.5669 0.9641 0.2841
Pedestrian -1 -1 1.3082 806.4064 169.3321 847.7045 252.4667 1.8298 0.6535 0.9713 5.0711 1.5632 16.3030 1.5998 0.2810
Pedestrian -1 -1 0.2309 115.2202 140.6305 175.5905 265.9144 1.8027 0.7270 0.6137 -6.8689 1.2160 10.7771 -0.3309 0.2628
Pedestrian -1 -1 -1.8809 837.0565 166.5572 954.8054 372.5462 1.7827 0.5267 1.7122 2.7836 1.6547 7.0812 -1.5249 0.1240
Pedestrian -1 -1 1.0257 1014.0562 86.8442 1183.3726 282.2192 1.7831 0.5836 1.7322 4.9910 0.9206 7.4264 1.5961 0.1101
Cyclist -1 -1 1.6227 421.3665 173.7588 451.7799 250.2544 1.6962 0.6127 1.7569 -3.8821 1.5257 16.8438 1.3941 0.7306
Cyclist -1 -1 -1.9094 831.8203 168.8013 957.3876 369.3698 1.7305 0.5379 1.7685 2.7648 1.6223 7.0833 -1.5556 0.4947
Cyclist -1 -1 1.2140 1021.3275 102.8752 1161.8831 290.4854 1.7234 0.5910 1.7500 4.9902 1.0026 7.5135 1.7791 0.2935
Cyclist -1 -1 -2.5519 751.8481 168.3629 869.4556 371.2451 1.6375 0.7319 0.7095 1.7841 1.5329 6.3034 -2.2929 0.1275
Car -1 -1 1.7214 549.4297 169.2575 600.6093 212.6026 1.9899 1.8785 4.5070 -1.2311 1.4288 35.3182 1.6817 0.8393
Car -1 -1 1.5684 623.1429 170.9508 644.2256 194.9861 1.9496 1.7093 4.2280 2.7212 1.0944 60.4103 1.6083 0.7819
Car -1 -1 -1.8914 736.1166 180.8212 875.5002 265.9897 1.4584 1.5573 3.4200 3.7999 1.4480 14.0557 -1.6374 0.3026
