Pedestrian -1 -1 -0.0241 732.5392 162.9628 779.8593 242.4274 1.9187 0.5358 1.1261 3.5419 1.6802 17.7773 0.1685 0.2020
Pedestrian -1 -1 -2.9113 634.4526 165.1292 652.6547 199.7843 1.8066 0.5659 0.8518 1.7325 1.4042 37.9993 -2.8666 0.1696
Pedestrian -1 -1 1.9469 5.6682 139.7431 52.3952 223.6896 1.8721 0.6079 0.7234 -13.3416 1.1340 16.5226 1.2754 0.1566
Car -1 -1 3.2360 14.5443 191.2152 291.7340 289.5962 1.4874 1.6688 4.0516 -8.0948 1.8639 13.1457 2.6927 0.9752
Car -1 -1 1.6812 405.9826 186.1973 482.9297 246.0251 1.4679 1.6778 4.6308 -4.7750 1.9039 21.1610 1.4613 0.9310
Car -1 -1 -1.6352 446.3835 177.3511 474.0847 201.1811 1.5718 1.6508 3.7914 -10.5233 1.8991 50.4077 -1.8403 0.7258
Car -1 -1 2.6628 664.5413 164.7901 766.3359 208.5354 1.7451 1.7234 3.8619 4.3648 1.4238 30.2336 2.8043 0.5902
Car -1 -1 0.9151 968.2706 32.5888 1242.0000 375.0000 1.9747 1.7623 4.7455 4.7435 1.3512 5.5978 1.5921 0.2841
Car -1 -1 1.1022 619.7773 153.2549 669.2103 182.4123 1.7728 1.6535 3.6699 2.1160 0.5815 45.8803 1.1478 0.1737
Car -1 -1 -1.9927 540.5330 157.4711 600.3605 195.6103 2.4368 2.0057 5.4010 -2.7940 1.4543 48.9561 -2.0498 0.1719
