Pedestrian -1 -1 -0.1858 662.3807 171.6859 678.2700 205.4914 1.7484 0.5953 0.7275 3.1082 1.6883 37.6482 -0.1046 0.1766
Pedestrian -1 -1 -1.3598 668.1647 175.0672 688.9094 213.7348 1.7121 0.8364 0.5230 3.0359 1.8129 32.3619 -1.2678 0.1489
Pedestrian -1 -1 -1.8290 778.5682 154.8973 793.7903 188.9731 2.0155 0.7160 0.7372 10.4749 0.9537 43.0500 -1.5922 0.1326
Cyclist -1 -1 -1.9041 792.9653 158.8732 842.3970 231.8641 1.8379 0.6238 2.0127 5.4422 1.4862 19.1893 -1.6324 0.7658
Car -1 -1 -1.5946 581.3289 176.1676 658.5234 253.0112 1.7473 1.7781 4.4103 0.1412 1.8442 18.8154 -1.5883 0.9102
Car -1 -1 1.5718 589.7481 169.1560 607.5095 187.0707 1.6561 1.6421 4.0460 -1.1012 1.3146 68.7354 1.5555 0.2143
Car -1 -1 2.1110 82.6055 96.4748 441.0342 297.4059 1.8602 1.8078 4.5871 -3.9041 1.1535 9.0768 1.7148 0.1951
Car -1 -1 -1.6588 588.6658 172.5269 620.5936 200.2046 1.6360 1.6239 3.9906 -0.4075 1.6170 44.7115 -1.6683 0.1932
Car -1 -1 1.4589 493.4771 176.6400 526.6991 202.6441 1.4937 1.5842 3.8641 -6.1802 1.7364 44.1127 1.3201 0.1868
Car -1 -1 2.1687 0.0000 104.6067 253.7814 280.7807 1.5549 1.6228 3.7741 -5.8670 0.9529 8.2566 1.5660 0.1173
