Car -1 -1 -1.2831 297.3177 185.9517 434.5730 266.8559 1.4094 1.5447 3.8943 -4.7464 1.4274 14.5194 -1.5939 0.9767
Car -1 -1 -1.3683 431.3784 182.1611 501.3820 229.0480 1.4370 1.5685 3.6570 -4.6471 1.3445 23.8659 -1.5589 0.9583
Car -1 -1 -1.0347 17.2346 180.9754 240.5675 272.2039 1.4110 1.5654 3.8799 -8.4578 1.3465 13.0758 -1.5995 0.9559
Car -1 -1 -1.5830 574.3157 176.1655 609.0627 209.8982 1.5980 1.6473 3.7906 -0.8634 1.1704 35.9738 -1.6072 0.9125
Car -1 -1 -1.1056 161.9207 177.0857 278.5589 228.2808 1.4855 1.6033 4.0456 -12.2200 1.2507 22.8937 -1.5912 0.8912
Car -1 -1 -1.2938 371.5884 177.6168 430.1060 212.2691 1.4476 1.5484 3.6404 -9.1283 1.1313 31.8461 -1.5710 0.8402
Car -1 -1 -0.8680 0.0000 205.6702 246.9784 376.0000 1.4419 1.5721 3.7857 -4.2302 1.6346 4.8265 -1.5605 0.8206
Car -1 -1 -1.2174 267.9615 181.0926 367.2689 233.4877 1.4396 1.5724 3.6830 -8.6368 1.3274 21.6063 -1.5937 0.8102
Car -1 -1 -1.4283 436.0475 173.7180 473.0298 200.5413 1.5223 1.6445 3.6418 -9.0725 0.8709 42.6636 -1.6369 0.7291
Car -1 -1 -1.4140 457.5880 176.5296 507.1495 211.2740 1.4527 1.5860 3.8582 -5.5488 1.0906 31.9913 -1.5847 0.6091
