Pedestrian -1 -1 1.2414 866.4705 165.3613 892.2674 212.7274 1.8496 0.6933 0.9257 10.6432 1.5573 28.6424 1.5933 0.5489
Pedestrian -1 -1 1.2305 657.3251 173.8477 673.6248 207.4016 1.7299 0.6601 0.6717 2.8540 1.7827 37.6328 1.3050 0.2166
Pedestrian -1 -1 1.9878 235.9425 178.5046 275.7152 243.6565 1.7942 0.7258 0.8491 -10.0405 1.9576 20.3803 1.5349 0.1620
Car -1 -1 1.8733 301.3605 190.2825 520.6857 339.2297 1.4440 1.5865 3.9365 -2.3773 1.7220 9.4775 1.6329 0.9712
Car -1 -1 1.7309 553.2943 181.5034 612.4605 226.4838 1.4741 1.5796 3.7712 -0.9623 1.8141 26.3682 1.6940 0.9323
Car -1 -1 3.3349 194.6562 159.8555 321.9837 211.2496 1.6861 1.6715 3.7007 -12.0908 1.2600 24.9429 2.8875 0.2277
Car -1 -1 1.3279 697.8132 175.3214 724.4545 191.8041 1.5064 1.6155 3.8694 9.5569 1.7481 68.5512 1.4655 0.2070
Car -1 -1 1.6467 680.7579 176.0267 706.1797 198.6425 1.7146 1.7022 4.2850 6.6733 1.9782 57.6013 1.7610 0.1702
Car -1 -1 1.7588 515.6268 175.7357 538.7335 191.9375 1.4826 1.5059 3.7790 -7.8691 1.7649 68.6532 1.6448 0.1697
Car -1 -1 0.7775 867.5827 166.4504 922.2220 188.2149 1.6679 1.6644 4.0323 22.6131 1.1776 57.4732 1.1503 0.1256
