Pedestrian -1 -1 -1.6746 488.5258 165.8910 507.8858 213.6138 1.8332 0.6735 0.7326 -4.4089 1.5661 28.1545 -1.8290 0.1989
Pedestrian -1 -1 0.5375 954.0485 118.2527 1012.0594 226.9071 1.7988 0.6441 0.6497 6.3508 0.8952 12.3894 1.0015 0.1804
Pedestrian -1 -1 2.0777 959.5805 150.5193 1015.5839 250.1575 1.7959 0.6461 0.7557 7.0026 1.3937 13.4816 2.5473 0.1780
Pedestrian -1 -1 -0.9103 538.1100 162.4534 556.5867 200.3219 1.8350 0.6860 0.5890 -3.1110 1.3314 35.3941 -0.9977 0.1284
Pedestrian -1 -1 1.2135 995.0020 69.4989 1113.7605 303.9590 1.6991 0.5310 0.7924 3.3954 0.9505 5.6598 1.7314 0.1240
Cyclist -1 -1 -2.0160 721.1934 154.0646 744.2603 191.3522 1.7786 0.4581 1.6092 5.9466 0.8827 35.2507 -1.8505 0.1615
Cyclist -1 -1 -1.0558 1071.7654 32.1603 1242.0000 292.7755 1.6912 0.5739 1.7203 4.1793 0.7786 5.2875 -0.4129 0.1332
Car -1 -1 2.0910 0.0000 169.6361 342.7321 375.0000 1.5849 1.6532 4.2033 -3.8092 1.5682 5.9466 1.5408 0.9555
Car -1 -1 -1.5282 671.2351 162.0576 708.5647 197.8247 1.5556 1.5689 3.4024 3.6752 1.0864 33.1784 -1.4192 0.9162
Car -1 -1 -2.1111 899.7925 108.6022 1242.0000 332.6346 1.5615 1.5824 3.2407 4.0748 1.1140 6.6550 -1.5813 0.2657
Car -1 -1 0.8219 701.5588 172.9226 766.0198 198.4812 1.4882 1.5813 3.9943 7.4827 1.4930 44.1248 0.9884 0.2051
Car -1 -1 1.8083 591.9516 167.2622 629.1695 190.1516 1.5263 1.6458 4.2547 0.0584 1.1538 50.3722 1.8091 0.1547
Car -1 -1 0.9010 645.1326 165.9359 687.8938 188.1217 1.7972 1.6927 3.6059 4.6788 1.2371 60.4144 0.9776 0.1441
Car -1 -1 -2.2249 663.7593 153.4169 710.1027 181.0221 2.4096 1.7647 4.5512 6.9036 0.7133 65.3788 -2.1204 0.1371
Car -1 -1 1.6594 612.1797 166.6521 643.4099 194.1670 1.6673 1.6370 4.0114 1.1390 1.2918 45.8039 1.6837 0.1296
Car -1 -1 0.9180 703.2756 167.4950 755.3842 192.6359 1.6712 1.6529 3.6901 8.1918 1.3153 49.9767 1.0792 0.1128
