Pedestrian -1 -1 0.2457 331.5313 158.8728 353.2632 198.4416 1.9085 0.6375 0.8637 -13.0746 1.2345 35.1616 -0.1080 0.4341
Pedestrian -1 -1 1.8098 434.8181 164.7325 450.1069 199.6751 1.8242 0.5904 0.9015 -8.8835 1.4005 38.1190 1.5821 0.2814
Pedestrian -1 -1 -1.5434 663.5857 173.3202 680.7111 210.3295 1.8016 0.8253 0.5297 3.0170 1.8251 35.4384 -1.4598 0.2695
Pedestrian -1 -1 1.5443 536.8604 177.4330 552.9425 217.1351 1.6302 0.6480 0.7385 -2.7631 1.8243 30.1227 1.4530 0.2594
Cyclist -1 -1 -1.9515 847.7032 150.1048 914.2025 246.0530 1.8891 0.6042 1.9634 5.6117 1.4415 15.1947 -1.6046 0.9644
Car -1 -1 -1.6250 573.5961 174.7291 678.0727 271.7870 1.6383 1.7859 4.3286 0.1182 1.6820 14.4656 -1.6182 0.9229
Car -1 -1 -1.6234 595.9570 174.1756 620.1595 196.3352 1.6769 1.6963 3.8935 -0.2099 1.7850 56.8281 -1.6275 0.5456
Car -1 -1 -1.7118 649.0237 174.0452 686.4147 202.4929 1.5869 1.6419 3.9354 3.3111 1.6606 42.4319 -1.6350 0.2561
Car -1 -1 -1.4994 402.4648 181.9579 438.5418 212.7367 1.4494 1.5319 3.6623 -9.7231 1.9419 37.0625 -1.7547 0.2528
Car -1 -1 -1.6160 464.1793 183.8139 500.5787 216.5645 1.4341 1.5621 3.4986 -6.2201 1.9905 34.7267 -1.7924 0.2183
Car -1 -1 2.2066 0.0000 0.0000 283.5912 375.0000 1.8444 1.9121 4.6759 -3.9340 1.0954 4.3987 1.5065 0.1809
