Pedestrian -1 -1 -1.7063 636.9124 164.3019 688.4664 281.7975 1.6481 0.6330 0.8430 0.8380 1.4082 10.5144 -1.6344 0.9037
Pedestrian -1 -1 1.9641 306.6883 163.1336 384.3075 289.0325 1.7079 0.7852 0.8110 -3.6475 1.4600 10.1669 1.6220 0.8666
Pedestrian -1 -1 2.3685 757.8263 149.2926 799.2416 222.5089 1.7862 0.6110 0.8130 4.4016 1.0016 17.9931 2.5999 0.6974
Pedestrian -1 -1 1.6918 691.6295 167.1762 746.7908 284.9515 1.6702 0.7213 0.8783 1.7238 1.4684 10.7043 1.8419 0.6179
Pedestrian -1 -1 -1.5555 734.5222 166.7118 755.3977 225.8292 1.7015 0.5907 0.7139 4.1845 1.2770 21.0811 -1.3671 0.5722
Pedestrian -1 -1 -1.8899 681.3115 166.3532 705.7172 221.5297 1.6761 0.5287 0.7726 2.8195 1.2171 22.2500 -1.7705 0.5039
Pedestrian -1 -1 -3.0801 714.3530 155.7096 747.2041 213.2370 1.8072 0.5668 1.0049 4.1110 0.9981 22.9545 -2.9100 0.3172
Pedestrian -1 -1 -0.3486 746.2870 147.8327 778.0290 217.9485 1.8144 0.6066 0.6438 4.1984 0.9444 18.9308 -0.1383 0.3113
Pedestrian -1 -1 3.0903 164.4775 169.7397 203.3010 258.6944 1.6783 0.5300 0.6254 -8.1471 1.4577 13.9431 2.5643 0.2913
Pedestrian -1 -1 1.6612 534.1240 165.2210 561.3393 236.4854 1.7923 0.5740 1.7104 -1.4309 1.3841 18.9217 1.5814 0.1136
Pedestrian -1 -1 2.1427 291.7632 159.7217 345.6124 223.6049 1.7521 0.5812 1.7606 -8.1165 1.1560 20.6190 1.7669 0.1050
Cyclist -1 -1 1.6963 455.1921 166.7872 497.8370 271.4731 1.7549 0.5550 1.6928 -2.2590 1.5095 12.8982 1.5207 0.9249
Cyclist -1 -1 -1.4604 533.6407 165.7600 562.4336 236.3792 1.7740 0.5788 1.7448 -1.4218 1.3798 18.9236 -1.5397 0.8890
Cyclist -1 -1 1.4553 504.4811 166.7710 532.6711 225.7566 1.7304 0.6416 1.8152 -2.5847 1.2994 22.0274 1.3347 0.8760
Cyclist -1 -1 1.7152 365.8590 183.6593 382.8607 224.6349 1.5772 0.4279 1.5808 -9.0335 1.6665 28.5472 1.4061 0.4487
Cyclist -1 -1 2.1427 291.7632 159.7217 345.6124 223.6049 1.7521 0.5812 1.7606 -8.1165 1.1560 20.6190 1.7669 0.2840
Cyclist -1 -1 -3.0854 712.0356 155.2932 748.3648 213.3927 1.8261 0.5483 1.1188 4.0947 1.0035 22.9672 -2.9161 0.1546
Cyclist -1 -1 2.3846 305.9004 163.9346 388.9789 293.1620 1.7340 0.7595 0.8089 -3.6307 1.4996 10.1690 2.0440 0.1121
Car -1 -1 1.5983 517.4944 171.1228 544.1860 196.0929 1.5215 1.6050 3.8997 -4.4543 0.8899 45.7708 1.4969 0.5205
Car -1 -1 2.4366 349.7460 183.1986 466.2035 228.9124 1.4734 1.5953 3.8563 -6.7562 1.5392 25.3410 2.1734 0.4430
