Pedestrian -1 -1 -0.1037 257.4652 184.2126 285.1827 225.8534 1.7882 0.7050 1.0418 -14.9991 2.2992 31.8648 -0.5408 0.3981
Pedestrian -1 -1 1.5124 704.1674 164.8750 715.0608 196.0676 1.8384 0.5954 0.7828 5.8912 1.3685 42.9353 1.6475 0.2022
Pedestrian -1 -1 0.8900 781.4719 158.8788 804.8052 202.3908 1.8546 0.6523 0.7485 7.8828 1.2593 31.2277 1.1346 0.1390
Pedestrian -1 -1 -2.2011 1069.1388 129.4718 1110.9900 199.1674 1.8532 0.5844 0.7997 12.9814 0.7000 19.5970 -1.6229 0.1330
Cyclist -1 -1 -0.1239 285.4671 178.8049 325.1752 215.6674 1.7711 0.6137 1.7429 -15.0638 2.0709 35.5919 -0.5219 0.5308
Cyclist -1 -1 -0.1410 255.7734 181.7580 292.1310 222.9376 1.7741 0.6736 1.3831 -14.9554 2.1779 32.0271 -0.5750 0.3491
Car -1 -1 -1.6304 588.0726 173.6142 621.1476 202.5308 1.5387 1.6063 4.1362 -0.3845 1.5841 40.6226 -1.6403 0.8535
Car -1 -1 1.8355 410.7325 169.5383 471.5125 208.0551 1.5102 1.5538 3.7029 -7.0260 1.3805 30.1670 1.6082 0.3497
Car -1 -1 -1.5040 245.5753 183.5840 284.8593 218.8212 1.4767 1.4286 2.5224 -15.5539 1.9825 32.5455 -1.9470 0.1470
Car -1 -1 -1.2553 310.1593 181.5423 410.4354 240.5538 1.4481 1.5526 3.6902 -6.8763 1.7128 20.1016 -1.5813 0.1270
Car -1 -1 -1.2378 206.0715 187.2365 351.3975 267.0172 1.4105 1.6138 3.8731 -6.9536 1.7592 15.4714 -1.6543 0.1268
Car -1 -1 -2.7903 1106.6484 147.5051 1212.0865 189.3362 2.2162 1.8236 4.3528 30.7412 0.8736 40.5465 -2.1452 0.1183
