Pedestrian -1 -1 -1.5026 617.7253 163.1126 630.4885 194.5318 1.7604 0.6747 0.7349 0.9001 0.5231 40.6696 -1.4810 0.2837
Cyclist -1 -1 -1.2651 310.9244 175.6147 335.1584 219.5112 1.6158 0.4013 1.5604 -10.8195 1.2636 27.2499 -1.6400 0.2484
Car -1 -1 -1.6062 580.9438 185.5853 678.0192 273.7062 1.4181 1.5667 3.3780 0.2739 1.4269 13.2798 -1.5865 0.9579
Car -1 -1 -1.6112 580.8133 173.8243 646.1088 233.4554 1.5055 1.6417 4.0421 0.0260 1.2190 20.1971 -1.6104 0.7959
Car -1 -1 -1.4519 656.3184 165.7948 685.1679 187.6854 1.4813 1.5991 3.7135 4.4489 0.1683 50.6224 -1.3650 0.6659
Car -1 -1 -1.7005 570.7209 172.4397 624.0316 213.6903 1.5089 1.6235 3.6010 -0.5066 1.0427 28.1916 -1.7187 0.6038
Car -1 -1 -2.5013 537.0317 166.5499 589.3297 186.7624 1.6167 1.6848 4.1152 -3.7074 0.1248 59.3225 -2.5637 0.4076
Car -1 -1 1.8673 546.6342 174.0567 584.2944 196.2105 1.5755 1.6430 4.1743 -3.1085 0.7830 53.3414 1.8090 0.3352
Car -1 -1 -1.6387 602.2105 167.9616 634.2593 194.3499 1.4828 1.6231 3.7923 0.5491 0.5144 42.3272 -1.6262 0.2724
Car -1 -1 2.2598 416.5204 173.7866 462.3859 193.2461 1.6580 1.6406 4.2125 -14.8286 0.6853 63.4962 2.0310 0.2491
Car -1 -1 -1.3095 381.7793 160.7152 426.3113 188.6900 1.5458 1.5963 3.5978 -11.7407 0.1931 41.5278 -1.5835 0.2274
