Car -1 -1 -0.6213 925.5563 181.3495 1242.0000 303.5037 1.4717 1.6035 3.8049 6.4434 1.5970 9.7109 -0.0502 0.9738
Car -1 -1 -0.3143 737.5670 183.1443 905.0120 243.3360 1.5237 1.7070 4.0110 5.5785 1.8158 19.5165 -0.0407 0.9668
Car -1 -1 0.6262 0.0000 183.7997 341.6950 323.8130 1.5741 1.5962 3.9356 -5.7435 1.7288 9.2137 0.0812 0.9634
Car -1 -1 0.2557 378.4066 180.6148 500.0208 223.9777 1.5739 1.6203 4.2147 -6.4558 1.8778 27.3588 0.0256 0.9501
Car -1 -1 3.4372 160.0886 175.3666 390.3701 261.6216 1.5516 1.5788 3.7696 -6.4111 1.6044 14.0553 3.0159 0.9485
Car -1 -1 -1.6843 634.4946 183.3262 676.6849 215.0814 1.3493 1.5552 3.5903 2.0391 1.8655 33.7013 -1.6250 0.9384
Car -1 -1 0.5234 76.7354 190.2155 383.5118 293.0036 1.4681 1.5905 4.0974 -5.9704 1.7674 11.5131 0.0539 0.9047
Car -1 -1 -0.8146 1018.9475 196.6260 1242.0000 363.4189 1.4393 1.5622 3.7269 6.4614 1.7206 7.5176 -0.1247 0.8996
Car -1 -1 0.8111 0.0000 208.1391 204.3224 375.0000 1.4123 1.5743 3.9874 -6.3626 1.7998 6.9522 0.0889 0.8202
Car -1 -1 3.9712 0.0000 203.0226 102.2048 375.0000 1.4232 1.5577 3.8660 -5.7926 1.6516 4.5904 3.0991 0.7212
Car -1 -1 -2.6808 218.3699 186.2783 418.3234 254.1978 1.4442 1.6200 3.9899 -6.7118 1.7734 16.6986 -3.0580 0.6560
Car -1 -1 0.3215 291.3420 186.4117 448.7368 243.7234 1.4322 1.5417 3.6706 -6.3442 1.8076 19.1782 0.0056 0.6381
