Cyclist -1 -1 -2.5163 963.3186 163.4808 1043.1938 235.9922 1.6799 0.4823 1.7533 9.5107 1.4631 17.6065 -2.0285 0.6262
Car -1 -1 -1.8619 791.3112 189.6655 987.1336 314.6366 1.4812 1.6356 3.9013 3.9615 1.7857 11.0671 -1.5278 0.9786
Car -1 -1 -1.8367 741.3934 182.9984 850.9385 256.0797 1.4732 1.5573 3.5115 4.1577 1.7350 16.8134 -1.5993 0.9268
Car -1 -1 -1.7162 719.1097 184.6310 795.6885 243.5062 1.5613 1.6792 4.0593 4.3437 1.9549 22.0238 -1.5249 0.9258
Car -1 -1 1.7767 467.8732 187.5833 535.0504 231.7264 1.4440 1.6813 4.1307 -4.0298 2.0412 27.1211 1.6299 0.8629
Car -1 -1 -1.7156 703.2890 184.2873 760.5361 228.7198 1.5107 1.5962 3.7154 4.5062 1.9743 27.3616 -1.5549 0.8252
Car -1 -1 -2.1762 925.5226 173.2681 1242.0000 375.0000 1.5197 1.7107 4.2874 3.8416 1.5241 4.9235 -1.5430 0.8045
Car -1 -1 1.5879 568.0681 179.9267 590.4625 203.9524 1.7043 1.6196 3.7394 -2.3055 2.2543 54.1827 1.5451 0.5678
Car -1 -1 1.2595 921.7106 176.5429 975.0056 204.3481 1.5331 1.6163 4.1975 19.8364 1.7621 42.5417 1.6927 0.5446
Car -1 -1 1.7153 507.3279 183.4957 554.6774 221.0967 1.5449 1.5736 4.0688 -3.5733 2.0605 32.8717 1.6073 0.4401
Car -1 -1 -1.6740 692.6687 179.0303 738.9216 217.5648 1.5979 1.6363 4.0915 4.6824 1.8956 32.6575 -1.5335 0.3993
