Cyclist -1 -1 1.6272 544.3688 170.0301 558.2238 205.2033 1.7321 0.6004 1.7751 -2.9927 1.5934 36.4240 1.5453 0.8522
Car -1 -1 -1.9395 782.5990 188.8544 1125.5402 375.0000 1.3953 1.5375 3.5034 2.7445 1.5841 6.7431 -1.5693 0.9635
Car -1 -1 -0.4674 855.7628 172.7384 1147.7736 266.5150 1.4311 1.5916 3.9147 6.2007 1.4297 11.8146 0.0051 0.9596
Car -1 -1 0.6379 0.0000 170.9369 335.8547 310.3147 1.5899 1.6417 4.0845 -5.9044 1.5684 9.2104 0.0805 0.9499
Car -1 -1 0.5242 27.0846 175.9219 322.6558 271.4119 1.4435 1.5838 3.8595 -6.9784 1.4972 11.7519 -0.0021 0.9177
Car -1 -1 3.5073 125.5039 178.3687 397.4452 257.8511 1.4070 1.6104 4.4241 -6.5673 1.5206 13.8605 3.0717 0.8831
Car -1 -1 -2.7580 208.8009 174.4941 424.0302 246.0886 1.5497 1.6511 4.2498 -6.6398 1.5894 16.4913 -3.1357 0.8684
Car -1 -1 3.3790 303.5549 168.0593 455.5282 226.6243 1.6342 1.6225 3.9554 -6.6792 1.5008 21.0720 3.0752 0.8603
Car -1 -1 -1.6781 635.2982 172.7414 672.9612 201.9697 1.5600 1.6632 4.1981 2.3974 1.5543 40.6453 -1.6200 0.8440
Car -1 -1 2.8006 732.2717 172.8006 880.8322 228.1423 1.6229 1.6404 4.0842 5.9203 1.6217 22.1451 3.0579 0.8386
Car -1 -1 -0.3750 713.6819 175.8911 834.2547 219.8077 1.4569 1.5901 3.7805 5.6343 1.5678 25.1661 -0.1579 0.8382
Car -1 -1 -0.3079 786.3406 175.7919 964.7795 246.6718 1.5890 1.5912 3.6512 6.1381 1.6625 17.0949 0.0306 0.8303
Car -1 -1 -0.5344 821.4204 176.6247 1046.4607 253.8947 1.4224 1.5853 3.8386 6.3364 1.5035 14.4123 -0.1283 0.8280
Car -1 -1 3.3072 433.6670 172.6611 516.4448 205.6960 1.5567 1.6378 3.7109 -6.5081 1.5480 34.8506 3.1236 0.8015
Car -1 -1 0.7757 0.0000 186.5118 222.6323 362.3045 1.4135 1.6300 4.0933 -6.2136 1.5619 6.8814 0.0604 0.7207
Car -1 -1 0.1931 319.5417 152.3160 470.5414 204.8100 1.6410 1.6516 4.4938 -6.9637 0.9993 23.5801 -0.0913 0.6908
