Pedestrian -1 -1 -3.5998 983.8504 118.7452 1056.1664 245.8418 1.7210 0.4230 0.7545 5.6963 0.8864 9.8013 -3.0852 0.3346
Pedestrian -1 -1 0.9015 270.8575 176.6321 326.3593 260.7452 1.6615 0.6208 0.8973 -6.3029 1.5867 14.4491 0.4999 0.2973
Pedestrian -1 -1 3.0880 132.7321 119.8632 207.3336 259.3061 1.8441 0.5886 0.8606 -6.0984 1.0439 9.8302 2.5494 0.1860
Pedestrian -1 -1 1.7667 511.7423 164.5880 519.6904 186.9898 1.9249 0.5430 0.7631 -7.7013 0.5588 61.1489 1.6439 0.1824
Pedestrian -1 -1 -3.0099 982.0132 145.6360 1029.6631 215.8994 1.7716 0.5977 1.0103 10.3751 0.8942 18.3642 -2.5012 0.1700
Cyclist -1 -1 0.8569 874.0004 157.0238 911.0042 195.0829 1.7504 0.5433 1.8449 13.5758 0.6721 33.4739 1.2407 0.6638
Cyclist -1 -1 -3.1201 979.8699 145.5591 1033.1218 217.2842 1.8023 0.6265 1.1826 10.3688 0.9259 18.3309 -2.6110 0.1713
Cyclist -1 -1 0.7136 266.9445 175.4154 328.9588 260.7868 1.6907 0.6294 0.9955 -6.3123 1.5916 14.4495 0.3115 0.1134
Car -1 -1 -0.0174 762.9902 164.7124 884.7767 211.5660 1.5048 1.6628 3.8224 7.3443 0.9993 24.0267 0.2773 0.9357
Car -1 -1 -0.8921 0.0000 205.8338 286.8645 370.0000 1.4838 1.5931 3.8782 -3.1529 1.6744 3.3012 -1.6064 0.8235
Car -1 -1 -1.7383 761.9913 161.7527 799.9453 188.3741 1.5128 1.5988 3.6314 10.4088 0.4488 42.0434 -1.4955 0.3450
Car -1 -1 -1.4676 870.0593 173.9360 908.2375 203.9864 1.5246 1.5290 3.7089 15.2420 1.1930 37.8635 -1.0862 0.2289
Car -1 -1 1.7646 81.4784 180.6448 123.5402 204.0416 1.5265 1.5934 3.9585 -34.2515 1.5381 48.2824 1.1524 0.1816
