Pedestrian -1 -1 -2.6843 201.7022 137.9416 307.1199 286.7210 1.8730 0.4766 1.1287 -4.5658 1.3389 9.1402 -3.1318 0.8729
Pedestrian -1 -1 -1.4863 263.0408 172.6460 302.3749 263.6723 1.6921 0.6037 1.0205 -6.2824 1.5477 13.7194 -1.9052 0.2694
Pedestrian -1 -1 -1.5906 840.9462 174.0433 870.2407 244.3884 1.7161 0.6701 0.8624 6.2472 1.5601 17.7571 -1.2563 0.2007
Pedestrian -1 -1 -2.4802 53.2394 188.6475 94.4862 253.2356 1.8101 0.6925 0.6579 -15.2433 2.0492 20.2545 -3.1164 0.1082
Pedestrian -1 -1 3.1454 75.7195 165.9677 121.4727 260.1403 1.6826 0.5864 0.6752 -9.3906 1.4246 13.0616 2.5355 0.1060
Pedestrian -1 -1 -3.2973 806.3843 177.3105 860.0019 268.6558 1.7697 0.5866 0.9302 4.4809 1.7095 14.0517 -2.9936 0.1038
Cyclist -1 -1 -1.4033 260.6884 171.4216 306.1620 265.1318 1.7325 0.5856 1.3224 -6.2892 1.5663 13.7800 -1.8211 0.1682
Car -1 -1 2.4289 0.0000 187.1620 138.6178 237.4541 1.4491 1.5870 4.2039 -17.7827 1.6900 23.1774 1.7827 0.1360
Car -1 -1 -1.1240 477.3083 141.3962 584.7416 203.3755 1.6458 1.6773 3.7447 -2.1000 0.6090 20.8162 -1.2208 0.1068
Car -1 -1 -0.8411 1139.0499 151.4828 1224.0000 370.0000 1.5247 1.5901 3.9986 6.0989 1.3714 4.6578 0.0465 0.1025
