Pedestrian -1 -1 -2.0173 871.8924 164.4569 898.0508 212.6691 1.7519 0.6324 0.7615 10.0967 1.4471 26.6224 -1.6589 0.2966
Pedestrian -1 -1 -2.1740 870.1043 183.1382 921.7360 261.0815 1.7410 0.7837 0.8205 6.5717 1.9869 16.7343 -1.8068 0.2181
Pedestrian -1 -1 1.0438 989.5271 151.3852 1033.9810 214.7194 1.8662 0.6857 1.1477 12.0985 1.2339 21.8406 1.5437 0.2050
Pedestrian -1 -1 -3.3545 953.9089 161.8431 1005.0937 224.4571 1.7891 0.6690 1.2140 10.7373 1.4748 21.0891 -2.8897 0.1821
Pedestrian -1 -1 -1.7678 607.4392 155.6990 622.1837 191.1555 1.9110 0.6987 0.5922 0.2235 0.9868 39.2430 -1.7625 0.1514
Pedestrian -1 -1 -2.4167 1010.9545 166.3153 1026.2604 192.4551 1.8110 0.7102 0.6139 28.5086 1.3584 50.3936 -1.9047 0.1459
Pedestrian -1 -1 -1.1250 547.4019 152.8771 564.8211 192.9526 1.9650 0.7007 0.5308 -2.7069 0.9859 35.7511 -1.2003 0.1413
Pedestrian -1 -1 0.8587 1086.4650 125.4647 1158.9402 228.4663 1.9034 0.6944 0.9230 9.7545 1.0280 13.8271 1.4630 0.1125
Cyclist -1 -1 0.5797 909.8788 180.6291 952.6274 223.4878 1.7724 0.6342 1.5861 13.7381 2.1156 30.9778 0.9929 0.2783
Car -1 -1 -1.7689 681.8017 186.0643 765.8873 244.0208 1.4522 1.6148 4.0984 3.1685 1.8774 21.1168 -1.6229 0.9609
Car -1 -1 -0.2422 871.3249 186.3073 1058.9604 259.1797 1.5290 1.6693 3.5973 8.0392 1.8634 16.7407 0.1977 0.1259
