Pedestrian -1 -1 1.7478 1167.1632 132.9363 1232.4336 269.6718 1.6714 0.5613 0.5829 7.4845 1.1839 9.2207 2.4139 0.5272
Pedestrian -1 -1 -0.9959 38.2115 182.0999 159.1161 351.9319 1.6727 0.7356 0.7543 -5.3634 1.7746 7.5332 -1.5984 0.3203
Pedestrian -1 -1 1.2678 1096.4471 126.9933 1164.2200 256.2220 1.8102 0.5998 0.7424 7.5346 1.1682 10.5484 1.8747 0.2878
Pedestrian -1 -1 0.4923 834.3246 175.9792 890.5850 271.9806 1.7949 0.7611 0.7704 4.8698 1.8586 14.0644 0.8181 0.2690
Car -1 -1 -0.5244 974.3830 164.1268 1242.0000 263.9876 1.5080 1.6581 4.0134 8.3791 1.3765 11.8758 0.0780 0.9643
Car -1 -1 1.4150 660.7002 175.5193 755.1320 245.0017 1.4909 1.6417 3.9876 2.2186 1.5640 17.6549 1.5371 0.9547
Car -1 -1 1.7302 529.6625 168.3280 576.5076 203.0022 1.6332 1.6862 4.2563 -2.8246 1.4204 36.1719 1.6524 0.9319
Car -1 -1 3.2814 411.0099 173.5914 518.4153 210.7500 1.6022 1.7324 4.4918 -6.4386 1.6364 32.1399 3.0849 0.8829
Car -1 -1 -1.5849 650.2929 164.7437 686.4308 201.3960 1.7136 1.6869 4.0175 2.8195 1.3347 35.7886 -1.5074 0.8373
Car -1 -1 1.7019 559.1619 171.4278 592.2624 197.0199 1.5193 1.5638 3.8696 -2.1201 1.4350 44.8267 1.6545 0.4940
