Car -1 -1 2.0159 198.9210 194.0013 395.8773 294.7065 1.4854 1.6788 4.3628 -5.7408 1.9555 13.8004 1.6278 0.9608
Car -1 -1 -1.8098 724.4007 176.0552 867.5705 270.4113 1.4883 1.6148 3.9993 3.2369 1.5575 13.5217 -1.5807 0.9490
Car -1 -1 -1.9803 787.5363 179.1424 1106.0876 355.8753 1.4511 1.5827 4.0129 3.2918 1.5398 8.1009 -1.6080 0.9456
Car -1 -1 1.3517 682.8416 180.8952 752.8137 232.1147 1.4892 1.4929 3.4701 3.3597 1.7695 23.3261 1.4922 0.9384
Car -1 -1 1.8945 345.1706 190.1387 447.7593 259.3039 1.6157 1.5806 3.6541 -5.7338 2.1311 19.6404 1.6133 0.9200
Car -1 -1 1.8988 431.7241 185.9045 507.4442 229.2500 1.5116 1.6529 4.3142 -5.5349 2.0731 28.7665 1.7098 0.9179
Car -1 -1 -0.6842 1032.7703 157.1225 1242.0000 272.9115 1.4378 1.6013 4.0286 8.1516 1.2428 9.7646 -0.0035 0.8979
Car -1 -1 2.2764 0.0000 202.7972 176.1424 375.0000 1.4673 1.5856 3.9277 -5.9363 1.8205 6.5271 1.5585 0.8733
Car -1 -1 -1.7230 650.6403 177.9497 691.5547 207.5451 1.4432 1.5687 3.7569 3.1107 1.7240 37.7770 -1.6420 0.6983
Car -1 -1 1.4005 668.8234 179.4300 727.5120 218.5013 1.4286 1.6423 4.2412 3.4506 1.7154 29.2694 1.5160 0.6959
Car -1 -1 1.7189 499.0294 179.7747 536.5526 208.8962 1.6433 1.6747 4.0666 -5.5708 2.0829 43.7395 1.5924 0.5796
