Pedestrian -1 -1 -1.5693 914.9569 147.8294 933.0928 193.9255 1.8519 0.6710 0.7123 12.7706 0.8469 29.4440 -1.1638 0.3298
Pedestrian -1 -1 -1.6207 395.1765 153.3200 408.9942 193.7066 1.9403 0.6190 0.5264 -10.1295 1.0022 35.0119 -1.9006 0.3271
Pedestrian -1 -1 -1.8558 973.6649 172.1793 1013.9121 250.3730 1.6408 0.5616 0.7862 8.2247 1.6270 15.5777 -1.3785 0.2898
Pedestrian -1 -1 -1.9040 897.5212 172.7599 915.2105 207.6839 1.7496 0.6430 0.6662 14.9490 1.7453 36.4943 -1.5185 0.2784
Car -1 -1 -1.8248 720.2228 179.9099 884.3225 293.5609 1.5625 1.6529 3.8482 2.9557 1.7002 12.0994 -1.5920 0.9640
Car -1 -1 -1.4572 452.6871 182.1440 523.4153 241.1188 1.5773 1.6772 3.8852 -3.6514 1.8852 21.9018 -1.6212 0.9517
Car -1 -1 -1.7540 656.3617 182.3799 729.1959 234.0586 1.4609 1.6178 3.8092 2.5095 1.7919 23.0784 -1.6478 0.9074
Car -1 -1 -1.7540 688.0998 177.0597 773.2632 244.6945 1.5395 1.5251 3.2635 2.9141 1.6560 18.2792 -1.5993 0.9031
Car -1 -1 -1.6753 632.6237 177.6116 671.9189 209.6222 1.4980 1.5975 3.4281 2.0278 1.7475 36.0341 -1.6201 0.8721
Car -1 -1 2.1593 0.0000 0.0000 328.2080 375.0000 1.8871 1.6974 4.2510 -2.9312 1.4768 3.4408 1.4907 0.8245
Car -1 -1 1.6987 492.7961 158.0872 550.2878 212.4960 2.1697 1.8294 5.1490 -3.7824 1.5812 31.3520 1.5791 0.2385
