Car -1 -1 1.8128 396.8191 190.1303 467.7211 240.6355 1.5659 1.5784 3.7273 -6.2377 2.2219 25.5122 1.5747 0.9335
Car -1 -1 -0.9922 96.6888 203.1284 191.5517 243.1861 1.5278 1.7228 3.8942 -20.8540 2.9711 32.4304 -1.5602 0.9034
Car -1 -1 1.8001 437.1158 189.6016 496.0898 228.4884 1.4741 1.6130 4.0631 -6.1563 2.2460 31.1805 1.6061 0.9009
Car -1 -1 -1.6998 656.0607 176.4124 709.8112 218.4874 1.5659 1.6468 3.9483 2.8364 1.7201 29.1894 -1.6045 0.8934
Car -1 -1 -0.9901 47.1700 204.1329 138.4873 241.6893 1.4679 1.7094 3.5754 -23.6103 2.9795 33.0425 -1.6069 0.8755
Car -1 -1 1.7474 477.5941 181.4508 518.6802 213.3643 1.6097 1.5530 3.9248 -6.0952 2.1036 39.4389 1.5945 0.8167
Car -1 -1 -2.1195 1034.5253 138.4306 1125.8760 179.4366 2.0449 1.8690 4.6978 24.8057 0.3286 38.3484 -1.5488 0.6498
Car -1 -1 -0.8306 0.0000 209.2397 99.0829 247.7624 1.4621 1.7641 3.8247 -25.8104 3.2314 33.0976 -1.4892 0.6456
Car -1 -1 -0.9465 154.2038 197.9500 243.5571 237.3515 1.5142 1.6197 3.6368 -18.1907 2.6950 32.0389 -1.4597 0.5868
Car -1 -1 -1.9011 831.4020 167.8158 873.0022 189.0935 1.5431 1.6626 4.2883 18.1988 1.1780 54.4754 -1.5806 0.4794
