Car -1 -1 -1.7896 715.1935 187.3991 883.3176 304.2147 1.4472 1.6285 4.1012 2.7259 1.7210 11.5043 -1.5639 0.9782
Car -1 -1 -1.3241 315.0561 191.4968 488.3585 310.6480 1.4428 1.5986 4.2476 -3.1276 1.7964 11.5364 -1.5841 0.9458
Car -1 -1 -1.7480 686.8779 189.3279 790.5316 264.1113 1.4466 1.6470 4.0085 2.8154 1.8781 16.8604 -1.5865 0.9414
Car -1 -1 1.9368 24.5727 200.7828 418.9302 375.0000 1.4563 1.5511 3.6078 -2.8363 1.7642 6.1001 1.5168 0.9344
Car -1 -1 -1.7705 658.7861 185.9818 735.5397 240.3032 1.4385 1.5675 3.8214 2.5176 1.8756 22.0296 -1.6591 0.9194
Car -1 -1 -1.5132 495.9805 187.1744 550.2541 235.5230 1.4202 1.5943 3.8033 -2.8972 1.9414 24.2915 -1.6314 0.8971
Car -1 -1 -1.6147 635.0485 181.3218 662.7308 207.4667 1.5215 1.5532 3.7421 2.3616 2.0730 45.0807 -1.5633 0.8692
Car -1 -1 -1.7343 653.0711 176.1432 714.5798 227.5534 1.7361 1.6159 3.9237 2.6005 1.8670 26.6323 -1.6388 0.8417
Car -1 -1 1.6726 527.9597 179.9304 569.2858 217.8477 1.6994 1.5936 4.1833 -2.9757 2.0660 35.2275 1.5884 0.8248
Car -1 -1 1.6812 563.0870 181.8508 586.8100 201.0958 1.5554 1.6400 3.7068 -3.0040 2.3525 61.9908 1.6325 0.6057
