Pedestrian -1 -1 0.1773 593.0668 163.0169 691.8603 309.8581 1.7476 0.7606 1.1297 0.4404 1.5412 8.9074 0.2266 0.7268
Pedestrian -1 -1 -1.6061 841.2328 176.2695 869.7991 244.8420 1.6766 0.6411 0.8609 6.2568 1.5748 17.7883 -1.2719 0.2298
Pedestrian -1 -1 0.5144 54.3303 188.2594 95.5069 251.8589 1.7822 0.6788 0.7007 -15.2307 2.0105 20.2797 -0.1207 0.1194
Pedestrian -1 -1 -3.2900 807.5037 180.4805 860.8222 272.0539 1.7732 0.5884 0.9267 4.4992 1.7745 14.0490 -2.9852 0.1136
Pedestrian -1 -1 -2.3516 190.3979 160.4022 245.5020 252.0221 1.7426 0.5669 0.7740 -7.6084 1.3619 13.8274 -2.8431 0.1122
Pedestrian -1 -1 2.7200 742.1439 162.6899 797.8718 253.6674 1.8020 0.5946 0.9421 3.3085 1.4509 14.3844 2.9429 0.1042
Cyclist -1 -1 -1.5490 862.4392 134.1724 899.2902 243.4587 1.7207 0.5453 1.6791 4.6497 0.9929 12.0079 -1.1864 0.2528
Cyclist -1 -1 1.8646 650.6918 173.1809 708.9447 268.6766 1.6934 0.7810 1.1736 1.3727 1.5652 13.2247 1.9672 0.1028
Car -1 -1 -0.8279 1133.3082 155.0489 1224.0000 370.0000 1.5347 1.5954 4.0452 6.0806 1.4018 4.6492 0.0591 0.1093
Car -1 -1 1.1943 23.4475 184.9646 127.0398 228.2509 1.4645 1.6309 4.2551 -19.6241 1.6424 26.1089 0.5573 0.1054
