Pedestrian -1 -1 -1.4483 403.5622 171.9732 428.0813 227.1612 1.7877 0.6766 0.9761 -6.1651 1.4802 23.7945 -1.7044 0.7457
Pedestrian -1 -1 0.8882 730.4928 153.4563 787.5444 260.2750 1.7940 0.7408 0.6270 2.6994 1.3243 12.5110 1.0910 0.7139
Pedestrian -1 -1 -1.8265 643.2262 198.3222 740.6166 349.6142 1.4759 0.8368 0.7705 0.8806 1.6644 7.5468 -1.7206 0.5513
Pedestrian -1 -1 1.5748 47.2262 186.0490 116.8468 345.6454 1.6644 0.6044 0.6082 -5.7759 1.7187 7.9355 0.9551 0.4850
Pedestrian -1 -1 -1.8960 528.4517 171.5367 553.2260 220.9953 1.7311 0.6466 0.8294 -2.1907 1.3835 25.6501 -1.9856 0.4559
Pedestrian -1 -1 1.9453 753.7306 132.5694 802.8862 225.5844 1.7534 0.6905 0.8169 3.4307 0.8323 14.0705 2.1751 0.4517
Pedestrian -1 -1 1.9645 630.6118 148.2587 693.9861 272.1157 1.7588 0.7146 0.7434 0.8694 1.2881 10.6908 2.0381 0.4295
Pedestrian -1 -1 2.4719 575.9444 167.5143 621.2375 244.3849 1.8018 0.6486 0.8837 -0.1024 1.4752 17.3650 2.4607 0.3908
Pedestrian -1 -1 0.2411 0.0000 189.7775 21.6710 239.8030 1.7152 0.6712 0.7856 -20.9980 2.0128 25.2571 -0.4526 0.3839
Pedestrian -1 -1 0.3989 488.1122 173.5294 507.5677 204.9931 1.8105 0.6117 0.9581 -6.0175 1.3526 41.7471 0.2516 0.3422
Cyclist -1 -1 -1.5399 326.1281 174.4990 348.6372 237.1142 1.6842 0.5463 1.8061 -7.4644 1.4970 20.2617 -1.8940 0.4284
Cyclist -1 -1 1.7888 0.0000 185.2749 62.9965 308.6370 1.6653 0.4966 1.7724 -8.5472 1.7274 10.6554 1.1191 0.2347
Cyclist -1 -1 0.7711 728.1932 153.2511 788.1168 261.2693 1.8091 0.7328 0.7123 2.6887 1.3372 12.5285 0.9728 0.1234
Cyclist -1 -1 -1.4483 403.5622 171.9732 428.0813 227.1612 1.7877 0.6766 0.9761 -6.1651 1.4802 23.7945 -1.7044 0.1128
Cyclist -1 -1 2.7630 575.1297 168.7139 628.5031 246.5551 1.8278 0.6134 1.1433 -0.0278 1.5288 17.3640 2.7560 0.1025
Cyclist -1 -1 1.8913 753.7247 132.8110 803.1855 226.4926 1.7612 0.7019 0.8962 3.4348 0.8471 14.0671 2.1214 0.1007
Car -1 -1 2.0418 0.0000 191.2541 353.0192 374.0000 1.4386 1.6176 4.2557 -3.9865 1.5655 7.0951 1.5393 0.9480
