Pedestrian -1 -1 1.5968 410.5479 172.0423 438.1799 236.3919 1.7682 0.7315 0.8949 -5.2717 1.7463 20.3418 1.3457 0.6069
Cyclist -1 -1 1.6471 580.7515 169.2841 604.7211 228.0679 1.7604 0.6205 1.7401 -0.5701 1.6538 22.4895 1.6212 0.7739
Car -1 -1 3.5946 105.2306 171.8559 381.9839 249.9013 1.4608 1.7026 4.6441 -7.1808 1.4425 14.3625 3.1380 0.9758
Car -1 -1 -1.8182 738.7369 188.7634 931.0205 349.8105 1.5205 1.4300 2.8315 2.4113 1.7402 8.5199 -1.5529 0.9478
Car -1 -1 1.7062 463.6946 172.3772 543.3379 236.7408 1.6532 1.7077 3.9769 -2.9667 1.6413 20.5249 1.5637 0.9314
Car -1 -1 -1.6950 696.3564 182.5525 813.4561 281.4357 1.5143 1.6048 3.6299 2.4626 1.7180 13.2668 -1.5166 0.9257
Car -1 -1 -1.4417 516.6550 179.3976 568.7320 220.8828 1.4995 1.5869 3.7062 -2.6403 1.7759 28.5523 -1.5337 0.8692
Car -1 -1 1.5056 637.1136 176.2142 666.7296 200.5027 1.4412 1.5937 3.9217 2.5612 1.6618 45.3231 1.5613 0.6148
Car -1 -1 -2.9222 405.5863 167.6006 494.1220 206.3984 1.6539 1.6266 3.5123 -6.9993 1.4303 31.5736 -3.1390 0.3528
Car -1 -1 1.7022 571.7128 171.0722 595.2479 190.7761 1.6994 1.5797 4.0693 -2.3531 1.5461 64.3267 1.6655 0.3482
