Cyclist -1 -1 1.6822 499.5622 176.7209 523.1786 231.5041 1.7516 0.5865 1.8066 -3.3257 1.8860 24.1059 1.5459 0.9188
Car -1 -1 -0.4025 750.4869 184.4336 952.4790 254.2392 1.4644 1.5966 4.0671 5.3696 1.7445 16.4437 -0.0930 0.9599
Car -1 -1 3.5557 32.0338 175.8245 343.0432 284.4939 1.6924 1.7522 4.2614 -7.0643 1.7481 12.3695 3.0456 0.9513
Car -1 -1 -0.5774 940.2231 187.2374 1242.0000 334.6375 1.5305 1.6074 3.6783 6.0452 1.7173 8.5014 0.0235 0.9434
Car -1 -1 -1.7130 630.6047 180.7929 679.9600 216.5412 1.4344 1.6062 4.0348 1.8985 1.8092 31.9503 -1.6549 0.9363
Car -1 -1 -0.5393 883.4513 182.9946 1192.2363 295.8022 1.5721 1.6266 3.7993 6.3576 1.7405 11.0808 -0.0308 0.9336
Car -1 -1 3.3843 356.5797 182.8041 481.2545 224.0361 1.4201 1.5863 4.0920 -6.8763 1.7912 26.0640 3.1284 0.9225
Car -1 -1 2.5989 798.1630 185.1737 1057.0933 275.2108 1.5258 1.7000 4.2412 5.8797 1.7795 13.6879 2.9958 0.9081
Car -1 -1 -0.3248 751.5236 173.1937 918.1577 236.8432 1.5821 1.5867 3.8361 5.7267 1.5917 18.7996 -0.0342 0.9029
Car -1 -1 -2.4491 0.0000 189.1237 225.8578 339.7235 1.4333 1.6065 3.9362 -6.6344 1.6294 7.8599 -3.1336 0.8942
Car -1 -1 0.4241 126.1138 152.5522 389.7740 248.2972 1.8584 1.7703 4.5855 -7.1662 1.4647 14.9263 -0.0170 0.8903
Car -1 -1 3.8659 0.0000 186.6095 101.0827 375.0000 1.4032 1.5346 3.8899 -6.3005 1.5228 5.2457 3.0146 0.8052
Car -1 -1 -0.8092 1096.3168 199.4000 1242.0000 375.0000 1.4781 1.6371 4.1188 6.3550 1.7165 5.6264 0.0104 0.6867
