Pedestrian -1 -1 0.1891 974.4858 123.8685 1091.5477 306.2660 1.7792 0.6685 0.9617 4.4965 1.2184 7.5704 0.7046 0.7381
Pedestrian -1 -1 1.7602 652.7519 163.6270 679.0330 225.2608 1.7054 0.6053 0.8132 1.8015 1.2120 20.3467 1.8421 0.7033
Pedestrian -1 -1 -1.9072 567.7188 162.8038 603.5977 232.4231 1.7422 0.6409 0.9537 -0.4481 1.2755 18.5331 -1.9363 0.6847
Pedestrian -1 -1 1.5447 859.5689 136.1876 955.5821 366.7125 1.6480 0.6422 0.8399 2.3179 1.3255 5.6360 1.9130 0.6558
Pedestrian -1 -1 -1.6111 188.0802 202.1139 258.8539 370.9897 1.4897 0.5741 0.6437 -3.6670 1.7001 6.8593 -2.0928 0.6344
Pedestrian -1 -1 -1.6709 615.6489 163.3252 639.7872 228.1429 1.7138 0.5641 0.8424 0.6728 1.2344 19.4304 -1.6420 0.5920
Pedestrian -1 -1 0.3501 626.6199 162.1307 655.4080 228.0526 1.6475 0.5241 0.5913 0.9782 1.1646 18.3054 0.3975 0.5214
Pedestrian -1 -1 -1.9162 599.5433 160.4884 626.1138 211.2328 1.8283 0.6723 1.0063 0.3918 1.0723 26.4648 -1.9067 0.4968
Pedestrian -1 -1 -0.4176 805.7154 139.8519 863.4152 229.3816 1.7824 0.6453 0.9366 4.7140 0.9545 14.6735 -0.1170 0.4739
Pedestrian -1 -1 1.6952 385.3666 171.1994 435.3005 284.6887 1.6668 0.6599 0.6542 -2.9359 1.5168 10.9166 1.4327 0.4469
Pedestrian -1 -1 0.3195 367.6659 197.1028 438.6077 322.0223 1.6103 0.6410 0.7606 -2.7037 1.8293 9.6801 0.0478 0.3948
Pedestrian -1 -1 -2.0826 608.5823 161.8972 626.4791 201.7111 1.8647 0.5863 0.6854 0.7516 0.9475 34.0821 -2.0657 0.3939
Pedestrian -1 -1 -1.2981 297.4191 196.5750 364.5251 327.2365 1.5380 0.6133 0.7055 -3.3879 1.7345 8.9182 -1.6577 0.3828
Pedestrian -1 -1 0.9480 688.1549 138.1772 803.9618 293.3303 1.8039 0.6758 1.5154 1.7586 1.3015 9.1784 1.1265 0.3457
Pedestrian -1 -1 -1.3488 473.2613 165.5226 488.4571 205.1520 1.7656 0.5450 0.6645 -5.4394 1.0547 32.3476 -1.5191 0.3360
Pedestrian -1 -1 3.1596 466.1777 160.6098 532.9708 243.8321 1.7516 0.5045 1.4005 -2.2221 1.3131 15.4555 3.0138 0.2375
Cyclist -1 -1 3.1596 466.1777 160.6098 532.9708 243.8321 1.7516 0.5045 1.4005 -2.2221 1.3131 15.4555 3.0138 0.3354
Cyclist -1 -1 0.9480 688.1549 138.1772 803.9618 293.3303 1.8039 0.6758 1.5154 1.7586 1.3015 9.1784 1.1265 0.2300
Cyclist -1 -1 -1.8616 567.8087 159.4157 602.9539 228.2993 1.7253 0.6538 0.9584 -0.4559 1.1733 18.5470 -1.8911 0.1983
Cyclist -1 -1 -0.4515 802.9416 138.8314 864.6887 230.4904 1.8234 0.6305 1.0262 4.7004 0.9758 14.6770 -0.1519 0.1609
Cyclist -1 -1 -1.9768 598.7083 160.5241 625.9432 211.1733 1.8211 0.6515 1.0073 0.3728 1.0680 26.4158 -1.9679 0.1159
Cyclist -1 -1 -0.0399 977.6126 123.9352 1097.0161 307.9309 1.8035 0.6727 1.0312 4.5039 1.2406 7.5735 0.4761 0.1059
Car -1 -1 1.6528 545.5690 167.4948 573.4509 191.5280 1.5850 1.6104 4.0120 -2.8322 0.6620 49.3930 1.5909 0.8776
Car -1 -1 -0.2851 663.1514 176.2520 820.4651 233.3916 1.4118 1.5508 3.7300 3.5616 1.2834 18.7126 -0.1048 0.3810
